0 0.915 0.7568218298555377 0.044444444444444446 0.052969502407704656
0 0.1661111111111111 0.38764044943820225 0.04 0.04975922953451043
0 0.24444444444444444 0.5762439807383628 0.04111111111111111 0.04975922953451043
0 0.29388888888888887 0.9398073836276083 0.042222222222222223 0.056179775280898875
0 0.6544444444444445 0.4085072231139647 0.04111111111111111 0.04975922953451043
0 0.1711111111111111 0.8507223113964687 0.043333333333333335 0.052969502407704656
0 0.11388888888888889 0.4012841091492777 0.044444444444444446 0.05457463884430177
0 0.10944444444444444 0.78330658105939 0.042222222222222223 0.05457463884430177
0 0.8266666666666667 0.48475120385232745 0.04111111111111111 0.056179775280898875
0 0.06722222222222222 0.45585874799357945 0.043333333333333335 0.051364365971107544
0 0.2238888888888889 0.40930979133226325 0.04 0.048154093097913325
0 0.5944444444444444 0.7648475120385233 0.042222222222222223 0.051364365971107544
0 0.4538888888888889 0.5112359550561798 0.03666666666666667 0.04333868378812199
0 0.09722222222222222 0.2736757624398074 0.04555555555555556 0.0593900481540931
0 0.7083333333333334 0.8170144462279294 0.04111111111111111 0.04975922953451043
0 0.3244444444444444 0.7624398073836276 0.04111111111111111 0.051364365971107544
0 0.7994444444444444 0.28330658105939005 0.04111111111111111 0.052969502407704656
0 0.8938888888888888 0.1709470304975923 0.04555555555555556 0.056179775280898875
0 0.30333333333333334 0.5987158908507223 0.03777777777777778 0.0449438202247191
0 0.12944444444444445 0.5264847512038523 0.04111111111111111 0.04975922953451043
0 0.27166666666666667 0.7768860353130016 0.04 0.052969502407704656
0 0.48333333333333334 0.31380417335473515 0.04666666666666667 0.051364365971107544
0 0.8355555555555556 0.14446227929373998 0.04111111111111111 0.056179775280898875
0 0.5994444444444444 0.8065810593900482 0.04111111111111111 0.052969502407704656
0 0.10388888888888889 0.31942215088282505 0.044444444444444446 0.052969502407704656
0 0.7933333333333333 0.24317817014446227 0.04 0.04975922953451043
0 0.49944444444444447 0.4510433386837881 0.04777777777777778 0.05778491171749599
0 0.6511111111111111 0.7921348314606742 0.043333333333333335 0.051364365971107544
0 0.6594444444444445 0.45024077046548955 0.043333333333333335 0.05778491171749599
0 0.07222222222222222 0.4959871589085072 0.042222222222222223 0.05457463884430177
0 0.5516666666666666 0.7447833065810594 0.023333333333333334 0.02086677367576244
0 0.55 0.7303370786516854 0.023333333333333334 0.019261637239165328
0 0.5477777777777778 0.71669341894061 0.025555555555555557 0.02086677367576244
0 0.7488888888888889 0.29935794542536115 0.03888888888888889 0.048154093097913325
0 0.6266666666666667 0.20465489566613163 0.042222222222222223 0.04975922953451043
0 0.18555555555555556 0.5513643659711075 0.04111111111111111 0.052969502407704656
0 0.8888888888888888 0.5513643659711075 0.04111111111111111 0.051364365971107544
0 0.6661111111111111 0.49357945425361155 0.03888888888888889 0.048154093097913325
0 0.29777777777777775 0.5601926163723917 0.042222222222222223 0.04975922953451043
0 0.7005555555555556 0.35313001605136435 0.042222222222222223 0.051364365971107544
0 0.3277777777777778 0.3812199036918138 0.04111111111111111 0.04975922953451043
0 0.7372222222222222 0.21669341894060995 0.043333333333333335 0.05457463884430177
0 0.3327777777777778 0.42134831460674155 0.042222222222222223 0.04975922953451043
0 0.4444444444444444 0.43258426966292135 0.042222222222222223 0.051364365971107544
0 0.16 0.3434991974317817 0.043333333333333335 0.0593900481540931
0 0.3227777777777778 0.34109149277688605 0.042222222222222223 0.051364365971107544
0 0.7533333333333333 0.3394863563402889 0.043333333333333335 0.051364365971107544
0 0.33944444444444444 0.4622792937399679 0.043333333333333335 0.05457463884430177
0 0.5466666666666666 0.3996789727126806 0.042222222222222223 0.052969502407704656
0 0.7305555555555555 0.17495987158908508 0.04111111111111111 0.05457463884430177
0 0.535 0.3186195826645265 0.043333333333333335 0.052969502407704656
0 0.5977777777777777 0.38443017656500805 0.042222222222222223 0.052969502407704656
0 0.46444444444444444 0.5922953451043339 0.043333333333333335 0.052969502407704656
0 0.31333333333333335 0.6789727126805778 0.04 0.048154093097913325
0 0.8955555555555555 0.593900481540931 0.03888888888888889 0.04975922953451043
0 0.37444444444444447 0.32263242375601925 0.04 0.051364365971107544
0 0.31166666666666665 0.25441412520064205 0.042222222222222223 0.048154093097913325
0 0.8161111111111111 0.4069020866773676 0.042222222222222223 0.056179775280898875
0 0.8333333333333334 0.5272873194221509 0.03888888888888889 0.04654895666131621
0 0.8827777777777778 0.08346709470304976 0.04555555555555556 0.060995184590690206
0 0.6438888888888888 0.3290529695024077 0.03666666666666667 0.04333868378812199
0 0.9016666666666666 0.6348314606741573 0.042222222222222223 0.051364365971107544
0 0.25055555555555553 0.6171749598715891 0.04111111111111111 0.04975922953451043
0 0.8044444444444444 0.32423756019261635 0.04111111111111111 0.04654895666131621
0 0.5838888888888889 0.6861958266452648 0.03888888888888889 0.048154093097913325
0 0.34 0.8884430176565008 0.043333333333333335 0.05778491171749599
0 0.47333333333333333 0.24959871589085073 0.04777777777777778 0.04975922953451043
0 0.20722222222222222 0.28330658105939005 0.04111111111111111 0.056179775280898875
0 0.15444444444444444 0.29775280898876405 0.04111111111111111 0.04975922953451043
0 0.7977777777777778 0.6645264847512039 0.04111111111111111 0.04975922953451043
0 0.635 0.6693418940609952 0.042222222222222223 0.052969502407704656
0 0.6216666666666667 0.16292134831460675 0.042222222222222223 0.051364365971107544
0 0.5733333333333334 0.6019261637239165 0.04 0.048154093097913325
0 0.6766666666666666 0.5738362760834671 0.04111111111111111 0.051364365971107544
0 0.2288888888888889 0.449438202247191 0.04111111111111111 0.052969502407704656
0 0.6405555555555555 0.709470304975923 0.042222222222222223 0.051364365971107544
0 0.26166666666666666 0.6966292134831461 0.04111111111111111 0.04975922953451043
0 0.1661111111111111 0.8097913322632424 0.04111111111111111 0.051364365971107544
0 0.3055555555555556 0.21107544141252008 0.044444444444444446 0.060995184590690206
0 0.2822222222222222 0.8595505617977528 0.044444444444444446 0.05778491171749599
0 0.5294444444444445 0.27447833065810595 0.043333333333333335 0.056179775280898875
0 0.5072222222222222 0.9229534510433387 0.043333333333333335 0.05457463884430177
0 0.5627777777777778 0.5208667736757624 0.04111111111111111 0.04975922953451043
0 0.11944444444444445 0.4438202247191011 0.043333333333333335 0.051364365971107544
0 0.3161111111111111 0.2969502407704655 0.043333333333333335 0.05778491171749599
0 0.8516666666666667 0.26725521669341895 0.04111111111111111 0.051364365971107544
0 0.49722222222222223 0.8378812199036918 0.042222222222222223 0.051364365971107544
0 0.5044444444444445 0.4895666131621188 0.04777777777777778 0.04173354735152488
0 0.15555555555555556 0.7263242375601926 0.042222222222222223 0.03691813804173355
0 0.69 0.27046548956661315 0.043333333333333335 0.038523274478330656
0 0.6066666666666667 0.848314606741573 0.04 0.03531300160513644
0 0.4866666666666667 0.34831460674157305 0.04777777777777778 0.0449438202247191
0 0.39111111111111113 0.4446227929373997 0.04 0.033707865168539325
0 0.6983333333333334 0.7335473515248796 0.04111111111111111 0.03691813804173355
0 0.8216666666666667 0.44703049759229535 0.04 0.03531300160513644
0 0.4688888888888889 0.2158908507223114 0.04888888888888889 0.04173354735152488
0 0.19777777777777777 0.6356340288924559 0.043333333333333335 0.052969502407704656
0 0.10388888888888889 0.7423756019261637 0.035555555555555556 0.04654895666131621
0 0.2761111111111111 0.8178170144462279 0.04111111111111111 0.04654895666131621
0 0.044444444444444446 0.28731942215088285 0.043333333333333335 0.051364365971107544
0 0.06 0.4157303370786517 0.03888888888888889 0.048154093097913325
0 0.21833333333333332 0.3707865168539326 0.04111111111111111 0.051364365971107544
0 0.47833333333333333 0.28170144462279295 0.04777777777777778 0.04173354735152488
0 0.6327777777777778 0.24719101123595505 0.042222222222222223 0.056179775280898875
0 0.29888888888888887 0.9799357945425361 0.043333333333333335 0.04012841091492777
0 0.26555555555555554 0.7351524879614767 0.03666666666666667 0.0449438202247191
0 0.46111111111111114 0.15248796147672553 0.05 0.04975922953451043
0 0.1922222222222222 0.5914927768860353 0.04111111111111111 0.04975922953451043
0 0.5888888888888889 0.7255216693418941 0.04 0.051364365971107544
0 0.17 0.42857142857142855 0.04 0.052969502407704656
0 0.28833333333333333 0.8996789727126806 0.03888888888888889 0.04654895666131621
0 0.25555555555555554 0.6573033707865169 0.04 0.051364365971107544
0 0.6111111111111112 0.891653290529695 0.042222222222222223 0.05778491171749599
0 0.465 0.18619582664526485 0.04777777777777778 0.04654895666131621
0 0.09333333333333334 0.6613162118780096 0.042222222222222223 0.048154093097913325
0 0.7633333333333333 0.42134831460674155 0.042222222222222223 0.051364365971107544
0 0.09833333333333333 0.702247191011236 0.044444444444444446 0.052969502407704656
0 0.6622222222222223 0.8747993579454254 0.043333333333333335 0.048154093097913325
0 0.3522222222222222 0.9703049759229535 0.04 0.04975922953451043
0 0.08888888888888889 0.6219903691813804 0.03888888888888889 0.048154093097913325
0 0.8183333333333334 0.8330658105939005 0.044444444444444446 0.05457463884430177
0 0.49166666666666664 0.37720706260032105 0.04888888888888889 0.048154093097913325
0 0.14666666666666667 0.6452648475120385 0.04111111111111111 0.051364365971107544
0 0.7866666666666666 0.19903691813804172 0.04 0.056179775280898875
0 0.9116666666666666 0.7134831460674157 0.04 0.048154093097913325
0 0.39555555555555555 0.48475120385232745 0.04111111111111111 0.051364365971107544
0 0.8411111111111111 0.1853932584269663 0.04 0.048154093097913325
0 0.6711111111111111 0.5329052969502408 0.03888888888888889 0.048154093097913325
0 0.7133333333333334 0.8579454253611557 0.043333333333333335 0.051364365971107544
0 0.115 0.8274478330658106 0.044444444444444446 0.05778491171749599
0 0.8127777777777778 0.7889245585874799 0.044444444444444446 0.05457463884430177
0 0.3188888888888889 0.7191011235955056 0.04111111111111111 0.05457463884430177
0 0.7027777777777777 0.7736757624398074 0.04111111111111111 0.051364365971107544
0 0.8294444444444444 0.09951845906902086 0.04111111111111111 0.05457463884430177
0 0.08333333333333333 0.5834670947030498 0.042222222222222223 0.052969502407704656
0 0.8083333333333333 0.7471910112359551 0.042222222222222223 0.04975922953451043
0 0.7583333333333333 0.38041733547351525 0.042222222222222223 0.051364365971107544
0 0.6933333333333334 0.695024077046549 0.043333333333333335 0.05457463884430177
0 0.33444444444444443 0.8459069020866774 0.035555555555555556 0.04654895666131621
0 0.07777777777777778 0.5401284109149278 0.042222222222222223 0.051364365971107544
0 0.9211111111111111 0.7985553772070626 0.04777777777777778 0.056179775280898875
0 0.050555555555555555 0.33386837881219905 0.044444444444444446 0.056179775280898875
0 0.8877777777777778 0.12921348314606743 0.043333333333333335 0.051364365971107544
0 0.3461111111111111 0.9317817014446228 0.04111111111111111 0.04975922953451043
0 0.7855555555555556 0.5818619582664526 0.04 0.04975922953451043
0 0.17555555555555555 0.4695024077046549 0.04111111111111111 0.04975922953451043
0 0.15055555555555555 0.6886035313001605 0.044444444444444446 0.05457463884430177
0 0.056666666666666664 0.37479935794542535 0.042222222222222223 0.048154093097913325
0 0.2538888888888889 0.22552166934189405 0.042222222222222223 0.056179775280898875
0 0.9066666666666666 0.6749598715890851 0.04111111111111111 0.04975922953451043
0 0.13944444444444445 0.6067415730337079 0.044444444444444446 0.052969502407704656
0 0.16 0.7672552166934189 0.03777777777777778 0.052969502407704656
0 0.8238888888888889 0.052969502407704656 0.044444444444444446 0.0593900481540931
0 0.7811111111111111 0.5425361155698234 0.04111111111111111 0.051364365971107544
0 0.485 0.7568218298555377 0.04111111111111111 0.0449438202247191
0 0.8377777777777777 0.5674157303370787 0.04111111111111111 0.051364365971107544
0 0.6866666666666666 0.6548956661316212 0.04111111111111111 0.04975922953451043
0 0.135 0.5690208667736758 0.043333333333333335 0.04975922953451043
0 0.6816666666666666 0.6147672552166934 0.04111111111111111 0.051364365971107544
0 0.1811111111111111 0.5096308186195827 0.04111111111111111 0.04975922953451043
0 0.5922222222222222 0.34269662921348315 0.04111111111111111 0.048154093097913325
0 0.6461111111111111 0.7504012841091493 0.04111111111111111 0.052969502407704656
0 0.6938888888888889 0.3097913322632424 0.043333333333333335 0.052969502407704656
0 0.47444444444444445 0.6741573033707865 0.04111111111111111 0.04975922953451043
0 0.6161111111111112 0.11797752808988764 0.043333333333333335 0.05778491171749599
0 0.6838888888888889 0.22712680577849118 0.042222222222222223 0.05457463884430177
0 0.6127777777777778 0.507223113964687 0.04 0.048154093097913325
0 0.48055555555555557 0.71669341894061 0.043333333333333335 0.056179775280898875
0 0.33 0.8041733547351525 0.043333333333333335 0.052969502407704656
0 0.8033333333333333 0.7062600321027287 0.042222222222222223 0.052969502407704656
0 0.7194444444444444 0.08667736757624397 0.042222222222222223 0.05778491171749599
0 0.2338888888888889 0.4911717495987159 0.04111111111111111 0.04975922953451043
0 0.81 0.3635634028892456 0.04111111111111111 0.051364365971107544
0 0.77 0.4606741573033708 0.042222222222222223 0.052969502407704656
0 0.43277777777777776 0.34831460674157305 0.04111111111111111 0.048154093097913325
0 0.6383333333333333 0.29052969502407705 0.04111111111111111 0.05457463884430177
0 0.8722222222222222 0.42937399678972715 0.03888888888888889 0.04975922953451043
0 0.8622222222222222 0.3491171749598716 0.042222222222222223 0.051364365971107544
0 0.7911111111111111 0.622792937399679 0.042222222222222223 0.05457463884430177
0 0.8472222222222222 0.22712680577849118 0.044444444444444446 0.052969502407704656
0 0.10944444444444444 0.36035313001605135 0.044444444444444446 0.052969502407704656
0 0.8672222222222222 0.38924558587479935 0.04 0.04975922953451043
0 0.265 0.3130016051364366 0.042222222222222223 0.051364365971107544
0 0.5572222222222222 0.4823434991974318 0.04111111111111111 0.048154093097913325
0 0.7761111111111111 0.5024077046548957 0.04555555555555556 0.052969502407704656
0 0.5861111111111111 0.30337078651685395 0.04 0.048154093097913325
0 0.5027777777777778 0.8788121990369181 0.042222222222222223 0.051364365971107544
0 0.30833333333333335 0.6380417335473515 0.043333333333333335 0.05457463884430177
0 0.2127777777777778 0.32825040128410915 0.04 0.051364365971107544
0 0.49166666666666664 0.7961476725521669 0.042222222222222223 0.052969502407704656
0 0.6561111111111111 0.833868378812199 0.043333333333333335 0.05457463884430177
0 0.8844444444444445 0.5112359550561798 0.04111111111111111 0.04975922953451043
0 0.4266666666666667 0.3073836276083467 0.043333333333333335 0.05457463884430177
0 0.2861111111111111 0.4767255216693419 0.04111111111111111 0.04975922953451043
0 0.6477777777777778 0.36918138041733545 0.03777777777777778 0.04975922953451043
0 0.4483333333333333 0.47431781701444625 0.03777777777777778 0.048154093097913325
0 0.1238888888888889 0.48635634028892455 0.043333333333333335 0.05457463884430177
0 0.2588888888888889 0.2696629213483146 0.042222222222222223 0.052969502407704656
0 0.8572222222222222 0.30818619582664525 0.043333333333333335 0.051364365971107544
0 0.5772222222222222 0.6436597110754414 0.04111111111111111 0.056179775280898875
0 0.7433333333333333 0.26003210272873195 0.04111111111111111 0.052969502407704656
0 0.40166666666666667 0.5280898876404494 0.04555555555555556 0.056179775280898875
0 0.2916666666666667 0.5192616372391653 0.043333333333333335 0.052969502407704656
0 0.7255555555555555 0.13081861958266452 0.042222222222222223 0.051364365971107544
0 0.28055555555555556 0.4373996789727127 0.04111111111111111 0.051364365971107544
0 0.4688888888888889 0.6340288924558587 0.04111111111111111 0.051364365971107544
0 0.38 0.3635634028892456 0.04111111111111111 0.051364365971107544
0 0.5511111111111111 0.442215088282504 0.03888888888888889 0.048154093097913325
0 0.23944444444444443 0.5353130016051364 0.043333333333333335 0.056179775280898875
0 0.8783333333333333 0.47030497592295345 0.042222222222222223 0.051364365971107544
0 0.8444444444444444 0.6099518459069021 0.042222222222222223 0.056179775280898875
0 0.4388888888888889 0.3900481540930979 0.03888888888888889 0.052969502407704656
0 0.27 0.3547351524879615 0.043333333333333335 0.052969502407704656
0 0.6288888888888889 0.6276083467094703 0.04111111111111111 0.051364365971107544
0 0.5405555555555556 0.3595505617977528 0.04111111111111111 0.04975922953451043
0 0.6188888888888889 0.5449438202247191 0.04111111111111111 0.052969502407704656
0 0.5816666666666667 0.26324237560192615 0.04111111111111111 0.052969502407704656
0 0.6022222222222222 0.42696629213483145 0.04 0.04975922953451043
0 0.6244444444444445 0.5874799357945425 0.04111111111111111 0.04975922953451043
0 0.3861111111111111 0.4085072231139647 0.042222222222222223 0.056179775280898875
0 0.5677777777777778 0.5609951845906902 0.044444444444444446 0.05457463884430177
0 0.4583333333333333 0.550561797752809 0.04111111111111111 0.04975922953451043
0 0.275 0.3956661316211878 0.04111111111111111 0.04975922953451043
0 0.7061111111111111 0.39646869983948635 0.042222222222222223 0.052969502407704656
0 0.6088888888888889 0.46709470304975925 0.042222222222222223 0.051364365971107544