0 0.3472222222222222 0.9457236842105263 0.042222222222222223 0.05592105263157895
0 0.2061111111111111 0.296875 0.04111111111111111 0.05756578947368421
0 0.6694444444444444 0.28125 0.04 0.05592105263157895
0 0.3516666666666667 0.2138157894736842 0.04111111111111111 0.06578947368421052
0 0.6977777777777778 0.484375 0.03888888888888889 0.05263157894736842
0 0.5594444444444444 0.21710526315789475 0.04111111111111111 0.05592105263157895
0 0.8611111111111112 0.15213815789473684 0.043333333333333335 0.05921052631578947
0 0.4305555555555556 0.4194078947368421 0.04 0.054276315789473686
0 0.8444444444444444 0.4128289473684211 0.04 0.054276315789473686
0 0.4077777777777778 0.24917763157894737 0.04 0.05756578947368421
0 0.7766666666666666 0.296875 0.03888888888888889 0.05756578947368421
0 0.8372222222222222 0.37006578947368424 0.042222222222222223 0.05756578947368421
0 0.14944444444444444 0.26151315789473684 0.042222222222222223 0.0625
0 0.8261111111111111 0.2902960526315789 0.042222222222222223 0.05756578947368421
0 0.52 0.31661184210526316 0.03888888888888889 0.05592105263157895
0 0.22166666666666668 0.42351973684210525 0.03888888888888889 0.05098684210526316
0 0.855 0.4909539473684211 0.04 0.054276315789473686
0 0.855 0.10444078947368421 0.042222222222222223 0.06414473684210527
0 0.4477777777777778 0.5427631578947368 0.04111111111111111 0.05756578947368421
0 0.2388888888888889 0.5501644736842105 0.04111111111111111 0.05921052631578947
0 0.2961111111111111 0.5764802631578947 0.04111111111111111 0.05263157894736842
0 0.6644444444444444 0.23684210526315788 0.03888888888888889 0.05756578947368421
0 0.2338888888888889 0.5082236842105263 0.04 0.054276315789473686
0 0.8605555555555555 0.5337171052631579 0.04111111111111111 0.05921052631578947
0 0.7322222222222222 0.7351973684210527 0.04 0.05592105263157895
0 0.7144444444444444 0.609375 0.04 0.054276315789473686
0 0.12111111111111111 0.4465460526315789 0.043333333333333335 0.05756578947368421
0 0.08777777777777777 0.5830592105263158 0.042222222222222223 0.05592105263157895
0 0.5872222222222222 0.4284539473684211 0.03888888888888889 0.05756578947368421
0 0.8661111111111112 0.19490131578947367 0.04111111111111111 0.05592105263157895
0 0.37 0.34786184210526316 0.04 0.05756578947368421
0 0.40166666666666667 0.20394736842105263 0.04111111111111111 0.0625
0 0.08166666666666667 0.5419407894736842 0.042222222222222223 0.05592105263157895
0 0.6872222222222222 0.40542763157894735 0.042222222222222223 0.05592105263157895
0 0.11611111111111111 0.4037828947368421 0.04111111111111111 0.05592105263157895
0 0.8833333333333333 0.6998355263157895 0.04111111111111111 0.05921052631578947
0 0.41333333333333333 0.2944078947368421 0.03888888888888889 0.05756578947368421
0 0.5927777777777777 0.4712171052631579 0.042222222222222223 0.05921052631578947
0 0.3238888888888889 0.7828947368421053 0.042222222222222223 0.05592105263157895
0 0.44166666666666665 0.5008223684210527 0.04 0.054276315789473686
0 0.31777777777777777 0.740953947368421 0.042222222222222223 0.05592105263157895
0 0.4361111111111111 0.4597039473684211 0.03777777777777778 0.05263157894736842
0 0.5761111111111111 0.3470394736842105 0.04111111111111111 0.05592105263157895
0 0.7433333333333333 0.8149671052631579 0.04111111111111111 0.05592105263157895
0 0.18333333333333332 0.5197368421052632 0.04 0.05592105263157895
0 0.07111111111111111 0.4605263157894737 0.042222222222222223 0.05592105263157895
0 0.47444444444444445 0.3470394736842105 0.04777777777777778 0.05756578947368421
0 0.6911111111111111 0.4449013157894737 0.04111111111111111 0.054276315789473686
0 0.7377777777777778 0.774671052631579 0.03888888888888889 0.05263157894736842
0 0.9227777777777778 0.6036184210526315 0.04111111111111111 0.05756578947368421
0 0.8716666666666667 0.6151315789473685 0.04 0.054276315789473686
0 0.24944444444444444 0.9925986842105263 0.042222222222222223 0.014802631578947368
0 0.8883333333333333 0.36101973684210525 0.04 0.05263157894736842
0 0.24388888888888888 0.9720394736842105 0.042222222222222223 0.05592105263157895
0 0.22722222222222221 0.8495065789473685 0.04111111111111111 0.05756578947368421
0 0.30777777777777776 0.6587171052631579 0.04111111111111111 0.054276315789473686
0 0.8316666666666667 0.3314144736842105 0.04111111111111111 0.047697368421052634
0 0.895 0.4004934210526316 0.04 0.054276315789473686
0 0.8661111111111112 0.5756578947368421 0.035555555555555556 0.05098684210526316
0 0.2677777777777778 0.37088815789473684 0.03888888888888889 0.05098684210526316
0 0.33555555555555555 0.8626644736842105 0.042222222222222223 0.05592105263157895
0 0.04833333333333333 0.28207236842105265 0.042222222222222223 0.06085526315789474
0 0.6594444444444445 0.19490131578947367 0.03777777777777778 0.05263157894736842
0 0.3011111111111111 0.6175986842105263 0.043333333333333335 0.05756578947368421
0 0.8766666666666667 0.65625 0.04 0.054276315789473686
0 0.285 0.4942434210526316 0.04111111111111111 0.05098684210526316
0 0.21722222222222223 0.7689144736842105 0.04 0.05592105263157895
0 0.09444444444444444 0.6258223684210527 0.043333333333333335 0.05756578947368421
0 0.21055555555555555 0.725328947368421 0.042222222222222223 0.05756578947368421
0 0.2061111111111111 0.6842105263157895 0.04 0.054276315789473686
0 0.1661111111111111 0.3939144736842105 0.03777777777777778 0.054276315789473686
0 0.27944444444444444 0.4564144736842105 0.042222222222222223 0.05592105263157895
0 0.065 0.4144736842105263 0.04111111111111111 0.05921052631578947
0 0.10555555555555556 0.31661184210526316 0.03888888888888889 0.06085526315789474
0 0.9 0.8199013157894737 0.04111111111111111 0.05921052631578947
0 0.9344444444444444 0.6875 0.04111111111111111 0.05592105263157895
0 0.9116666666666666 0.522203947368421 0.03888888888888889 0.054276315789473686
0 0.46444444444444444 0.2787828947368421 0.04888888888888889 0.05756578947368421
0 0.3283333333333333 0.8223684210526315 0.042222222222222223 0.05592105263157895
0 0.22166666666666668 0.8083881578947368 0.04 0.05098684210526316
0 0.23944444444444443 0.9292763157894737 0.04 0.05592105263157895
0 0.11055555555555556 0.3626644736842105 0.04 0.054276315789473686
0 0.7883333333333333 0.3807565789473684 0.03666666666666667 0.05263157894736842
0 0.19944444444444445 0.6430921052631579 0.04111111111111111 0.05592105263157895
0 0.2338888888888889 0.8898026315789473 0.03888888888888889 0.05263157894736842
0 0.3527777777777778 0.9810855263157895 0.042222222222222223 0.03782894736842105
0 0.18888888888888888 0.5625 0.04 0.054276315789473686
0 0.9055555555555556 0.48026315789473684 0.04 0.054276315789473686
0 0.28944444444444445 0.5337171052631579 0.04111111111111111 0.05756578947368421
0 0.8994444444444445 0.4407894736842105 0.04111111111111111 0.054276315789473686
0 0.06 0.3725328947368421 0.04 0.05098684210526316
0 0.31222222222222223 0.6990131578947368 0.04111111111111111 0.05592105263157895
0 0.9161111111111111 0.5616776315789473 0.04 0.05098684210526316
0 0.11444444444444445 0.790296052631579 0.04 0.054276315789473686
0 0.8727777777777778 0.23519736842105263 0.03888888888888889 0.05263157894736842
0 0.9288888888888889 0.6463815789473685 0.04 0.054276315789473686
0 0.45 0.17927631578947367 0.052222222222222225 0.05592105263157895
0 0.3411111111111111 0.9037828947368421 0.04111111111111111 0.054276315789473686
0 0.8822222222222222 0.3190789473684211 0.04111111111111111 0.05756578947368421
0 0.5433333333333333 0.7804276315789473 0.025555555555555557 0.027960526315789474
0 0.47888888888888886 0.37911184210526316 0.04666666666666667 0.044407894736842105
0 0.54 0.7574013157894737 0.02666666666666667 0.03453947368421053
0 0.48333333333333334 0.4095394736842105 0.04777777777777778 0.049342105263157895
0 0.17722222222222223 0.4769736842105263 0.04 0.05263157894736842
0 0.1322222222222222 0.9111842105263158 0.04 0.05592105263157895
0 0.455 0.2138157894736842 0.05 0.054276315789473686
0 0.13722222222222222 0.953125 0.04111111111111111 0.05592105263157895
0 0.46 0.2450657894736842 0.05444444444444444 0.049342105263157895
0 0.9511111111111111 0.8092105263157895 0.04 0.05263157894736842
0 0.4688888888888889 0.3125 0.04777777777777778 0.047697368421052634
0 0.7038888888888889 0.5263157894736842 0.042222222222222223 0.05756578947368421
0 0.8777777777777778 0.27631578947368424 0.043333333333333335 0.05756578947368421
0 0.105 0.709703947368421 0.04 0.054276315789473686
0 0.675 0.3223684210526316 0.04111111111111111 0.05592105263157895
0 0.12666666666666668 0.8717105263157895 0.04111111111111111 0.05263157894736842
0 0.055 0.32894736842105265 0.044444444444444446 0.06085526315789474
0 0.25722222222222224 0.2845394736842105 0.04111111111111111 0.05921052631578947
0 0.14277777777777778 0.9835526315789473 0.04 0.03289473684210526
0 0.35777777777777775 0.26398026315789475 0.043333333333333335 0.05756578947368421
0 0.94 0.7294407894736842 0.04111111111111111 0.05592105263157895
0 0.9055555555555556 0.8634868421052632 0.03888888888888889 0.054276315789473686
0 0.9444444444444444 0.7697368421052632 0.04 0.054276315789473686
0 0.09944444444444445 0.6669407894736842 0.044444444444444446 0.05756578947368421
0 0.07611111111111112 0.5008223684210527 0.04111111111111111 0.05263157894736842
0 0.7266666666666667 0.694078947368421 0.04 0.054276315789473686
0 0.10944444444444444 0.75 0.042222222222222223 0.05592105263157895
0 0.8888888888888888 0.7401315789473685 0.03777777777777778 0.05263157894736842
0 0.9577777777777777 0.8536184210526315 0.04666666666666667 0.06414473684210527
0 0.12111111111111111 0.8322368421052632 0.043333333333333335 0.05592105263157895
0 0.15555555555555556 0.30838815789473684 0.04 0.05756578947368421
0 0.8944444444444445 0.7771381578947368 0.04 0.054276315789473686
0 0.1938888888888889 0.6019736842105263 0.04 0.05592105263157895
0 0.755 0.8988486842105263 0.042222222222222223 0.04276315789473684
0 0.4988888888888889 0.5279605263157895 0.04555555555555556 0.047697368421052634
0 0.7705555555555555 0.2532894736842105 0.03777777777777778 0.04111842105263158
0 0.7494444444444445 0.8585526315789473 0.042222222222222223 0.05921052631578947
0 0.36277777777777775 0.3059210526315789 0.03888888888888889 0.054276315789473686
0 0.5811111111111111 0.3873355263157895 0.03777777777777778 0.05263157894736842
0 0.2733333333333333 0.4120065789473684 0.04 0.05592105263157895
0 0.3005555555555556 0.22697368421052633 0.04111111111111111 0.06414473684210527
0 0.22777777777777777 0.46463815789473684 0.04 0.06085526315789474
0 0.49166666666666664 0.484375 0.04777777777777778 0.0625
0 0.8205555555555556 0.24588815789473684 0.04111111111111111 0.05756578947368421
0 0.6816666666666666 0.36430921052631576 0.04 0.05592105263157895
0 0.42 0.3363486842105263 0.04 0.05756578947368421
0 0.16111111111111112 0.3511513157894737 0.03888888888888889 0.05592105263157895
0 0.8494444444444444 0.45230263157894735 0.03888888888888889 0.05263157894736842
0 0.30666666666666664 0.2746710526315789 0.043333333333333335 0.05921052631578947
0 0.7211111111111111 0.6521381578947368 0.04 0.05592105263157895
0 0.7094444444444444 0.5674342105263158 0.043333333333333335 0.05756578947368421
0 0.5266666666666666 0.36019736842105265 0.04 0.054276315789473686
0 0.5516666666666666 0.17023026315789475 0.042222222222222223 0.0625
0 0.17166666666666666 0.4350328947368421 0.04 0.054276315789473686
0 0.7816666666666666 0.3404605263157895 0.03888888888888889 0.05921052631578947
0 0.21222222222222223 0.3412828947368421 0.03888888888888889 0.05592105263157895
0 0.5316666666666666 0.3996710526315789 0.04111111111111111 0.05592105263157895
0 0.6083333333333333 0.20394736842105263 0.03888888888888889 0.06085526315789474
0 0.4255555555555556 0.3782894736842105 0.03888888888888889 0.054276315789473686
0 0.7211111111111111 0.27055921052631576 0.042222222222222223 0.05592105263157895
0 0.71 0.18503289473684212 0.04 0.054276315789473686
0 0.25055555555555553 0.24095394736842105 0.042222222222222223 0.06085526315789474
0 0.7266666666666667 0.31085526315789475 0.04111111111111111 0.054276315789473686
0 0.5705555555555556 0.3050986842105263 0.04 0.05592105263157895
0 0.21722222222222223 0.3840460526315789 0.04 0.05592105263157895
0 0.7327777777777778 0.3536184210526316 0.042222222222222223 0.05921052631578947
0 0.6205555555555555 0.29523026315789475 0.04111111111111111 0.05592105263157895
0 0.5638888888888889 0.26069078947368424 0.04111111111111111 0.05921052631578947
0 0.2633333333333333 0.3305921052631579 0.04 0.05592105263157895
0 0.6144444444444445 0.25 0.04111111111111111 0.05756578947368421
0 0.6527777777777778 0.14967105263157895 0.043333333333333335 0.06578947368421052
0 0.7038888888888889 0.13733552631578946 0.043333333333333335 0.06743421052631579
0 0.7155555555555555 0.22779605263157895 0.042222222222222223 0.05756578947368421
0 0.5138888888888888 0.2722039473684211 0.04111111111111111 0.05756578947368421
0 0.5094444444444445 0.2294407894736842 0.04 0.054276315789473686
0 0.5033333333333333 0.18174342105263158 0.04111111111111111 0.06578947368421052