0 0.582 0.6166407465007776 0.034666666666666665 0.038880248833592534
0 0.7286666666666667 0.6469673405909798 0.03333333333333333 0.03732503888024884
0 0.802 0.5155520995334371 0.04533333333333334 0.04665629860031104
0 0.634 0.7511664074650077 0.034666666666666665 0.03732503888024884
0 0.5746666666666667 0.5793157076205288 0.03333333333333333 0.041990668740279936
0 0.316 0.46967340590979784 0.042666666666666665 0.04354587869362364
0 0.7993333333333333 0.8141524105754276 0.048 0.04665629860031104
0 0.294 0.6609642301710731 0.042666666666666665 0.04354587869362364
0 0.7353333333333333 0.6842923794712286 0.034666666666666665 0.04043545878693624
0 0.47333333333333333 0.7216174183514774 0.04533333333333334 0.04821150855365474
0 0.676 0.5132192846034215 0.034666666666666665 0.038880248833592534
0 0.452 0.6135303265940902 0.042666666666666665 0.04510108864696734
0 0.20466666666666666 0.8009331259720062 0.04666666666666667 0.04821150855365474
0 0.084 0.45878693623639194 0.04533333333333334 0.04510108864696734
0 0.8293333333333334 0.35769828926905134 0.04666666666666667 0.04665629860031104
0 0.614 0.7916018662519441 0.036 0.04043545878693624
0 0.5553333333333333 0.6951788491446346 0.04 0.04354587869362364
0 0.27466666666666667 0.5536547433903577 0.042666666666666665 0.041990668740279936
0 0.374 0.7877138413685848 0.042666666666666665 0.04354587869362364
0 0.2653333333333333 0.8203732503888025 0.04 0.041990668740279936
0 0.816 0.2884914463452566 0.044 0.04510108864696734
0 0.3233333333333333 0.5038880248833593 0.04666666666666667 0.049766718506998445
0 0.7426666666666667 0.7200622083981337 0.036 0.04043545878693624
0 0.614 0.645412130637636 0.036 0.04043545878693624
0 0.484 0.30404354587869364 0.04133333333333333 0.04510108864696734
0 0.61 0.31026438569206843 0.037333333333333336 0.041990668740279936
0 0.578 0.28149300155520995 0.03333333333333333 0.03732503888024884
0 0.794 0.7799377916018663 0.044 0.04665629860031104
0 0.7633333333333333 0.30171073094867806 0.044 0.04510108864696734
0 0.362 0.7177293934681181 0.042666666666666665 0.04354587869362364
0 0.22066666666666668 0.5707620528771384 0.044 0.04354587869362364
0 0.786 0.7441679626749611 0.042666666666666665 0.04510108864696734
0 0.6033333333333334 0.3483670295489891 0.044 0.04354587869362364
0 0.29733333333333334 0.3608087091757387 0.04533333333333334 0.04510108864696734
0 0.5946666666666667 0.6858475894245724 0.03333333333333333 0.038880248833592534
0 0.6046666666666667 0.2744945567651633 0.034666666666666665 0.038880248833592534
0 0.5566666666666666 0.3989113530326594 0.04 0.041990668740279936
0 0.486 0.7923794712286159 0.04533333333333334 0.04665629860031104
0 0.16666666666666666 0.5863141524105754 0.042666666666666665 0.041990668740279936
0 0.874 0.6073094867807154 0.04533333333333334 0.04665629860031104
0 0.47933333333333333 0.7573872472783826 0.04666666666666667 0.04665629860031104
0 0.42933333333333334 0.7752721617418351 0.04133333333333333 0.04354587869362364
0 0.588 0.5023328149300156 0.034666666666666665 0.03732503888024884
0 0.08866666666666667 0.4937791601866252 0.04533333333333334 0.04665629860031104
0 0.49133333333333334 0.34136858475894244 0.037333333333333336 0.038880248833592534
0 0.23933333333333334 0.6765163297045101 0.042666666666666665 0.041990668740279936
0 0.8486666666666667 0.4642301710730949 0.04666666666666667 0.04665629860031104
0 0.22333333333333333 0.9043545878693624 0.04666666666666667 0.049766718506998445
0 0.842 0.42923794712286156 0.048 0.049766718506998445
0 0.686 0.8079315707620529 0.04 0.04043545878693624
0 0.13733333333333334 0.7457231726283048 0.04666666666666667 0.04821150855365474
0 0.392 0.8950233281493002 0.04533333333333334 0.04665629860031104
0 0.23 0.9401244167962675 0.044 0.04510108864696734
0 0.6966666666666667 0.24805598755832037 0.044 0.04510108864696734
0 0.156 0.8522550544323484 0.04666666666666667 0.049766718506998445
0 0.14 0.4432348367029549 0.04533333333333334 0.04665629860031104
0 0.6806666666666666 0.776049766718507 0.042666666666666665 0.04354587869362364
0 0.8613333333333333 0.5342146189735615 0.042666666666666665 0.04354587869362364
0 0.6073333333333333 0.7573872472783826 0.036 0.04354587869362364
0 0.144 0.7822706065318819 0.04666666666666667 0.04821150855365474
0 0.43333333333333335 0.27216174183514774 0.04 0.041990668740279936
0 0.81 0.2527216174183515 0.04666666666666667 0.04821150855365474
0 0.14666666666666667 0.4782270606531882 0.04133333333333333 0.04354587869362364
0 0.292 0.9626749611197511 0.04533333333333334 0.04665629860031104
0 0.304 0.39580093312597203 0.04 0.04354587869362364
0 0.5306666666666666 0.776049766718507 0.029333333333333333 0.03265940902021773
0 0.3333333333333333 0.8771384136858476 0.048 0.049766718506998445
0 0.24466666666666667 0.7115085536547434 0.048 0.05132192846034215
0 0.906 0.78149300155521 0.044 0.04665629860031104
0 0.292 0.3250388802488336 0.04133333333333333 0.03421461897356143
0 0.5853333333333334 0.8732503888024883 0.042666666666666665 0.03576982892690513
0 0.464 0.4447900466562986 0.034666666666666665 0.038880248833592534
0 0.47933333333333333 0.27060653188180406 0.03866666666666667 0.03110419906687403
0 0.43933333333333335 0.3024883359253499 0.03866666666666667 0.04043545878693624
0 0.6633333333333333 0.3701399688958009 0.04666666666666667 0.04821150855365474
0 0.642 0.562208398133748 0.04533333333333334 0.04821150855365474
0 0.36933333333333335 0.45412130637636083 0.048 0.049766718506998445
0 0.4093333333333333 0.3701399688958009 0.044 0.04821150855365474
0 0.5486666666666666 0.3654743390357698 0.04666666666666667 0.04821150855365474
0 0.43133333333333335 0.2534992223950233 0.032 0.015552099533437015
0 0.4013333333333333 0.932348367029549 0.048 0.05132192846034215
0 0.49733333333333335 0.3771384136858476 0.04666666666666667 0.049766718506998445
0 0.3473333333333333 0.9486780715396579 0.044 0.05132192846034215
0 0.454 0.37558320373250387 0.042666666666666665 0.05132192846034215
0 0.4593333333333333 0.4097978227060653 0.036 0.038880248833592534
0 0.7433333333333333 0.49455676516329705 0.04533333333333334 0.04510108864696734
0 0.4226666666666667 0.73950233281493 0.04533333333333334 0.04821150855365474
0 0.6086666666666667 0.6104199066874028 0.03866666666666667 0.04510108864696734
0 0.39666666666666667 0.5956454121306376 0.04666666666666667 0.04665629860031104
0 0.6293333333333333 0.48989113530326595 0.048 0.049766718506998445
0 0.15333333333333332 0.5163297045101088 0.04933333333333333 0.05443234836702955
0 0.6233333333333333 0.45412130637636083 0.044 0.04354587869362364
0 0.654 0.6314152410575428 0.042666666666666665 0.04821150855365474
0 0.5046666666666667 0.4152410575427683 0.04533333333333334 0.04665629860031104
0 0.3546666666666667 0.6827371695178849 0.04533333333333334 0.04821150855365474
0 0.716 0.3538102643856921 0.04533333333333334 0.04665629860031104
0 0.186 0.6936236391912908 0.04666666666666667 0.04821150855365474
0 0.7353333333333333 0.4603421461897356 0.044 0.04665629860031104
0 0.2613333333333333 0.4821150855365474 0.04533333333333334 0.04821150855365474
0 0.708 0.5427682737169518 0.036 0.041990668740279936
0 0.5373333333333333 0.291601866251944 0.04533333333333334 0.04821150855365474
0 0.702 0.505443234836703 0.034666666666666665 0.04043545878693624
0 0.616 0.4199066874027994 0.044 0.04354587869362364
0 0.728 0.4237947122861586 0.044 0.04665629860031104
0 0.568 0.7706065318818041 0.044 0.04665629860031104
0 0.656 0.3343701399688958 0.044 0.04510108864696734
0 0.7893333333333333 0.44245723172628304 0.044 0.04665629860031104
0 0.674 0.7402799377916018 0.04 0.04510108864696734
0 0.25933333333333336 0.7846034214618973 0.04666666666666667 0.049766718506998445
0 0.42 0.4385692068429238 0.044 0.04821150855365474
0 0.548 0.6594090202177294 0.042666666666666665 0.04665629860031104
0 0.28733333333333333 0.6267496111975117 0.04666666666666667 0.04665629860031104
0 0.692 0.8413685847589425 0.044 0.04821150855365474
0 0.5306666666666666 0.5567651632970451 0.044 0.04510108864696734
0 0.762 0.6003110419906688 0.04533333333333334 0.04665629860031104
0 0.6026666666666667 0.573094867807154 0.036 0.041990668740279936
0 0.382 0.5241057542768274 0.04666666666666667 0.04821150855365474
0 0.668 0.7037325038880249 0.04133333333333333 0.04510108864696734
0 0.35 0.34603421461897355 0.04533333333333334 0.04821150855365474
0 0.5433333333333333 0.32892690513219286 0.04533333333333334 0.04510108864696734
0 0.6093333333333333 0.38413685847589424 0.048 0.04665629860031104
0 0.342 0.6104199066874028 0.04533333333333334 0.04510108864696734
0 0.6433333333333333 0.26049766718507 0.044 0.04665629860031104
0 0.622 0.6804043545878694 0.037333333333333336 0.041990668740279936
0 0.562 0.7332814930015552 0.04666666666666667 0.04821150855365474
0 0.4013333333333333 0.6314152410575428 0.044 0.04510108864696734
0 0.42733333333333334 0.4758942457231726 0.044 0.04665629860031104
0 0.6346666666666667 0.5272161741835147 0.042666666666666665 0.04510108864696734
0 0.46066666666666667 0.6508553654743391 0.04666666666666667 0.04821150855365474
0 0.408 0.666407465007776 0.04533333333333334 0.04665629860031104
0 0.6413333333333333 0.7846034214618973 0.036 0.041990668740279936
0 0.4026666666666667 0.3320373250388802 0.04133333333333333 0.04510108864696734
0 0.2 0.46267496111975115 0.04533333333333334 0.04821150855365474
0 0.7753333333333333 0.6741835147744946 0.04533333333333334 0.04665629860031104
0 0.8153333333333334 0.5863141524105754 0.04533333333333334 0.04665629860031104
0 0.7106666666666667 0.31804043545878696 0.04533333333333334 0.04510108864696734
0 0.5813333333333334 0.46734059097978226 0.036 0.04354587869362364
0 0.31933333333333336 0.8048211508553654 0.044 0.04354587869362364
0 0.27066666666666667 0.854587869362364 0.044 0.04510108864696734
0 0.7686666666666667 0.6368584758942457 0.042666666666666665 0.04510108864696734
0 0.822 0.322706065318818 0.04533333333333334 0.04510108864696734
0 0.542 0.6251944012441679 0.04133333333333333 0.03421461897356143
0 0.3 0.6982892690513219 0.04666666666666667 0.04665629860031104
0 0.9006666666666666 0.7465007776049767 0.04666666666666667 0.04821150855365474
0 0.6506666666666666 0.2978227060653188 0.04533333333333334 0.049766718506998445
0 0.49933333333333335 0.8615863141524106 0.04533333333333334 0.04665629860031104
0 0.42866666666666664 0.23716951788491447 0.03866666666666667 0.03732503888024884
0 0.696 0.47200622083981336 0.03333333333333333 0.03576982892690513
0 0.6893333333333334 0.5839813374805599 0.034666666666666665 0.04043545878693624
0 0.10266666666666667 0.567651632970451 0.048 0.04665629860031104
0 0.16866666666666666 0.921461897356143 0.042666666666666665 0.04043545878693624
0 0.3406666666666667 0.9129082426127527 0.042666666666666665 0.041990668740279936
0 0.12333333333333334 0.6710730948678072 0.044 0.04510108864696734
0 0.424 0.208398133748056 0.03866666666666667 0.03732503888024884
0 0.6713333333333333 0.4797822706065319 0.030666666666666665 0.03576982892690513
0 0.182 0.9860031104199067 0.04533333333333334 0.027993779160186624
0 0.24933333333333332 0.4121306376360809 0.044 0.04665629860031104
0 0.284 0.9284603421461898 0.04533333333333334 0.04665629860031104
0 0.11066666666666666 0.6010886469673405 0.044 0.04354587869362364
0 0.854 0.7962674961119751 0.04533333333333334 0.04510108864696734
0 0.8933333333333333 0.7091757387247278 0.04666666666666667 0.04665629860031104
0 0.194 0.4284603421461897 0.042666666666666665 0.04354587869362364
0 0.5553333333333333 0.47433903576982894 0.03333333333333333 0.04043545878693624
0 0.116 0.6368584758942457 0.048 0.04821150855365474
0 0.714 0.7270606531881804 0.034666666666666665 0.038880248833592534
0 0.5753333333333334 0.43157076205287714 0.034666666666666665 0.03732503888024884
0 0.15 0.8164852255054432 0.04533333333333334 0.04510108864696734
0 0.8473333333333334 0.7620528771384136 0.04533333333333334 0.04510108864696734
0 0.176 0.9572317262830482 0.048 0.05132192846034215
0 0.386 0.8600311041990669 0.042666666666666665 0.04821150855365474
0 0.58 0.8413685847589425 0.04133333333333333 0.04354587869362364
0 0.13266666666666665 0.4051321928460342 0.042666666666666665 0.04510108864696734
0 0.5853333333333334 0.3157076205287714 0.032 0.038880248833592534
0 0.162 0.8880248833592534 0.04533333333333334 0.04510108864696734
0 0.506 0.8965785381026439 0.044 0.04821150855365474
0 0.7473333333333333 0.7527216174183515 0.034666666666666665 0.038880248833592534
0 0.19066666666666668 0.7286158631415242 0.04133333333333333 0.04510108864696734
0 0.7333333333333333 0.8320373250388803 0.037333333333333336 0.04043545878693624
0 0.76 0.8227060653188181 0.036 0.04043545878693624
0 0.21733333333333332 0.8693623639191291 0.042666666666666665 0.041990668740279936
0 0.16 0.552099533437014 0.04 0.041990668740279936
0 0.7566666666666667 0.2667185069984448 0.044 0.04510108864696734
0 0.7033333333333334 0.2822706065318818 0.04533333333333334 0.04821150855365474
0 0.888 0.6757387247278382 0.04533333333333334 0.04510108864696734
0 0.268 0.5194401244167963 0.044 0.04510108864696734
0 0.5966666666666667 0.536547433903577 0.03333333333333333 0.03732503888024884
0 0.754 0.7892690513219285 0.034666666666666665 0.038880248833592534
0 0.7546666666666667 0.5645412130637636 0.04133333333333333 0.041990668740279936
0 0.682 0.5489891135303266 0.03333333333333333 0.04043545878693624
0 0.7266666666666667 0.7986003110419907 0.034666666666666665 0.04043545878693624
0 0.8813333333333333 0.6415241057542769 0.04666666666666667 0.04821150855365474
0 0.44733333333333336 0.5800933125972006 0.04 0.041990668740279936
0 0.7213333333333334 0.7620528771384136 0.03866666666666667 0.041990668740279936
0 0.096 0.531104199066874 0.048 0.049766718506998445
0 0.716 0.5769828926905132 0.034666666666666665 0.038880248833592534
0 0.8353333333333334 0.6920684292379471 0.044 0.04354587869362364
0 0.27666666666666667 0.890357698289269 0.048 0.049766718506998445
0 0.7506666666666667 0.23094867807153965 0.04533333333333334 0.049766718506998445
0 0.55 0.4385692068429238 0.029333333333333333 0.03576982892690513
0 0.49333333333333335 0.8289269051321928 0.042666666666666665 0.04510108864696734
0 0.562 0.5101088646967341 0.03333333333333333 0.03732503888024884
0 0.44066666666666665 0.5451010886469674 0.04133333333333333 0.04510108864696734
0 0.17133333333333334 0.6205287713841369 0.04 0.041990668740279936
0 0.8026666666666666 0.21695178849144633 0.04666666666666667 0.04821150855365474
0 0.7026666666666667 0.6547433903576982 0.037333333333333336 0.04043545878693624
0 0.6753333333333333 0.4370139968895801 0.042666666666666665 0.04354587869362364
0 0.31 0.43390357698289267 0.04133333333333333 0.04510108864696734
0 0.7966666666666666 0.4782270606531882 0.044 0.04665629860031104
0 0.13 0.7060653188180405 0.04666666666666667 0.04821150855365474
0 0.588 0.6524105754276828 0.034666666666666665 0.04043545878693624
0 0.6486666666666666 0.5972006220839814 0.04133333333333333 0.04510108864696734
0 0.822 0.6213063763608087 0.04533333333333334 0.04821150855365474
0 0.8393333333333334 0.7262830482115086 0.048 0.049766718506998445
0 0.22666666666666666 0.6057542768273717 0.044 0.04510108864696734
0 0.358 0.3833592534992224 0.04533333333333334 0.04510108864696734
0 0.78 0.7091757387247278 0.04533333333333334 0.04665629860031104
0 0.722 0.6135303265940902 0.034666666666666665 0.038880248833592534
0 0.23733333333333334 0.9758942457231726 0.048 0.04821150855365474
0 0.5686666666666667 0.5435458786936236 0.034666666666666665 0.04043545878693624
0 0.6953333333333334 0.6205287713841369 0.036 0.04354587869362364
0 0.214 0.5349922239502333 0.04666666666666667 0.04665629860031104
0 0.5746666666666667 0.8055987558320373 0.04666666666666667 0.04821150855365474
0 0.6286666666666667 0.7153965785381027 0.036 0.041990668740279936
0 0.38 0.8227060653188181 0.04533333333333334 0.04665629860031104
0 0.33466666666666667 0.5746500777604977 0.04533333333333334 0.04665629860031104
0 0.8366666666666667 0.3926905132192846 0.044 0.04510108864696734
0 0.41533333333333333 0.40435458786936235 0.03866666666666667 0.04043545878693624
0 0.18733333333333332 0.39035769828926903 0.04533333333333334 0.05287713841368585
0 0.41533333333333333 0.702954898911353 0.044 0.04665629860031104
0 0.078 0.42223950233281493 0.048 0.05287713841368585
0 0.23266666666666666 0.6423017107309487 0.04666666666666667 0.05132192846034215
0 0.17933333333333334 0.6570762052877138 0.04133333333333333 0.04510108864696734
0 0.19733333333333333 0.7636080870917574 0.04533333333333334 0.04821150855365474
0 0.43666666666666665 0.8118195956454122 0.048 0.05132192846034215
0 0.4666666666666667 0.687402799377916 0.044 0.04510108864696734
0 0.5353333333333333 0.5917573872472783 0.042666666666666665 0.04510108864696734
0 0.21133333333333335 0.8374805598755832 0.048 0.049766718506998445
0 0.5166666666666667 0.48522550544323484 0.04133333333333333 0.041990668740279936
0 0.8673333333333333 0.5692068429237948 0.04666666666666667 0.049766718506998445
0 0.43333333333333335 0.5101088646967341 0.042666666666666665 0.04354587869362364
0 0.7473333333333333 0.5318818040435459 0.042666666666666665 0.04821150855365474
0 0.252 0.749611197511664 0.042666666666666665 0.04354587869362364
0 0.368 0.7527216174183515 0.042666666666666665 0.04510108864696734
0 0.32666666666666666 0.8398133748055988 0.04666666666666667 0.04665629860031104
0 0.8086666666666666 0.5497667185069984 0.04533333333333334 0.04665629860031104
0 0.7686666666666667 0.33748055987558323 0.044 0.04665629860031104
0 0.7746666666666666 0.3740279937791602 0.042666666666666665 0.04665629860031104
0 0.7086666666666667 0.6912908242612753 0.037333333333333336 0.04354587869362364
0 0.2806666666666667 0.5894245723172629 0.048 0.049766718506998445
0 0.66 0.6679626749611197 0.042666666666666665 0.04821150855365474
0 0.6693333333333333 0.40435458786936235 0.044 0.04354587869362364
0 0.20666666666666667 0.49922239502332816 0.04533333333333334 0.04665629860031104
0 0.25533333333333336 0.4463452566096423 0.042666666666666665 0.04510108864696734
0 0.5246666666666666 0.5202177293934681 0.04533333333333334 0.04665629860031104
0 0.6006666666666667 0.7223950233281493 0.036 0.041990668740279936
0 0.5106666666666667 0.4525660964230171 0.044 0.04821150855365474
0 0.376 0.48989113530326595 0.044 0.04354587869362364
0 0.3293333333333333 0.5396578538102644 0.04533333333333334 0.04665629860031104
0 0.348 0.645412130637636 0.044 0.04510108864696734
0 0.784 0.4082426127527216 0.04533333333333334 0.04510108864696734
0 0.3893333333333333 0.5606531881804043 0.04533333333333334 0.04510108864696734
0 0.7226666666666667 0.3880248833592535 0.044 0.04510108864696734
0 0.8553333333333333 0.49922239502332816 0.04666666666666667 0.04821150855365474
0 0.8286666666666667 0.6570762052877138 0.048 0.049766718506998445
0 0.30666666666666664 0.7340590979782271 0.04666666666666667 0.04665629860031104
0 0.242 0.37558320373250387 0.044 0.04821150855365474
0 0.3626666666666667 0.416796267496112 0.042666666666666665 0.04510108864696734
0 0.314 0.7706065318818041 0.04666666666666667 0.04665629860031104