0 0.3988888888888889 0.4131147540983607 0.035555555555555556 0.03934426229508197
0 0.19166666666666668 0.28524590163934427 0.034444444444444444 0.04590163934426229
0 0.2966666666666667 0.8319672131147541 0.035555555555555556 0.04426229508196721
0 0.29555555555555557 0.49426229508196723 0.035555555555555556 0.040983606557377046
0 0.6566666666666666 0.3319672131147541 0.035555555555555556 0.04426229508196721
0 0.6061111111111112 0.7065573770491803 0.034444444444444444 0.04262295081967213
0 0.8111111111111111 0.32868852459016396 0.035555555555555556 0.04426229508196721
0 0.45055555555555554 0.49508196721311476 0.034444444444444444 0.04262295081967213
0 0.3472222222222222 0.6204918032786885 0.034444444444444444 0.04426229508196721
0 0.2966666666666667 0.7065573770491803 0.03333333333333333 0.03934426229508197
0 0.3472222222222222 0.4139344262295082 0.034444444444444444 0.040983606557377046
0 0.39944444444444444 0.7073770491803278 0.034444444444444444 0.04426229508196721
0 0.2427777777777778 0.7073770491803278 0.034444444444444444 0.04426229508196721
0 0.555 0.6245901639344262 0.034444444444444444 0.04262295081967213
0 0.3472222222222222 0.5377049180327869 0.034444444444444444 0.04590163934426229
0 0.3472222222222222 0.37131147540983606 0.03666666666666667 0.04426229508196721
0 0.24444444444444444 0.7901639344262295 0.035555555555555556 0.04262295081967213
0 0.2966666666666667 0.6204918032786885 0.03333333333333333 0.04426229508196721
0 0.6066666666666667 0.37131147540983606 0.035555555555555556 0.04426229508196721
0 0.2427777777777778 0.5811475409836065 0.034444444444444444 0.04426229508196721
0 0.39944444444444444 0.3721311475409836 0.034444444444444444 0.04262295081967213
0 0.45111111111111113 0.6631147540983606 0.03333333333333333 0.040983606557377046
0 0.45111111111111113 0.6213114754098361 0.03333333333333333 0.03934426229508197
0 0.24333333333333335 0.4131147540983607 0.03333333333333333 0.04262295081967213
0 0.24388888888888888 0.6631147540983606 0.034444444444444444 0.04426229508196721
0 0.5538888888888889 0.3295081967213115 0.034444444444444444 0.04262295081967213
0 0.19055555555555556 0.580327868852459 0.03666666666666667 0.04590163934426229
0 0.24333333333333335 0.5360655737704918 0.03333333333333333 0.04262295081967213
0 0.1922222222222222 0.7918032786885246 0.035555555555555556 0.04262295081967213
0 0.5538888888888889 0.3721311475409836 0.034444444444444444 0.04262295081967213
0 0.3988888888888889 0.6622950819672131 0.035555555555555556 0.04590163934426229
0 0.5144444444444445 0.7319672131147541 0.024444444444444446 0.027868852459016394
0 0.5044444444444445 0.34098360655737703 0.042222222222222223 0.029508196721311476
0 0.5155555555555555 0.7557377049180328 0.022222222222222223 0.018032786885245903
0 0.5055555555555555 0.3737704918032787 0.044444444444444446 0.036065573770491806
0 0.5038888888888889 0.2762295081967213 0.04111111111111111 0.03114754098360656
0 0.5044444444444445 0.1418032786885246 0.044444444444444446 0.03442622950819672
0 0.7077777777777777 0.2901639344262295 0.03333333333333333 0.04262295081967213
0 0.24388888888888888 0.369672131147541 0.034444444444444444 0.04426229508196721
0 0.3988888888888889 0.49754098360655735 0.035555555555555556 0.040983606557377046
0 0.4 0.7885245901639344 0.035555555555555556 0.04262295081967213
0 0.1411111111111111 0.41475409836065574 0.035555555555555556 0.04262295081967213
0 0.3466666666666667 0.6647540983606557 0.03333333333333333 0.040983606557377046
0 0.34833333333333333 0.32704918032786884 0.034444444444444444 0.040983606557377046
0 0.45166666666666666 0.28442622950819674 0.034444444444444444 0.047540983606557376
0 0.08833333333333333 0.4139344262295082 0.03888888888888889 0.047540983606557376
0 0.2961111111111111 0.4131147540983607 0.034444444444444444 0.04262295081967213
0 0.7594444444444445 0.28852459016393445 0.034444444444444444 0.04262295081967213
0 0.45166666666666666 0.8327868852459016 0.034444444444444444 0.04262295081967213
0 0.14 0.3704918032786885 0.03333333333333333 0.04262295081967213
0 0.76 0.15327868852459017 0.03333333333333333 0.05081967213114754
0 0.7083333333333334 0.33278688524590166 0.034444444444444444 0.04262295081967213
0 0.7072222222222222 0.15491803278688523 0.034444444444444444 0.047540983606557376
0 0.29555555555555557 0.3729508196721312 0.03333333333333333 0.040983606557377046
0 0.6055555555555555 0.289344262295082 0.035555555555555556 0.047540983606557376
0 0.3466666666666667 0.4959016393442623 0.03111111111111111 0.040983606557377046
0 0.5538888888888889 0.580327868852459 0.034444444444444444 0.04262295081967213
0 0.7077777777777777 0.4131147540983607 0.035555555555555556 0.04590163934426229
0 0.19166666666666668 0.7491803278688525 0.034444444444444444 0.04262295081967213
0 0.24388888888888888 0.32786885245901637 0.03222222222222222 0.03934426229508197
0 0.45111111111111113 0.36721311475409835 0.03333333333333333 0.036065573770491806
0 0.5538888888888889 0.5393442622950819 0.034444444444444444 0.04262295081967213
0 0.5538888888888889 0.4139344262295082 0.034444444444444444 0.040983606557377046
0 0.29555555555555557 0.32786885245901637 0.035555555555555556 0.04918032786885246
0 0.5027777777777778 0.4491803278688525 0.043333333333333335 0.04590163934426229
0 0.6061111111111112 0.6229508196721312 0.034444444444444444 0.04262295081967213
0 0.6566666666666666 0.5418032786885246 0.035555555555555556 0.040983606557377046
0 0.6055555555555555 0.1540983606557377 0.035555555555555556 0.04918032786885246
0 0.13944444444444445 0.32868852459016396 0.034444444444444444 0.040983606557377046
0 0.3988888888888889 0.6221311475409836 0.03333333333333333 0.03770491803278689
0 0.3472222222222222 0.7475409836065574 0.034444444444444444 0.04262295081967213
0 0.2961111111111111 0.7459016393442623 0.034444444444444444 0.03934426229508197
0 0.8111111111111111 0.3721311475409836 0.035555555555555556 0.04262295081967213
0 0.3988888888888889 0.8319672131147541 0.03333333333333333 0.040983606557377046
0 0.24333333333333335 0.7491803278688525 0.03333333333333333 0.03934426229508197
0 0.19166666666666668 0.4540983606557377 0.034444444444444444 0.04262295081967213
0 0.2961111111111111 0.45491803278688525 0.03222222222222222 0.03770491803278689
0 0.3988888888888889 0.2836065573770492 0.035555555555555556 0.04590163934426229
0 0.2961111111111111 0.6647540983606557 0.034444444444444444 0.04426229508196721
0 0.8633333333333333 0.289344262295082 0.035555555555555556 0.047540983606557376
0 0.5544444444444444 0.4565573770491803 0.035555555555555556 0.040983606557377046
0 0.34833333333333333 0.2836065573770492 0.03222222222222222 0.04590163934426229
0 0.605 0.24508196721311476 0.03666666666666667 0.040983606557377046
0 0.14 0.2860655737704918 0.03333333333333333 0.04426229508196721
0 0.5544444444444444 0.7057377049180328 0.03333333333333333 0.04426229508196721
0 0.39944444444444444 0.8737704918032787 0.034444444444444444 0.04590163934426229
0 0.2966666666666667 0.7877049180327869 0.035555555555555556 0.04426229508196721
0 0.7077777777777777 0.24508196721311476 0.03333333333333333 0.047540983606557376
0 0.08777777777777777 0.28524590163934427 0.035555555555555556 0.04918032786885246
0 0.6572222222222223 0.7475409836065574 0.03666666666666667 0.04262295081967213
0 0.6572222222222223 0.7918032786885246 0.03666666666666667 0.04262295081967213
0 0.19111111111111112 0.36885245901639346 0.035555555555555556 0.03934426229508197
0 0.45166666666666666 0.7885245901639344 0.03222222222222222 0.04590163934426229
0 0.3477777777777778 0.7885245901639344 0.03333333333333333 0.04262295081967213
0 0.76 0.24508196721311476 0.03777777777777778 0.04426229508196721
0 0.555 0.8295081967213115 0.034444444444444444 0.04262295081967213
0 0.13944444444444445 0.6647540983606557 0.034444444444444444 0.04426229508196721
0 0.6055555555555555 0.4557377049180328 0.03333333333333333 0.04262295081967213
0 0.29555555555555557 0.5368852459016393 0.035555555555555556 0.04426229508196721
0 0.19166666666666668 0.4131147540983607 0.034444444444444444 0.04262295081967213
0 0.24333333333333335 0.4959016393442623 0.03333333333333333 0.03770491803278689
0 0.19111111111111112 0.5385245901639344 0.035555555555555556 0.03770491803278689
0 0.4527777777777778 0.7049180327868853 0.03666666666666667 0.04262295081967213
0 0.5544444444444444 0.49754098360655735 0.035555555555555556 0.040983606557377046
0 0.14055555555555554 0.45491803278688525 0.034444444444444444 0.03770491803278689
0 0.605 0.7885245901639344 0.03666666666666667 0.04262295081967213
0 0.915 0.1540983606557377 0.03666666666666667 0.05245901639344262
0 0.08833333333333333 0.7467213114754099 0.03888888888888889 0.047540983606557376
0 0.6055555555555555 0.5418032786885246 0.035555555555555556 0.040983606557377046
0 0.08888888888888889 0.4959016393442623 0.03777777777777778 0.04426229508196721
0 0.6561111111111111 0.289344262295082 0.034444444444444444 0.04426229508196721
0 0.14055555555555554 0.7901639344262295 0.034444444444444444 0.04262295081967213
0 0.7083333333333334 0.20163934426229507 0.034444444444444444 0.04262295081967213
0 0.6055555555555555 0.9139344262295082 0.035555555555555556 0.05081967213114754
0 0.6066666666666667 0.5819672131147541 0.035555555555555556 0.03934426229508197
0 0.45111111111111113 0.8737704918032787 0.035555555555555556 0.04262295081967213
0 0.08833333333333333 0.36885245901639346 0.034444444444444444 0.04262295081967213
0 0.6572222222222223 0.3729508196721312 0.034444444444444444 0.03770491803278689
0 0.6055555555555555 0.33114754098360655 0.035555555555555556 0.036065573770491806
0 0.19166666666666668 0.3295081967213115 0.03666666666666667 0.03934426229508197
0 0.29555555555555557 0.578688524590164 0.035555555555555556 0.03934426229508197
0 0.1922222222222222 0.6237704918032787 0.035555555555555556 0.040983606557377046
0 0.6055555555555555 0.5008196721311475 0.03333333333333333 0.04426229508196721
0 0.2427777777777778 0.28442622950819674 0.034444444444444444 0.047540983606557376
0 0.8633333333333333 0.4557377049180328 0.03333333333333333 0.03934426229508197
0 0.08833333333333333 0.3295081967213115 0.034444444444444444 0.03934426229508197
0 0.24388888888888888 0.8319672131147541 0.034444444444444444 0.040983606557377046
0 0.8111111111111111 0.49508196721311476 0.03333333333333333 0.04262295081967213
0 0.1922222222222222 0.9172131147540984 0.035555555555555556 0.047540983606557376
0 0.7077777777777777 0.4557377049180328 0.03333333333333333 0.04262295081967213
0 0.08888888888888889 0.45491803278688525 0.035555555555555556 0.03770491803278689
0 0.3472222222222222 0.4540983606557377 0.03222222222222222 0.03934426229508197
0 0.555 0.9155737704918033 0.034444444444444444 0.04426229508196721
0 0.8111111111111111 0.4122950819672131 0.03333333333333333 0.040983606557377046
0 0.8116666666666666 0.4532786885245902 0.03 0.03770491803278689
0 0.9144444444444444 0.33278688524590166 0.035555555555555556 0.04590163934426229
0 0.5544444444444444 0.7868852459016393 0.03111111111111111 0.03934426229508197
0 0.6566666666666666 0.4122950819672131 0.035555555555555556 0.03770491803278689
0 0.19166666666666668 0.6647540983606557 0.03666666666666667 0.04426229508196721
0 0.6572222222222223 0.8721311475409836 0.034444444444444444 0.03934426229508197
0 0.1922222222222222 0.8336065573770491 0.035555555555555556 0.040983606557377046
0 0.08833333333333333 0.7016393442622951 0.03666666666666667 0.04262295081967213
0 0.9161111111111111 0.6622950819672131 0.03666666666666667 0.04262295081967213
0 0.3472222222222222 0.8311475409836065 0.034444444444444444 0.03934426229508197
0 0.9144444444444444 0.5795081967213115 0.03333333333333333 0.040983606557377046
0 0.9144444444444444 0.2901639344262295 0.03333333333333333 0.03934426229508197
0 0.7083333333333334 0.8295081967213115 0.034444444444444444 0.04262295081967213
0 0.29444444444444445 0.8737704918032787 0.03111111111111111 0.03934426229508197
0 0.39944444444444444 0.5360655737704918 0.034444444444444444 0.03278688524590164
0 0.7083333333333334 0.7467213114754099 0.034444444444444444 0.03770491803278689
0 0.7077777777777777 0.9122950819672131 0.03333333333333333 0.05081967213114754
0 0.915 0.5377049180327869 0.034444444444444444 0.04262295081967213
0 0.8111111111111111 0.6204918032786885 0.03111111111111111 0.04426229508196721
0 0.7605555555555555 0.3336065573770492 0.034444444444444444 0.04426229508196721
0 0.9166666666666666 0.7057377049180328 0.035555555555555556 0.04426229508196721
0 0.8627777777777778 0.3344262295081967 0.034444444444444444 0.04262295081967213
0 0.9166666666666666 0.7467213114754099 0.035555555555555556 0.040983606557377046
0 0.8633333333333333 0.4959016393442623 0.03333333333333333 0.040983606557377046
0 0.8633333333333333 0.5377049180327869 0.035555555555555556 0.04590163934426229
0 0.915 0.37459016393442623 0.034444444444444444 0.03770491803278689
0 0.8633333333333333 0.6221311475409836 0.03333333333333333 0.040983606557377046
0 0.8638888888888889 0.6622950819672131 0.034444444444444444 0.04262295081967213
0 0.9144444444444444 0.45491803278688525 0.035555555555555556 0.03770491803278689
0 0.9161111111111111 0.7893442622950819 0.03666666666666667 0.04426229508196721
0 0.915 0.6196721311475409 0.03666666666666667 0.04262295081967213
0 0.8622222222222222 0.2 0.035555555555555556 0.05573770491803279
0 0.915 0.4959016393442623 0.03666666666666667 0.04426229508196721
0 0.7083333333333334 0.580327868852459 0.034444444444444444 0.03934426229508197
0 0.45222222222222225 0.7442622950819672 0.03111111111111111 0.03934426229508197
0 0.605 0.8696721311475409 0.034444444444444444 0.03770491803278689
0 0.8644444444444445 0.8295081967213115 0.035555555555555556 0.04590163934426229
0 0.8644444444444445 0.7459016393442623 0.035555555555555556 0.04262295081967213
0 0.08888888888888889 0.7885245901639344 0.035555555555555556 0.036065573770491806
0 0.9172222222222223 0.9188524590163935 0.03666666666666667 0.05081967213114754
0 0.8638888888888889 0.9139344262295082 0.034444444444444444 0.04426229508196721
0 0.865 0.7040983606557377 0.034444444444444444 0.04426229508196721
0 0.39944444444444444 0.9155737704918033 0.034444444444444444 0.03442622950819672
0 0.9172222222222223 0.8713114754098361 0.034444444444444444 0.04426229508196721
0 0.8644444444444445 0.7860655737704918 0.03333333333333333 0.040983606557377046
0 0.5038888888888889 0.1762295081967213 0.043333333333333335 0.03770491803278689
0 0.5038888888888889 0.2098360655737705 0.04555555555555556 0.029508196721311476
0 0.8644444444444445 0.8721311475409836 0.035555555555555556 0.03934426229508197
0 0.3477777777777778 0.5770491803278689 0.035555555555555556 0.02622950819672131
0 0.9222222222222223 0.830327868852459 0.02666666666666667 0.03770491803278689
0 0.7088888888888889 0.8672131147540983 0.035555555555555556 0.02622950819672131
0 0.5027777777777778 0.49508196721311476 0.043333333333333335 0.03278688524590164
0 0.6061111111111112 0.6639344262295082 0.034444444444444444 0.04262295081967213
0 0.6061111111111112 0.4139344262295082 0.034444444444444444 0.040983606557377046
0 0.45055555555555554 0.9155737704918033 0.03666666666666667 0.040983606557377046
0 0.08777777777777777 0.6221311475409836 0.035555555555555556 0.03770491803278689
0 0.8633333333333333 0.5811475409836065 0.035555555555555556 0.040983606557377046
0 0.6561111111111111 0.7065573770491803 0.03222222222222222 0.03934426229508197
0 0.6577777777777778 0.8327868852459016 0.035555555555555556 0.03934426229508197
0 0.6055555555555555 0.830327868852459 0.035555555555555556 0.040983606557377046
0 0.5033333333333333 0.24262295081967214 0.042222222222222223 0.03934426229508197
0 0.8122222222222222 0.5795081967213115 0.03333333333333333 0.03770491803278689
0 0.5544444444444444 0.6647540983606557 0.035555555555555556 0.03770491803278689
0 0.08944444444444444 0.660655737704918 0.034444444444444444 0.03934426229508197
0 0.13944444444444445 0.6213114754098361 0.03 0.04262295081967213
0 0.8622222222222222 0.2459016393442623 0.03333333333333333 0.03934426229508197
0 0.14055555555555554 0.9155737704918033 0.03666666666666667 0.04426229508196721
0 0.7077777777777777 0.5409836065573771 0.035555555555555556 0.04590163934426229
0 0.9144444444444444 0.20163934426229507 0.035555555555555556 0.04262295081967213
0 0.7077777777777777 0.49754098360655735 0.03333333333333333 0.040983606557377046
0 0.3988888888888889 0.7483606557377049 0.035555555555555556 0.03770491803278689
0 0.7077777777777777 0.6647540983606557 0.035555555555555556 0.040983606557377046
0 0.7083333333333334 0.6221311475409836 0.03666666666666667 0.040983606557377046
0 0.605 0.7491803278688525 0.03666666666666667 0.03934426229508197
0 0.14 0.75 0.03333333333333333 0.040983606557377046
0 0.6561111111111111 0.5811475409836065 0.034444444444444444 0.03770491803278689
0 0.8105555555555556 0.2459016393442623 0.03222222222222222 0.03934426229508197
0 0.14 0.8311475409836065 0.035555555555555556 0.03934426229508197
0 0.19111111111111112 0.8737704918032787 0.03111111111111111 0.03934426229508197
0 0.5538888888888889 0.8729508196721312 0.03222222222222222 0.040983606557377046
0 0.8622222222222222 0.3737704918032787 0.03333333333333333 0.036065573770491806
0 0.2961111111111111 0.9163934426229509 0.03666666666666667 0.04590163934426229
0 0.8111111111111111 0.2 0.03333333333333333 0.05245901639344262
0 0.6572222222222223 0.9139344262295082 0.034444444444444444 0.04426229508196721
0 0.7077777777777777 0.7057377049180328 0.035555555555555556 0.04426229508196721
0 0.9144444444444444 0.24754098360655738 0.035555555555555556 0.04918032786885246
0 0.14 0.8713114754098361 0.035555555555555556 0.04426229508196721
0 0.1922222222222222 0.7057377049180328 0.035555555555555556 0.040983606557377046
0 0.08888888888888889 0.830327868852459 0.035555555555555556 0.047540983606557376
0 0.6561111111111111 0.6647540983606557 0.03222222222222222 0.04426229508196721
0 0.605 0.20163934426229507 0.034444444444444444 0.04590163934426229
0 0.7088888888888889 0.7868852459016393 0.035555555555555556 0.04590163934426229
0 0.08888888888888889 0.5385245901639344 0.035555555555555556 0.040983606557377046
0 0.2427777777777778 0.6213114754098361 0.034444444444444444 0.036065573770491806
0 0.7077777777777777 0.3721311475409836 0.03333333333333333 0.036065573770491806
0 0.6566666666666666 0.6221311475409836 0.03333333333333333 0.040983606557377046
0 0.5538888888888889 0.7483606557377049 0.034444444444444444 0.03770491803278689
0 0.6566666666666666 0.49918032786885247 0.03333333333333333 0.040983606557377046
0 0.14055555555555554 0.5393442622950819 0.034444444444444444 0.03934426229508197
0 0.08888888888888889 0.580327868852459 0.035555555555555556 0.04590163934426229
0 0.24388888888888888 0.8721311475409836 0.034444444444444444 0.04262295081967213
0 0.08888888888888889 0.9204918032786885 0.03777777777777778 0.04426229508196721
0 0.8622222222222222 0.4139344262295082 0.03333333333333333 0.040983606557377046
0 0.8111111111111111 0.28688524590163933 0.03333333333333333 0.04262295081967213
0 0.5538888888888889 0.2860655737704918 0.034444444444444444 0.04426229508196721
0 0.24444444444444444 0.9155737704918033 0.035555555555555556 0.04426229508196721
0 0.2961111111111111 0.28442622950819674 0.034444444444444444 0.040983606557377046
0 0.9144444444444444 0.4139344262295082 0.035555555555555556 0.04426229508196721
0 0.3488888888888889 0.8713114754098361 0.03333333333333333 0.040983606557377046
0 0.3477777777777778 0.7065573770491803 0.035555555555555556 0.03934426229508197
0 0.14055555555555554 0.5795081967213115 0.034444444444444444 0.040983606557377046
0 0.3472222222222222 0.9147540983606557 0.034444444444444444 0.04590163934426229
0 0.14 0.7081967213114754 0.03333333333333333 0.04262295081967213
0 0.6561111111111111 0.4532786885245902 0.03222222222222222 0.04426229508196721
0 0.09 0.8754098360655738 0.035555555555555556 0.04262295081967213
0 0.5044444444444445 0.30901639344262294 0.042222222222222223 0.040983606557377046
0 0.8122222222222222 0.5385245901639344 0.035555555555555556 0.04426229508196721
0 0.76 0.20081967213114754 0.035555555555555556 0.04426229508196721
0 0.24444444444444444 0.45491803278688525 0.03111111111111111 0.040983606557377046
0 0.3988888888888889 0.32786885245901637 0.035555555555555556 0.04590163934426229
0 0.45166666666666666 0.3295081967213115 0.03666666666666667 0.04262295081967213
0 0.45055555555555554 0.5819672131147541 0.03222222222222222 0.03934426229508197
0 0.14 0.49754098360655735 0.035555555555555556 0.047540983606557376
0 0.3988888888888889 0.45491803278688525 0.035555555555555556 0.04426229508196721
0 0.45111111111111113 0.4098360655737705 0.03333333333333333 0.04590163934426229
0 0.19111111111111112 0.4967213114754098 0.035555555555555556 0.04590163934426229
0 0.45055555555555554 0.45491803278688525 0.034444444444444444 0.040983606557377046
0 0.3988888888888889 0.578688524590164 0.035555555555555556 0.04590163934426229
0 0.45111111111111113 0.5385245901639344 0.035555555555555556 0.04426229508196721