0 0.23733333333333334 0.421875 0.034666666666666665 0.03125
0 0.81 0.88984375 0.036 0.0328125
0 0.8106666666666666 0.7453125 0.034666666666666665 0.03125
0 0.12533333333333332 0.34453125 0.034666666666666665 0.0359375
0 0.182 0.88359375 0.036 0.0328125
0 0.81 0.81953125 0.036 0.0328125
0 0.18066666666666667 0.525 0.03333333333333333 0.03125
0 0.126 0.4171875 0.036 0.0375
0 0.4033333333333333 0.88515625 0.036 0.0328125
0 0.8793333333333333 0.53359375 0.030666666666666665 0.0328125
0 0.12466666666666666 0.70390625 0.03333333333333333 0.0359375
0 0.292 0.88359375 0.034666666666666665 0.0359375
0 0.7006666666666667 0.8515625 0.03333333333333333 0.03125
0 0.8806666666666667 0.496875 0.028 0.03125
0 0.49866666666666665 0.4171875 0.02666666666666667 0.034375
0 0.12533333333333332 0.8125 0.034666666666666665 0.0375
0 0.7 0.884375 0.034666666666666665 0.03125
0 0.18 0.7375 0.034666666666666665 0.034375
0 0.594 0.6 0.03333333333333333 0.028125
0 0.8806666666666667 0.4609375 0.028 0.028125
0 0.12466666666666666 0.84921875 0.036 0.0390625
0 0.5 0.23046875 0.029333333333333333 0.0265625
0 0.124 0.634375 0.034666666666666665 0.0375
0 0.18266666666666667 0.41953125 0.034666666666666665 0.0359375
0 0.12333333333333334 0.74140625 0.03333333333333333 0.0328125
0 0.18066666666666667 0.63359375 0.036 0.0359375
0 0.542 0.35078125 0.036 0.0203125
0 0.8773333333333333 0.4296875 0.032 0.03125
0 0.5 0.20390625 0.02666666666666667 0.0234375
0 0.292 0.703125 0.037333333333333336 0.021875
0 0.6506666666666666 0.31640625 0.034666666666666665 0.0234375
0 0.5 0.36328125 0.032 0.0234375
0 0.458 0.2765625 0.03333333333333333 0.021875
0 0.5933333333333334 0.7796875 0.034666666666666665 0.021875
0 0.4033333333333333 0.70546875 0.036 0.0203125
0 0.8693333333333333 0.2828125 0.037333333333333336 0.021875
0 0.4066666666666667 0.27578125 0.034666666666666665 0.0234375
0 0.18133333333333335 0.84609375 0.037333333333333336 0.0359375
0 0.7053333333333334 0.28046875 0.034666666666666665 0.0234375
0 0.12733333333333333 0.27109375 0.036 0.0234375
0 0.7046666666666667 0.31640625 0.03333333333333333 0.0359375
0 0.8153333333333334 0.28203125 0.036 0.0234375
0 0.12466666666666666 0.4890625 0.03866666666666667 0.021875
0 0.49933333333333335 0.3828125 0.025333333333333333 0.021875
0 0.29533333333333334 0.27578125 0.036 0.0203125
0 0.12533333333333332 0.45546875 0.037333333333333336 0.0421875
0 0.6486666666666666 0.60390625 0.036 0.0328125
0 0.18 0.6703125 0.037333333333333336 0.034375
0 0.54 0.70703125 0.032 0.0328125
0 0.7013333333333334 0.67421875 0.034666666666666665 0.0328125
0 0.5393333333333333 0.6015625 0.03333333333333333 0.034375
0 0.5013333333333333 0.253125 0.028 0.01875
0 0.18333333333333332 0.34765625 0.036 0.0359375
0 0.4573333333333333 0.35234375 0.034666666666666665 0.0359375
0 0.182 0.38359375 0.036 0.0359375
0 0.5933333333333334 0.63828125 0.037333333333333336 0.0390625
0 0.7033333333333334 0.3890625 0.03333333333333333 0.034375
0 0.3486666666666667 0.421875 0.036 0.034375
0 0.2926666666666667 0.59921875 0.03333333333333333 0.0359375
0 0.7033333333333334 0.53203125 0.03333333333333333 0.0328125
0 0.6493333333333333 0.35078125 0.034666666666666665 0.0359375
0 0.758 0.39296875 0.03333333333333333 0.0359375
0 0.7026666666666667 0.603125 0.034666666666666665 0.034375
0 0.6486666666666666 0.46015625 0.03333333333333333 0.0359375
0 0.348 0.6390625 0.034666666666666665 0.034375
0 0.648 0.67265625 0.037333333333333336 0.0359375
0 0.54 0.53125 0.034666666666666665 0.034375
0 0.6493333333333333 0.53125 0.034666666666666665 0.034375
0 0.294 0.3484375 0.03333333333333333 0.034375
0 0.758 0.4953125 0.03333333333333333 0.0375
0 0.45666666666666667 0.56484375 0.036 0.0359375
0 0.4573333333333333 0.31328125 0.034666666666666665 0.0390625
0 0.5386666666666666 0.77890625 0.032 0.0328125
0 0.65 0.42421875 0.030666666666666665 0.0328125
0 0.7026666666666667 0.6390625 0.034666666666666665 0.034375
0 0.4053333333333333 0.38671875 0.032 0.0328125
0 0.646 0.8859375 0.03866666666666667 0.03125
0 0.5933333333333334 0.49453125 0.034666666666666665 0.0328125
0 0.8126666666666666 0.49609375 0.036 0.0390625
0 0.18133333333333335 0.45546875 0.034666666666666665 0.0359375
0 0.35 0.31171875 0.03333333333333333 0.0390625
0 0.5946666666666667 0.4234375 0.034666666666666665 0.034375
0 0.2926666666666667 0.7765625 0.03333333333333333 0.0375
0 0.4573333333333333 0.49609375 0.034666666666666665 0.0359375
0 0.18266666666666667 0.309375 0.034666666666666665 0.0375
0 0.7033333333333334 0.46015625 0.03333333333333333 0.0328125
0 0.8126666666666666 0.6765625 0.036 0.0375
0 0.23666666666666666 0.70703125 0.036 0.0359375
0 0.4046666666666667 0.60078125 0.036 0.0359375
0 0.756 0.7484375 0.034666666666666665 0.0375
0 0.456 0.74296875 0.034666666666666665 0.0390625
0 0.7573333333333333 0.7109375 0.034666666666666665 0.034375
0 0.648 0.5671875 0.034666666666666665 0.0375
0 0.7573333333333333 0.60546875 0.034666666666666665 0.0359375
0 0.7033333333333334 0.4953125 0.03333333333333333 0.034375
0 0.18066666666666667 0.56015625 0.03333333333333333 0.0390625
0 0.758 0.67578125 0.03333333333333333 0.0328125
0 0.5406666666666666 0.45859375 0.03333333333333333 0.0328125
0 0.23466666666666666 0.59921875 0.032 0.0390625
0 0.538 0.8140625 0.03333333333333333 0.0375
0 0.7586666666666667 0.3171875 0.032 0.034375
0 0.812 0.63984375 0.034666666666666665 0.0359375
0 0.8126666666666666 0.53359375 0.036 0.0359375
0 0.5393333333333333 0.74296875 0.03333333333333333 0.0359375
0 0.29333333333333333 0.45859375 0.034666666666666665 0.0328125
0 0.4033333333333333 0.775 0.036 0.0375
0 0.4046666666666667 0.459375 0.03333333333333333 0.034375
0 0.758 0.53203125 0.03333333333333333 0.0328125
0 0.5933333333333334 0.56640625 0.034666666666666665 0.0328125
0 0.294 0.3109375 0.036 0.0375
0 0.868 0.2484375 0.034666666666666665 0.0375
0 0.5386666666666666 0.671875 0.034666666666666665 0.034375
0 0.758 0.56796875 0.03333333333333333 0.0390625
0 0.814 0.35703125 0.036 0.0359375
0 0.238 0.31015625 0.030666666666666665 0.0359375
0 0.81 0.78203125 0.036 0.0359375
0 0.348 0.67265625 0.032 0.0296875
0 0.5913333333333334 0.88515625 0.036 0.0328125
0 0.292 0.52421875 0.032 0.0328125
0 0.29133333333333333 0.5640625 0.036 0.03125
0 0.592 0.815625 0.037333333333333336 0.034375
0 0.348 0.74453125 0.034666666666666665 0.0328125
0 0.23533333333333334 0.8828125 0.03333333333333333 0.034375
0 0.236 0.84609375 0.034666666666666665 0.0359375
0 0.812 0.71171875 0.034666666666666665 0.0328125
0 0.6473333333333333 0.815625 0.036 0.034375
0 0.12333333333333334 0.66875 0.036 0.034375
0 0.18133333333333335 0.59765625 0.032 0.0328125
0 0.4026666666666667 0.84921875 0.034666666666666665 0.0359375
0 0.18133333333333335 0.70390625 0.034666666666666665 0.0328125
0 0.12466666666666666 0.7765625 0.036 0.034375
0 0.49866666666666665 0.775 0.024 0.021875
0 0.5 0.2703125 0.029333333333333333 0.03125
0 0.5006666666666667 0.3015625 0.025333333333333333 0.025
0 0.594 0.6734375 0.036 0.034375
0 0.23533333333333334 0.81015625 0.03333333333333333 0.0328125
0 0.4553333333333333 0.70546875 0.03333333333333333 0.0328125
0 0.292 0.63671875 0.032 0.0328125
0 0.124 0.8859375 0.034666666666666665 0.034375
0 0.18066666666666667 0.77265625 0.03333333333333333 0.0359375
0 0.8093333333333333 0.85546875 0.034666666666666665 0.0359375
0 0.8133333333333334 0.39453125 0.034666666666666665 0.0390625
0 0.8686666666666667 0.2125 0.036 0.034375
0 0.292 0.84765625 0.034666666666666665 0.0359375
0 0.456 0.6015625 0.034666666666666665 0.034375
0 0.7006666666666667 0.81640625 0.036 0.0359375
0 0.45666666666666667 0.81484375 0.03333333333333333 0.0359375
0 0.7006666666666667 0.78125 0.036 0.034375
0 0.236 0.45625 0.032 0.034375
0 0.45666666666666667 0.5296875 0.03333333333333333 0.03125
0 0.348 0.56484375 0.034666666666666665 0.0359375
0 0.12466666666666666 0.521875 0.036 0.0375
0 0.2926666666666667 0.81328125 0.03333333333333333 0.0328125
0 0.456 0.67109375 0.034666666666666665 0.0328125
0 0.402 0.81328125 0.03333333333333333 0.0359375
0 0.23533333333333334 0.775 0.03333333333333333 0.034375
0 0.5933333333333334 0.74765625 0.037333333333333336 0.0359375
0 0.45666666666666667 0.63671875 0.03333333333333333 0.0359375
0 0.646 0.8515625 0.036 0.034375
0 0.49733333333333335 0.45625 0.029333333333333333 0.034375
0 0.592 0.84921875 0.034666666666666665 0.0359375
0 0.6466666666666666 0.74453125 0.034666666666666665 0.0359375
0 0.758 0.459375 0.03333333333333333 0.03125
0 0.648 0.6375 0.034666666666666665 0.034375
0 0.702 0.74609375 0.036 0.0359375
0 0.5386666666666666 0.63671875 0.034666666666666665 0.0328125
0 0.23533333333333334 0.63671875 0.03333333333333333 0.0328125
0 0.124 0.59921875 0.037333333333333336 0.0359375
0 0.8113333333333334 0.6046875 0.030666666666666665 0.034375
0 0.5393333333333333 0.565625 0.03333333333333333 0.034375
0 0.126 0.38046875 0.036 0.0359375
0 0.18066666666666667 0.809375 0.03333333333333333 0.034375
0 0.4066666666666667 0.31328125 0.034666666666666665 0.0390625
0 0.23533333333333334 0.67109375 0.03333333333333333 0.0359375
0 0.236 0.74140625 0.034666666666666665 0.0328125
0 0.236 0.5625 0.032 0.03125
0 0.868 0.3546875 0.034666666666666665 0.03125
0 0.126 0.3078125 0.036 0.0375
0 0.6473333333333333 0.70859375 0.036 0.0359375
0 0.3486666666666667 0.52734375 0.03333333333333333 0.0359375
0 0.758 0.640625 0.03333333333333333 0.034375
0 0.4046666666666667 0.67265625 0.03333333333333333 0.0359375
0 0.5933333333333334 0.709375 0.034666666666666665 0.0375
0 0.8126666666666666 0.56875 0.036 0.034375
0 0.292 0.7375 0.034666666666666665 0.0375
0 0.6466666666666666 0.78046875 0.034666666666666665 0.0328125
0 0.45666666666666667 0.77890625 0.03333333333333333 0.0328125
0 0.236 0.528125 0.034666666666666665 0.0375
0 0.12466666666666666 0.5625 0.03333333333333333 0.0375
0 0.8693333333333333 0.390625 0.034666666666666665 0.0375
0 0.404 0.73828125 0.037333333333333336 0.0359375
0 0.404 0.6375 0.032 0.034375
0 0.18133333333333335 0.490625 0.034666666666666665 0.03125
0 0.404 0.5625 0.034666666666666665 0.0375
0 0.2926666666666667 0.67265625 0.036 0.0359375
0 0.348 0.60234375 0.034666666666666665 0.0359375
0 0.3473333333333333 0.70703125 0.03333333333333333 0.0359375
0 0.7586666666666667 0.4265625 0.032 0.03125
0 0.238 0.34921875 0.03333333333333333 0.0328125
0 0.5413333333333333 0.421875 0.037333333333333336 0.0375
0 0.702 0.56875 0.03333333333333333 0.034375
0 0.5406666666666666 0.49609375 0.036 0.0359375
0 0.4053333333333333 0.4234375 0.034666666666666665 0.0375
0 0.34933333333333333 0.3875 0.034666666666666665 0.034375
0 0.406 0.35078125 0.03333333333333333 0.0359375
0 0.3486666666666667 0.45703125 0.03333333333333333 0.0359375
0 0.4053333333333333 0.4953125 0.034666666666666665 0.034375
0 0.34933333333333333 0.35078125 0.034666666666666665 0.0359375
0 0.45666666666666667 0.459375 0.03333333333333333 0.034375
0 0.5953333333333334 0.315625 0.03333333333333333 0.034375
0 0.594 0.53125 0.036 0.0375
0 0.6493333333333333 0.4953125 0.034666666666666665 0.034375
0 0.7586666666666667 0.3546875 0.032 0.0375
0 0.2926666666666667 0.49140625 0.030666666666666665 0.0328125
0 0.7026666666666667 0.42421875 0.034666666666666665 0.0359375
0 0.7046666666666667 0.35390625 0.03333333333333333 0.0359375
0 0.5953333333333334 0.35078125 0.030666666666666665 0.0328125
0 0.238 0.38515625 0.036 0.0359375
0 0.29333333333333333 0.38515625 0.034666666666666665 0.0359375
0 0.702 0.71015625 0.036 0.0359375
0 0.5413333333333333 0.38671875 0.034666666666666665 0.0328125
0 0.6493333333333333 0.3890625 0.034666666666666665 0.034375
0 0.3486666666666667 0.49296875 0.03333333333333333 0.0328125
0 0.8133333333333334 0.31875 0.037333333333333336 0.040625
0 0.8686666666666667 0.31796875 0.036 0.0390625
0 0.4573333333333333 0.38828125 0.032 0.0359375
0 0.2926666666666667 0.421875 0.036 0.0375
0 0.23666666666666666 0.4921875 0.03333333333333333 0.034375
0 0.4573333333333333 0.4234375 0.034666666666666665 0.034375
0 0.594 0.45859375 0.036 0.0359375
0 0.5953333333333334 0.38828125 0.03333333333333333 0.0359375
0 0.5413333333333333 0.315625 0.037333333333333336 0.040625