0 0.9172222222222223 0.37335526315789475 0.03222222222222222 0.039473684210526314
0 0.18 0.4934210526315789 0.024444444444444446 0.03618421052631579
0 0.20444444444444446 0.328125 0.022222222222222223 0.03782894736842105
0 0.33611111111111114 0.32648026315789475 0.021111111111111112 0.03782894736842105
0 0.33666666666666667 0.24424342105263158 0.022222222222222223 0.03453947368421053
0 0.25722222222222224 0.6167763157894737 0.021111111111111112 0.03618421052631579
0 0.36 0.2450657894736842 0.024444444444444446 0.03289473684210526
0 0.8638888888888889 0.4128289473684211 0.03222222222222222 0.03618421052631579
0 0.25722222222222224 0.28618421052631576 0.01888888888888889 0.029605263157894735
0 0.36 0.4942434210526316 0.02 0.03125
0 0.9183333333333333 0.5370065789473685 0.034444444444444444 0.03782894736842105
0 0.25722222222222224 0.328125 0.021111111111111112 0.03782894736842105
0 0.28444444444444444 0.41118421052631576 0.024444444444444446 0.03289473684210526
0 0.33611111111111114 0.15213815789473684 0.021111111111111112 0.04111842105263158
0 0.33611111111111114 0.41036184210526316 0.021111111111111112 0.03453947368421053
0 0.1272222222222222 0.28536184210526316 0.021111111111111112 0.03453947368421053
0 0.9177777777777778 0.4975328947368421 0.03333333333333333 0.03782894736842105
0 0.17944444444444443 0.6587171052631579 0.023333333333333334 0.04111842105263158
0 0.205 0.3692434210526316 0.023333333333333334 0.03782894736842105
0 0.7611111111111111 0.7039473684210527 0.035555555555555556 0.04276315789473684
0 0.25833333333333336 0.8264802631578947 0.021111111111111112 0.03453947368421053
0 0.1811111111111111 0.8273026315789473 0.024444444444444446 0.03618421052631579
0 0.17888888888888888 0.4095394736842105 0.022222222222222223 0.03289473684210526
0 0.46444444444444444 0.3684210526315789 0.022222222222222223 0.03289473684210526
0 0.30777777777777776 0.2787828947368421 0.022222222222222223 0.027960526315789474
0 0.7616666666666667 0.6217105263157895 0.03222222222222222 0.039473684210526314
0 0.2827777777777778 0.28536184210526316 0.01888888888888889 0.03125
0 0.35944444444444446 0.3692434210526316 0.021111111111111112 0.027960526315789474
0 0.18 0.9136513157894737 0.02666666666666667 0.04111842105263158
0 0.6183333333333333 0.2902960526315789 0.021111111111111112 0.03782894736842105
0 0.9183333333333333 0.7442434210526315 0.03 0.03782894736842105
0 0.2833333333333333 0.5748355263157895 0.024444444444444446 0.03453947368421053
0 0.33666666666666667 0.6998355263157895 0.024444444444444446 0.03125
0 0.25666666666666665 0.5345394736842105 0.022222222222222223 0.03618421052631579
0 0.25722222222222224 0.4934210526315789 0.021111111111111112 0.03618421052631579
0 0.17888888888888888 0.7845394736842105 0.024444444444444446 0.03618421052631579
0 0.2838888888888889 0.3684210526315789 0.023333333333333334 0.03618421052631579
0 0.46444444444444444 0.24588815789473684 0.022222222222222223 0.03453947368421053
0 0.28444444444444444 0.453125 0.024444444444444446 0.03782894736842105
0 0.25833333333333336 0.9120065789473685 0.021111111111111112 0.03453947368421053
0 0.25833333333333336 0.5756578947368421 0.021111111111111112 0.03618421052631579
0 0.4116666666666667 0.5345394736842105 0.023333333333333334 0.03289473684210526
0 0.2561111111111111 0.4095394736842105 0.021111111111111112 0.03618421052631579
0 0.17944444444444443 0.5361842105263158 0.023333333333333334 0.03289473684210526
0 0.17888888888888888 0.5764802631578947 0.02 0.03453947368421053
0 0.23166666666666666 0.5345394736842105 0.021111111111111112 0.03289473684210526
0 0.8638888888888889 0.32976973684210525 0.034444444444444444 0.03782894736842105
0 0.18 0.24342105263157895 0.022222222222222223 0.03618421052631579
0 0.2833333333333333 0.1513157894736842 0.022222222222222223 0.03618421052631579
0 0.23055555555555557 0.3675986842105263 0.021111111111111112 0.03125
0 0.4127777777777778 0.9087171052631579 0.025555555555555557 0.03782894736842105
0 0.33666666666666667 0.6587171052631579 0.022222222222222223 0.04111842105263158
0 0.5038888888888889 0.2787828947368421 0.043333333333333335 0.03125
0 0.17944444444444443 0.7006578947368421 0.025555555555555557 0.03618421052631579
0 0.2561111111111111 0.3675986842105263 0.021111111111111112 0.027960526315789474
0 0.33666666666666667 0.5328947368421053 0.022222222222222223 0.029605263157894735
0 0.5038888888888889 0.21052631578947367 0.04555555555555556 0.029605263157894735
0 0.17944444444444443 0.14967105263157895 0.023333333333333334 0.039473684210526314
0 0.76 0.5353618421052632 0.03333333333333333 0.044407894736842105
0 0.18 0.615953947368421 0.024444444444444446 0.03125
0 0.9183333333333333 0.7006578947368421 0.03 0.046052631578947366
0 0.9194444444444444 0.6603618421052632 0.034444444444444444 0.03125
0 0.8633333333333333 0.49835526315789475 0.035555555555555556 0.046052631578947366
0 0.17888888888888888 0.8692434210526315 0.024444444444444446 0.03453947368421053
0 0.17944444444444443 0.19901315789473684 0.01888888888888889 0.02631578947368421
0 0.2827777777777778 0.615953947368421 0.023333333333333334 0.03453947368421053
0 0.2827777777777778 0.5320723684210527 0.023333333333333334 0.03125
0 0.5044444444444445 0.37664473684210525 0.042222222222222223 0.03289473684210526
0 0.515 0.7491776315789473 0.021111111111111112 0.02138157894736842
0 0.515 0.7286184210526315 0.021111111111111112 0.023026315789473683
0 0.7611111111111111 0.3305921052631579 0.03111111111111111 0.039473684210526314
0 0.7616666666666667 0.868421052631579 0.034444444444444444 0.04276315789473684
0 0.4116666666666667 0.4095394736842105 0.023333333333333334 0.02631578947368421
0 0.2833333333333333 0.1981907894736842 0.022222222222222223 0.03782894736842105
0 0.5038888888888889 0.3462171052631579 0.043333333333333335 0.03125
0 0.5022222222222222 0.4925986842105263 0.04 0.03125
0 0.7616666666666667 0.3725328947368421 0.03666666666666667 0.044407894736842105
0 0.6577777777777778 0.37335526315789475 0.03333333333333333 0.04276315789473684
0 0.7077777777777777 0.37335526315789475 0.03333333333333333 0.04276315789473684
0 0.8122222222222222 0.37417763157894735 0.035555555555555556 0.044407894736842105
0 0.8122222222222222 0.15707236842105263 0.035555555555555556 0.047697368421052634
0 0.7077777777777777 0.19983552631578946 0.035555555555555556 0.047697368421052634
0 0.08833333333333333 0.28618421052631576 0.034444444444444444 0.046052631578947366
0 0.7611111111111111 0.15707236842105263 0.035555555555555556 0.047697368421052634
0 0.7083333333333334 0.453125 0.03222222222222222 0.04111842105263158
0 0.6577777777777778 0.2902960526315789 0.03333333333333333 0.04111842105263158
0 0.6577777777777778 0.24671052631578946 0.03333333333333333 0.046052631578947366
0 0.7611111111111111 0.20394736842105263 0.035555555555555556 0.046052631578947366
0 0.6061111111111112 0.24588815789473684 0.03222222222222222 0.044407894736842105
0 0.7611111111111111 0.24835526315789475 0.035555555555555556 0.04276315789473684
0 0.71 0.7442434210526315 0.035555555555555556 0.044407894736842105
0 0.555 0.4136513157894737 0.034444444444444444 0.044407894736842105
0 0.7072222222222222 0.33223684210526316 0.034444444444444444 0.04276315789473684
0 0.4116666666666667 0.8675986842105263 0.027777777777777776 0.04111842105263158
0 0.8122222222222222 0.2911184210526316 0.03333333333333333 0.04276315789473684
0 0.4127777777777778 0.45394736842105265 0.025555555555555557 0.03618421052631579
0 0.7611111111111111 0.2911184210526316 0.03111111111111111 0.039473684210526314
0 0.71 0.6620065789473685 0.03333333333333333 0.044407894736842105
0 0.9177777777777778 0.20394736842105263 0.035555555555555556 0.05592105263157895
0 0.8622222222222222 0.37335526315789475 0.03333333333333333 0.04276315789473684
0 0.8116666666666666 0.33305921052631576 0.03222222222222222 0.04111842105263158
0 0.4116666666666667 0.615953947368421 0.023333333333333334 0.03782894736842105
0 0.23222222222222222 0.4087171052631579 0.024444444444444446 0.03782894736842105
0 0.2311111111111111 0.19983552631578946 0.022222222222222223 0.03782894736842105
0 0.7605555555555555 0.4942434210526316 0.03 0.03453947368421053
0 0.8627777777777778 0.15625 0.034444444444444444 0.046052631578947366
0 0.7616666666666667 0.828125 0.034444444444444444 0.03782894736842105
0 0.9183333333333333 0.5773026315789473 0.034444444444444444 0.04276315789473684
0 0.36 0.328125 0.022222222222222223 0.04111842105263158
0 0.36 0.5361842105263158 0.022222222222222223 0.03618421052631579
0 0.9161111111111111 0.25164473684210525 0.034444444444444444 0.039473684210526314
0 0.43944444444444447 0.24671052631578946 0.021111111111111112 0.03618421052631579
0 0.4116666666666667 0.5756578947368421 0.023333333333333334 0.03618421052631579
0 0.3605555555555556 0.41036184210526316 0.021111111111111112 0.03453947368421053
0 0.4388888888888889 0.20065789473684212 0.022222222222222223 0.04276315789473684
0 0.7616666666666667 0.7861842105263158 0.034444444444444444 0.04276315789473684
0 0.23222222222222222 0.5764802631578947 0.024444444444444446 0.03782894736842105
0 0.7088888888888889 0.5337171052631579 0.028888888888888888 0.04111842105263158
0 0.25666666666666665 0.45148026315789475 0.022222222222222223 0.03782894736842105
0 0.23277777777777778 0.9144736842105263 0.025555555555555557 0.03618421052631579
0 0.41388888888888886 0.743421052631579 0.023333333333333334 0.03289473684210526
0 0.33666666666666667 0.4934210526315789 0.022222222222222223 0.03618421052631579
0 0.3377777777777778 0.7828947368421053 0.024444444444444446 0.039473684210526314
0 0.2311111111111111 0.24259868421052633 0.022222222222222223 0.03453947368421053
0 0.6583333333333333 0.3305921052631579 0.03222222222222222 0.039473684210526314
0 0.9194444444444444 0.787828947368421 0.034444444444444444 0.049342105263157895
0 0.4638888888888889 0.15460526315789475 0.023333333333333334 0.03618421052631579
0 0.3372222222222222 0.8256578947368421 0.025555555555555557 0.03618421052631579
0 0.38666666666666666 0.32730263157894735 0.022222222222222223 0.03618421052631579
0 0.41333333333333333 0.7820723684210527 0.022222222222222223 0.03453947368421053
0 0.43833333333333335 0.3675986842105263 0.021111111111111112 0.03453947368421053
0 0.08833333333333333 0.3692434210526316 0.03 0.044407894736842105
0 0.25722222222222224 0.24342105263157895 0.021111111111111112 0.03289473684210526
0 0.6066666666666667 0.15460526315789475 0.03333333333333333 0.049342105263157895
0 0.23166666666666666 0.4925986842105263 0.023333333333333334 0.03782894736842105
0 0.5044444444444445 0.14391447368421054 0.044444444444444446 0.03453947368421053
0 0.3605555555555556 0.20065789473684212 0.023333333333333334 0.03618421052631579
0 0.33555555555555555 0.3675986842105263 0.022222222222222223 0.03782894736842105
0 0.33555555555555555 0.28618421052631576 0.02 0.03289473684210526
0 0.2577777777777778 0.6620065789473685 0.022222222222222223 0.03782894736842105
0 0.3605555555555556 0.15296052631578946 0.023333333333333334 0.039473684210526314
0 0.5033333333333333 0.17763157894736842 0.042222222222222223 0.039473684210526314
0 0.23222222222222222 0.7828947368421053 0.024444444444444446 0.03289473684210526
0 0.5666666666666667 0.15213815789473684 0.024444444444444446 0.03782894736842105
0 0.08833333333333333 0.4967105263157895 0.03666666666666667 0.04276315789473684
0 0.4633333333333333 0.453125 0.022222222222222223 0.03125
0 0.25722222222222224 0.15296052631578946 0.021111111111111112 0.039473684210526314
0 0.2838888888888889 0.4942434210526316 0.023333333333333334 0.03453947368421053
0 0.43944444444444447 0.15378289473684212 0.021111111111111112 0.04111842105263158
0 0.17944444444444443 0.45230263157894735 0.023333333333333334 0.03618421052631579
0 0.25722222222222224 0.8675986842105263 0.025555555555555557 0.03453947368421053
0 0.23222222222222222 0.8289473684210527 0.024444444444444446 0.03618421052631579
0 0.33611111111111114 0.5764802631578947 0.023333333333333334 0.03453947368421053
0 0.23277777777777778 0.6167763157894737 0.023333333333333334 0.03289473684210526
0 0.4127777777777778 0.19983552631578946 0.023333333333333334 0.04111842105263158
0 0.23166666666666666 0.6620065789473685 0.023333333333333334 0.03453947368421053
0 0.15166666666666667 0.2870065789473684 0.023333333333333334 0.03453947368421053
0 0.2577777777777778 0.7417763157894737 0.022222222222222223 0.03618421052631579
0 0.7611111111111111 0.5789473684210527 0.035555555555555556 0.046052631578947366
0 0.2311111111111111 0.328125 0.022222222222222223 0.03453947368421053
0 0.5661111111111111 0.328125 0.021111111111111112 0.03782894736842105
0 0.2838888888888889 0.3248355263157895 0.023333333333333334 0.03782894736842105
0 0.2311111111111111 0.7442434210526315 0.02 0.03125
0 0.25722222222222224 0.7828947368421053 0.023333333333333334 0.039473684210526314
0 0.17888888888888888 0.32730263157894735 0.02 0.03289473684210526
0 0.5666666666666667 0.28536184210526316 0.022222222222222223 0.04111842105263158
0 0.20555555555555555 0.2886513157894737 0.022222222222222223 0.03782894736842105
0 0.08888888888888889 0.537828947368421 0.03777777777777778 0.039473684210526314
0 0.5666666666666667 0.2450657894736842 0.024444444444444446 0.03289473684210526
0 0.3372222222222222 0.7425986842105263 0.023333333333333334 0.03453947368421053
0 0.36 0.45230263157894735 0.022222222222222223 0.03289473684210526
0 0.17888888888888888 0.2870065789473684 0.022222222222222223 0.03782894736842105
0 0.2577777777777778 0.7014802631578947 0.022222222222222223 0.03453947368421053
0 0.23166666666666666 0.8692434210526315 0.023333333333333334 0.03453947368421053
0 0.46444444444444444 0.41118421052631576 0.022222222222222223 0.039473684210526314
0 0.17888888888888888 0.3692434210526316 0.022222222222222223 0.03782894736842105
0 0.38666666666666666 0.28536184210526316 0.017777777777777778 0.03782894736842105
0 0.23166666666666666 0.45148026315789475 0.023333333333333334 0.03453947368421053
0 0.17888888888888888 0.7417763157894737 0.022222222222222223 0.03618421052631579
0 0.33611111111111114 0.19901315789473684 0.021111111111111112 0.03618421052631579
0 0.3372222222222222 0.912828947368421 0.027777777777777776 0.04276315789473684
0 0.2838888888888889 0.24342105263157895 0.023333333333333334 0.039473684210526314
0 0.8633333333333333 0.29194078947368424 0.03333333333333333 0.03782894736842105
0 0.7622222222222222 0.9120065789473685 0.035555555555555556 0.044407894736842105
0 0.44 0.4934210526315789 0.022222222222222223 0.03618421052631579
0 0.9183333333333333 0.6217105263157895 0.034444444444444444 0.046052631578947366
0 0.4127777777777778 0.8248355263157895 0.025555555555555557 0.03782894736842105
0 0.8638888888888889 0.453125 0.034444444444444444 0.044407894736842105
0 0.8633333333333333 0.20394736842105263 0.03333333333333333 0.046052631578947366
0 0.08833333333333333 0.4120065789473684 0.03222222222222222 0.04111842105263158
0 0.4122222222222222 0.6595394736842105 0.022222222222222223 0.03618421052631579
0 0.3372222222222222 0.8667763157894737 0.027777777777777776 0.039473684210526314
0 0.9166666666666666 0.33305921052631576 0.03333333333333333 0.04111842105263158
0 0.5666666666666667 0.20230263157894737 0.024444444444444446 0.03618421052631579
0 0.7105555555555556 0.703125 0.03222222222222222 0.03782894736842105
0 0.5044444444444445 0.3125 0.042222222222222223 0.039473684210526314
0 0.44 0.32730263157894735 0.02 0.03289473684210526
0 0.5027777777777778 0.24424342105263158 0.043333333333333335 0.04111842105263158
0 0.44 0.41036184210526316 0.022222222222222223 0.04111842105263158
0 0.46444444444444444 0.2870065789473684 0.02 0.03782894736842105
0 0.33666666666666667 0.615953947368421 0.024444444444444446 0.03782894736842105
0 0.08722222222222223 0.5822368421052632 0.03888888888888889 0.049342105263157895
0 0.335 0.453125 0.023333333333333334 0.03782894736842105
0 0.4638888888888889 0.20065789473684212 0.023333333333333334 0.03289473684210526
0 0.7094444444444444 0.9111842105263158 0.034444444444444444 0.04276315789473684
0 0.23333333333333334 0.7039473684210527 0.024444444444444446 0.03618421052631579
0 0.4122222222222222 0.15296052631578946 0.024444444444444446 0.039473684210526314
0 0.3611111111111111 0.28536184210526316 0.022222222222222223 0.03782894736842105
0 0.08833333333333333 0.45394736842105265 0.034444444444444444 0.04276315789473684
0 0.9172222222222223 0.4152960526315789 0.034444444444444444 0.04111842105263158
0 0.4122222222222222 0.703125 0.024444444444444446 0.03782894736842105
0 0.4638888888888889 0.328125 0.023333333333333334 0.03782894736842105
0 0.6572222222222223 0.19983552631578946 0.03222222222222222 0.047697368421052634
0 0.08944444444444444 0.32730263157894735 0.034444444444444444 0.039473684210526314
0 0.7616666666666667 0.4144736842105263 0.034444444444444444 0.039473684210526314
0 0.23166666666666666 0.28618421052631576 0.023333333333333334 0.039473684210526314
0 0.71 0.7870065789473685 0.03333333333333333 0.04111842105263158
0 0.4122222222222222 0.4934210526315789 0.024444444444444446 0.03618421052631579
0 0.41333333333333333 0.32894736842105265 0.022222222222222223 0.03618421052631579
0 0.7094444444444444 0.5756578947368421 0.03222222222222222 0.04276315789473684
0 0.25722222222222224 0.19983552631578946 0.023333333333333334 0.03782894736842105
0 0.7094444444444444 0.8708881578947368 0.03222222222222222 0.04111842105263158
0 0.7094444444444444 0.6175986842105263 0.034444444444444444 0.04111842105263158
0 0.4122222222222222 0.2878289473684211 0.022222222222222223 0.03618421052631579
0 0.555 0.4588815789473684 0.03666666666666667 0.046052631578947366
0 0.4127777777777778 0.2450657894736842 0.023333333333333334 0.039473684210526314
0 0.9172222222222223 0.29194078947368424 0.034444444444444444 0.04111842105263158
0 0.8627777777777778 0.25 0.034444444444444444 0.046052631578947366
0 0.46444444444444444 0.4942434210526316 0.024444444444444446 0.04111842105263158
0 0.8122222222222222 0.20559210526315788 0.03333333333333333 0.046052631578947366
0 0.5544444444444444 0.3675986842105263 0.03333333333333333 0.047697368421052634
0 0.43944444444444447 0.45394736842105265 0.023333333333333334 0.03618421052631579
0 0.8127777777777778 0.24753289473684212 0.034444444444444444 0.04111842105263158
0 0.7077777777777777 0.4136513157894737 0.03333333333333333 0.03782894736842105
0 0.9177777777777778 0.45723684210526316 0.035555555555555556 0.04276315789473684
0 0.7072222222222222 0.2902960526315789 0.03 0.04111842105263158
0 0.5027777777777778 0.44819078947368424 0.04111111111111111 0.047697368421052634
0 0.7622222222222222 0.7450657894736842 0.035555555555555556 0.039473684210526314
0 0.7083333333333334 0.4942434210526316 0.034444444444444444 0.04111842105263158
0 0.6566666666666666 0.4161184210526316 0.03777777777777778 0.046052631578947366
0 0.71 0.8289473684210527 0.03333333333333333 0.04276315789473684
0 0.6066666666666667 0.20148026315789475 0.03111111111111111 0.03782894736842105
0 0.44 0.2870065789473684 0.022222222222222223 0.03782894736842105
0 0.7616666666666667 0.45476973684210525 0.03222222222222222 0.04111842105263158
0 0.7616666666666667 0.6620065789473685 0.034444444444444444 0.04111842105263158
0 0.7072222222222222 0.24753289473684212 0.03222222222222222 0.044407894736842105
0 0.4122222222222222 0.37088815789473684 0.022222222222222223 0.03782894736842105