0 0.6173333333333333 0.928125 0.037333333333333336 0.034375
0 0.7273333333333334 0.896875 0.03866666666666667 0.0375
0 0.8426666666666667 0.7609375 0.037333333333333336 0.0375
0 0.49266666666666664 0.290625 0.034666666666666665 0.034375
0 0.2653333333333333 0.8375 0.04 0.0375
0 0.8453333333333334 0.725 0.037333333333333336 0.034375
0 0.43533333333333335 0.70234375 0.03333333333333333 0.034375
0 0.11533333333333333 0.3875 0.037333333333333336 0.0375
0 0.49666666666666665 0.22578125 0.032 0.0265625
0 0.8486666666666667 0.58046875 0.034666666666666665 0.0328125
0 0.5646666666666667 0.92265625 0.037333333333333336 0.034375
0 0.618 0.89296875 0.036 0.0390625
0 0.264 0.9078125 0.03866666666666667 0.0375
0 0.6253333333333333 0.74921875 0.037333333333333336 0.0390625
0 0.6306666666666667 0.60390625 0.036 0.0328125
0 0.31933333333333336 0.87421875 0.036 0.034375
0 0.32066666666666666 0.83828125 0.036 0.034375
0 0.37466666666666665 0.91484375 0.037333333333333336 0.0375
0 0.536 0.3421875 0.036 0.0390625
0 0.8553333333333333 0.47265625 0.034666666666666665 0.0390625
0 0.51 0.88671875 0.036 0.0375
0 0.7466666666666667 0.42890625 0.03333333333333333 0.0359375
0 0.64 0.34765625 0.036 0.0421875
0 0.42866666666666664 0.88203125 0.036 0.0375
0 0.27266666666666667 0.6546875 0.03333333333333333 0.0375
0 0.6786666666666666 0.7875 0.037333333333333336 0.034375
0 0.8506666666666667 0.54453125 0.036 0.0359375
0 0.17333333333333334 0.35234375 0.03866666666666667 0.0421875
0 0.518 0.74140625 0.03866666666666667 0.040625
0 0.6733333333333333 0.89453125 0.037333333333333336 0.0390625
0 0.376 0.8796875 0.034666666666666665 0.0359375
0 0.7966666666666666 0.578125 0.034666666666666665 0.034375
0 0.39666666666666667 0.33125 0.034666666666666665 0.0390625
0 0.22933333333333333 0.3203125 0.03333333333333333 0.040625
0 0.2786666666666667 0.5109375 0.036 0.0375
0 0.568 0.8171875 0.037333333333333336 0.0328125
0 0.20866666666666667 0.86796875 0.036 0.0359375
0 0.218 0.61640625 0.03866666666666667 0.0359375
0 0.27 0.690625 0.036 0.0359375
0 0.564 0.88671875 0.037333333333333336 0.0390625
0 0.326 0.73046875 0.03866666666666667 0.0375
0 0.112 0.46484375 0.036 0.0359375
0 0.16933333333333334 0.428125 0.036 0.04375
0 0.118 0.3140625 0.037333333333333336 0.0375
0 0.7886666666666666 0.75859375 0.036 0.0359375
0 0.7386666666666667 0.646875 0.036 0.034375
0 0.228 0.3578125 0.036 0.034375
0 0.5146666666666667 0.81484375 0.034666666666666665 0.0375
0 0.5193333333333333 0.70390625 0.036 0.034375
0 0.6853333333333333 0.6453125 0.03866666666666667 0.0375
0 0.8593333333333333 0.36171875 0.034666666666666665 0.0359375
0 0.166 0.53828125 0.04 0.0390625
0 0.43 0.846875 0.036 0.0359375
0 0.7313333333333333 0.8265625 0.03866666666666667 0.0375
0 0.6766666666666666 0.82421875 0.036 0.0359375
0 0.21533333333333332 0.72265625 0.036 0.0359375
0 0.576 0.59921875 0.036 0.034375
0 0.3333333333333333 0.55 0.036 0.040625
0 0.5886666666666667 0.34375 0.034666666666666665 0.0359375
0 0.114 0.4265625 0.04 0.040625
0 0.798 0.540625 0.037333333333333336 0.0375
0 0.11 0.50234375 0.037333333333333336 0.0421875
0 0.8053333333333333 0.359375 0.036 0.040625
0 0.5233333333333333 0.59765625 0.034666666666666665 0.034375
0 0.2826666666666667 0.43828125 0.03866666666666667 0.0390625
0 0.38266666666666665 0.7 0.037333333333333336 0.0359375
0 0.2673333333333333 0.8015625 0.03866666666666667 0.0375
0 0.324 0.7671875 0.037333333333333336 0.0390625
0 0.7906666666666666 0.721875 0.037333333333333336 0.0375
0 0.342 0.328125 0.034666666666666665 0.0375
0 0.7426666666666667 0.57578125 0.036 0.0359375
0 0.6353333333333333 0.49453125 0.037333333333333336 0.0375
0 0.7406666666666667 0.6109375 0.037333333333333336 0.0375
0 0.5213333333333333 0.66875 0.037333333333333336 0.0390625
0 0.5826666666666667 0.45625 0.03333333333333333 0.0359375
0 0.43133333333333335 0.81015625 0.036 0.0375
0 0.682 0.68125 0.037333333333333336 0.0375
0 0.694 0.38828125 0.037333333333333336 0.0359375
0 0.5813333333333334 0.4921875 0.036 0.0390625
0 0.6393333333333333 0.3859375 0.037333333333333336 0.0390625
0 0.6893333333333334 0.4984375 0.036 0.034375
0 0.43666666666666665 0.6671875 0.036 0.0359375
0 0.6213333333333333 0.82109375 0.037333333333333336 0.0390625
0 0.388 0.553125 0.03866666666666667 0.0390625
0 0.6933333333333334 0.42734375 0.036 0.0359375
0 0.44533333333333336 0.44609375 0.036 0.040625
0 0.386 0.62578125 0.03866666666666667 0.0375
0 0.222 0.50859375 0.037333333333333336 0.0390625
0 0.43733333333333335 0.63125 0.036 0.0359375
0 0.3406666666666667 0.36640625 0.037333333333333336 0.0390625
0 0.2826666666666667 0.40078125 0.036 0.0359375
0 0.43866666666666665 0.59375 0.036 0.0390625
0 0.21733333333333332 0.65234375 0.037333333333333336 0.0390625
0 0.3313333333333333 0.5875 0.034666666666666665 0.0375
0 0.5793333333333334 0.5296875 0.037333333333333336 0.0390625
0 0.21333333333333335 0.76015625 0.037333333333333336 0.0421875
0 0.6886666666666666 0.53359375 0.037333333333333336 0.0359375
0 0.5266666666666666 0.52578125 0.036 0.0375
0 0.5326666666666666 0.37890625 0.034666666666666665 0.0375
0 0.8006666666666666 0.4703125 0.037333333333333336 0.034375
0 0.7446666666666667 0.503125 0.037333333333333336 0.0375
0 0.444 0.484375 0.036 0.0359375
0 0.37933333333333336 0.8078125 0.03866666666666667 0.0390625
0 0.57 0.7828125 0.03866666666666667 0.0390625
0 0.44666666666666666 0.409375 0.036 0.0359375
0 0.5726666666666667 0.7078125 0.03866666666666667 0.0390625
0 0.44866666666666666 0.3734375 0.034666666666666665 0.0359375
0 0.686 0.60859375 0.037333333333333336 0.0359375
0 0.39 0.48125 0.037333333333333336 0.0359375
0 0.33866666666666667 0.40546875 0.036 0.0390625
0 0.7366666666666667 0.7203125 0.03866666666666667 0.040625
0 0.45 0.33515625 0.037333333333333336 0.040625
0 0.6873333333333334 0.571875 0.037333333333333336 0.040625
0 0.632 0.56875 0.036 0.0375
0 0.5853333333333334 0.38125 0.036 0.0390625
0 0.39466666666666667 0.4078125 0.036 0.0375
0 0.5246666666666666 0.5625 0.037333333333333336 0.0359375
0 0.2866666666666667 0.3234375 0.036 0.040625
0 0.634 0.53203125 0.037333333333333336 0.0375
0 0.5313333333333333 0.41796875 0.034666666666666665 0.040625
0 0.584 0.4203125 0.036 0.0390625
0 0.528 0.48984375 0.036 0.0375
0 0.848 0.61484375 0.036 0.0390625
0 0.566 0.85078125 0.036 0.0375
0 0.6813333333333333 0.71640625 0.034666666666666665 0.0359375
0 0.8466666666666667 0.653125 0.03866666666666667 0.0375
0 0.522 0.6328125 0.03333333333333333 0.0359375
0 0.5153333333333333 0.7796875 0.036 0.0359375
0 0.2793333333333333 0.475 0.037333333333333336 0.0375
0 0.22333333333333333 0.47109375 0.037333333333333336 0.0390625
0 0.8526666666666667 0.509375 0.037333333333333336 0.034375
0 0.37733333333333335 0.84453125 0.037333333333333336 0.0375
0 0.16533333333333333 0.575 0.037333333333333336 0.0375
0 0.31933333333333336 0.91171875 0.03866666666666667 0.040625
0 0.7433333333333333 0.53984375 0.037333333333333336 0.0359375
0 0.326 0.6953125 0.036 0.0359375
0 0.7933333333333333 0.64921875 0.036 0.0359375
0 0.26866666666666666 0.76328125 0.03866666666666667 0.0390625
0 0.226 0.39453125 0.037333333333333336 0.0390625
0 0.7993333333333333 0.50625 0.034666666666666665 0.0375
0 0.8453333333333334 0.68984375 0.037333333333333336 0.0359375
0 0.212 0.79921875 0.037333333333333336 0.0359375
0 0.22133333333333333 0.54609375 0.03866666666666667 0.0390625
0 0.628 0.6765625 0.034666666666666665 0.034375
0 0.44133333333333336 0.5203125 0.036 0.0359375
0 0.16733333333333333 0.5015625 0.037333333333333336 0.0375
0 0.284 0.36328125 0.036 0.0390625
0 0.5733333333333334 0.671875 0.034666666666666665 0.0328125
0 0.382 0.73671875 0.03866666666666667 0.0375
0 0.20866666666666667 0.9046875 0.037333333333333336 0.040625
0 0.21933333333333332 0.58125 0.037333333333333336 0.0375
0 0.17466666666666666 0.31640625 0.03866666666666667 0.0359375
0 0.5706666666666667 0.74609375 0.037333333333333336 0.0375
0 0.168 0.4671875 0.036 0.034375
0 0.27466666666666667 0.58515625 0.03866666666666667 0.0390625
0 0.3273333333333333 0.66015625 0.036 0.034375
0 0.334 0.51328125 0.037333333333333336 0.0359375
0 0.38666666666666666 0.58984375 0.036 0.0375
0 0.8013333333333333 0.43359375 0.03866666666666667 0.0359375
0 0.6366666666666667 0.42421875 0.034666666666666665 0.0359375
0 0.6273333333333333 0.71171875 0.03866666666666667 0.0390625
0 0.16333333333333333 0.6140625 0.03866666666666667 0.040625
0 0.7453333333333333 0.465625 0.036 0.0375
0 0.8033333333333333 0.396875 0.037333333333333336 0.0375
0 0.794 0.6140625 0.037333333333333336 0.0375
0 0.33 0.62265625 0.036 0.0375
0 0.7926666666666666 0.6859375 0.036 0.0375
0 0.43266666666666664 0.77421875 0.036 0.0375
0 0.49533333333333335 0.271875 0.028 0.0078125
0 0.384 0.66328125 0.037333333333333336 0.0375
0 0.53 0.4546875 0.034666666666666665 0.0328125
0 0.734 0.75859375 0.036 0.0359375
0 0.6906666666666667 0.46328125 0.036 0.0390625
0 0.322 0.8046875 0.036 0.0359375
0 0.7493333333333333 0.3921875 0.036 0.0375
0 0.44066666666666665 0.55546875 0.037333333333333336 0.0375
0 0.6293333333333333 0.63984375 0.03866666666666667 0.0390625
0 0.5753333333333334 0.6359375 0.036 0.0390625
0 0.5793333333333334 0.56640625 0.037333333333333336 0.034375
0 0.39666666666666667 0.3703125 0.037333333333333336 0.0375
0 0.3893333333333333 0.51640625 0.036 0.0375
0 0.488 0.4265625 0.024 0.021875
0 0.4886666666666667 0.39609375 0.03333333333333333 0.0359375
0 0.4866666666666667 0.4484375 0.030666666666666665 0.025
0 0.21 0.83203125 0.03866666666666667 0.0359375
0 0.47733333333333333 0.8125 0.021333333333333333 0.03125
0 0.6746666666666666 0.8578125 0.034666666666666665 0.034375
0 0.7506666666666667 0.35625 0.03333333333333333 0.034375
0 0.11666666666666667 0.35078125 0.037333333333333336 0.0359375
0 0.8373333333333334 0.90546875 0.04 0.0359375
0 0.8386666666666667 0.871875 0.037333333333333336 0.034375
0 0.22533333333333333 0.4328125 0.036 0.040625
0 0.8353333333333334 0.93984375 0.03866666666666667 0.0359375
0 0.6793333333333333 0.75234375 0.03866666666666667 0.0390625
0 0.856 0.4359375 0.03333333333333333 0.0375
0 0.5086666666666667 0.92265625 0.036 0.034375
0 0.636 0.45625 0.03333333333333333 0.03125
0 0.512 0.85078125 0.034666666666666665 0.0375
0 0.84 0.83671875 0.037333333333333336 0.0390625
0 0.6966666666666667 0.3515625 0.034666666666666665 0.034375
0 0.17066666666666666 0.3890625 0.03333333333333333 0.034375
0 0.11866666666666667 0.278125 0.03866666666666667 0.0375
0 0.12133333333333333 0.24140625 0.036 0.0390625
0 0.496 0.25390625 0.030666666666666665 0.0296875
0 0.7273333333333334 0.93359375 0.036 0.0359375
0 0.274 0.62109375 0.037333333333333336 0.0328125
0 0.856 0.39921875 0.03333333333333333 0.0390625
0 0.49133333333333334 0.321875 0.030666666666666665 0.03125
0 0.7873333333333333 0.79453125 0.036 0.0390625
0 0.42733333333333334 0.9171875 0.036 0.0359375
0 0.434 0.73828125 0.03333333333333333 0.0375
0 0.6206666666666667 0.85703125 0.036 0.0328125
0 0.216 0.68828125 0.034666666666666665 0.0328125
0 0.842 0.79921875 0.03866666666666667 0.0421875
0 0.2773333333333333 0.54765625 0.036 0.0390625
0 0.26466666666666666 0.87265625 0.036 0.0328125
0 0.2693333333333333 0.72578125 0.037333333333333336 0.0359375
0 0.7293333333333333 0.8625 0.037333333333333336 0.034375
0 0.3373333333333333 0.44140625 0.036 0.0359375
0 0.6726666666666666 0.93203125 0.03866666666666667 0.0359375
0 0.37933333333333336 0.77265625 0.036 0.034375
0 0.336 0.478125 0.036 0.034375
0 0.7326666666666667 0.7921875 0.036 0.034375
0 0.738 0.68125 0.036 0.0375
0 0.624 0.78515625 0.034666666666666665 0.0359375
0 0.7513333333333333 0.31796875 0.034666666666666665 0.0421875
0 0.39266666666666666 0.44375 0.037333333333333336 0.0390625