0 0.758 0.384375 0.03333333333333333 0.0375
0 0.5 0.41484375 0.02666666666666667 0.0296875
0 0.5 0.39140625 0.024 0.015625
0 0.49866666666666665 0.26328125 0.032 0.0328125
0 0.76 0.7828125 0.034666666666666665 0.034375
0 0.7053333333333334 0.3125 0.034666666666666665 0.0375
0 0.8686666666666667 0.85078125 0.036 0.0328125
0 0.12466666666666666 0.528125 0.036 0.034375
0 0.758 0.52734375 0.028 0.0328125
0 0.7586666666666667 0.59921875 0.032 0.0296875
0 0.124 0.74375 0.034666666666666665 0.034375
0 0.4026666666666667 0.81796875 0.037333333333333336 0.0421875
0 0.5393333333333333 0.85078125 0.036 0.0359375
0 0.498 0.296875 0.028 0.028125
0 0.7593333333333333 0.63359375 0.03333333333333333 0.0359375
0 0.868 0.67109375 0.029333333333333333 0.0328125
0 0.8686666666666667 0.81640625 0.036 0.0359375
0 0.4033333333333333 0.78046875 0.036 0.0359375
0 0.816 0.8515625 0.034666666666666665 0.034375
0 0.868 0.7453125 0.032 0.0375
0 0.8146666666666667 0.78046875 0.034666666666666665 0.0359375
0 0.868 0.27734375 0.034666666666666665 0.0328125
0 0.18066666666666667 0.4203125 0.036 0.040625
0 0.5406666666666666 0.7796875 0.03333333333333333 0.028125
0 0.8673333333333333 0.42109375 0.03333333333333333 0.0296875
0 0.8686666666666667 0.88671875 0.036 0.0359375
0 0.8146666666666667 0.74609375 0.034666666666666665 0.0328125
0 0.868 0.634375 0.034666666666666665 0.0375
0 0.5406666666666666 0.603125 0.036 0.034375
0 0.8153333333333334 0.8875 0.03866666666666667 0.034375
0 0.76 0.74609375 0.037333333333333336 0.0359375
0 0.816 0.81640625 0.037333333333333336 0.0359375
0 0.5946666666666667 0.88828125 0.037333333333333336 0.0296875
0 0.45666666666666667 0.52734375 0.03333333333333333 0.0328125
0 0.12466666666666666 0.81640625 0.036 0.0328125
0 0.23733333333333334 0.8171875 0.034666666666666665 0.03125
0 0.348 0.565625 0.034666666666666665 0.0375
0 0.758 0.56328125 0.03333333333333333 0.0390625
0 0.7586666666666667 0.41875 0.032 0.03125
0 0.758 0.4921875 0.03333333333333333 0.034375
0 0.594 0.74453125 0.036 0.0359375
0 0.8693333333333333 0.78046875 0.034666666666666665 0.0328125
0 0.5393333333333333 0.74921875 0.036 0.0359375
0 0.5406666666666666 0.63984375 0.03333333333333333 0.0359375
0 0.594 0.49140625 0.03333333333333333 0.0328125
0 0.54 0.71015625 0.037333333333333336 0.0390625
0 0.12533333333333332 0.6359375 0.037333333333333336 0.0375
0 0.8666666666666667 0.3125 0.034666666666666665 0.034375
0 0.594 0.815625 0.036 0.0375
0 0.5946666666666667 0.52734375 0.034666666666666665 0.0390625
0 0.54 0.8890625 0.034666666666666665 0.0375
0 0.18066666666666667 0.81484375 0.036 0.0328125
0 0.456 0.70859375 0.034666666666666665 0.0328125
0 0.4033333333333333 0.85625 0.036 0.034375
0 0.7593333333333333 0.8515625 0.036 0.0375
0 0.76 0.71015625 0.037333333333333336 0.0359375
0 0.814 0.63515625 0.036 0.0359375
0 0.29333333333333333 0.4203125 0.034666666666666665 0.034375
0 0.8673333333333333 0.23828125 0.036 0.0421875
0 0.456 0.74453125 0.034666666666666665 0.0359375
0 0.18 0.74375 0.034666666666666665 0.034375
0 0.5406666666666666 0.675 0.036 0.034375
0 0.594 0.8546875 0.036 0.034375
0 0.292 0.6734375 0.034666666666666665 0.03125
0 0.2926666666666667 0.8171875 0.036 0.034375
0 0.18 0.63828125 0.032 0.0328125
0 0.23666666666666666 0.41953125 0.03333333333333333 0.0359375
0 0.814 0.6734375 0.036 0.034375
0 0.4033333333333333 0.63671875 0.036 0.0359375
0 0.23666666666666666 0.63671875 0.036 0.0328125
0 0.8126666666666666 0.42109375 0.036 0.0359375
0 0.7606666666666667 0.67265625 0.036 0.0390625
0 0.4033333333333333 0.56640625 0.036 0.0359375
0 0.8133333333333334 0.56328125 0.032 0.0359375
0 0.4033333333333333 0.53125 0.036 0.034375
0 0.3473333333333333 0.74609375 0.036 0.0390625
0 0.12533333333333332 0.49296875 0.034666666666666665 0.0359375
0 0.594 0.45625 0.030666666666666665 0.034375
0 0.34933333333333333 0.3109375 0.032 0.034375
0 0.12533333333333332 0.8921875 0.037333333333333336 0.0375
0 0.126 0.3453125 0.03333333333333333 0.034375
0 0.23666666666666666 0.56484375 0.03333333333333333 0.0328125
0 0.236 0.67265625 0.034666666666666665 0.0328125
0 0.182 0.38125 0.03333333333333333 0.034375
0 0.5006666666666667 0.1984375 0.028 0.028125
0 0.456 0.5640625 0.034666666666666665 0.0375
0 0.23733333333333334 0.45625 0.037333333333333336 0.0375
0 0.124 0.78046875 0.037333333333333336 0.0390625
0 0.294 0.346875 0.036 0.0375
0 0.758 0.3125 0.03333333333333333 0.0375
0 0.18 0.7796875 0.037333333333333336 0.034375
0 0.292 0.4921875 0.034666666666666665 0.034375
0 0.23533333333333334 0.7078125 0.036 0.0375
0 0.868 0.56328125 0.034666666666666665 0.0359375
0 0.4046666666666667 0.49453125 0.03333333333333333 0.0359375
0 0.23733333333333334 0.3078125 0.032 0.0375
0 0.8666666666666667 0.34921875 0.034666666666666665 0.0359375
0 0.456 0.49140625 0.034666666666666665 0.0390625
0 0.29133333333333333 0.6375 0.036 0.0375
0 0.18066666666666667 0.56484375 0.036 0.0359375
0 0.18066666666666667 0.6015625 0.036 0.0375
0 0.18133333333333335 0.49296875 0.034666666666666665 0.0359375
0 0.542 0.4953125 0.03333333333333333 0.034375
0 0.596 0.203125 0.034666666666666665 0.0375
0 0.868 0.4546875 0.034666666666666665 0.0375
0 0.3486666666666667 0.3859375 0.03333333333333333 0.034375
0 0.4053333333333333 0.309375 0.032 0.0375
0 0.5406666666666666 0.53125 0.03333333333333333 0.0375
0 0.292 0.6015625 0.034666666666666665 0.034375
0 0.542 0.42421875 0.030666666666666665 0.0359375
0 0.4033333333333333 0.421875 0.036 0.034375
0 0.3486666666666667 0.421875 0.03333333333333333 0.034375
0 0.594 0.3125 0.03333333333333333 0.034375
0 0.18333333333333332 0.30859375 0.03333333333333333 0.0359375
0 0.29333333333333333 0.384375 0.034666666666666665 0.034375
0 0.2926666666666667 0.565625 0.036 0.0375
0 0.238 0.346875 0.03333333333333333 0.034375
0 0.18266666666666667 0.3453125 0.034666666666666665 0.0375
0 0.8673333333333333 0.38515625 0.036 0.0328125
0 0.3486666666666667 0.45703125 0.03333333333333333 0.0328125
0 0.292 0.45546875 0.034666666666666665 0.0359375
0 0.12466666666666666 0.6 0.036 0.0375
0 0.5413333333333333 0.38828125 0.032 0.0328125
0 0.5946666666666667 0.278125 0.034666666666666665 0.034375
0 0.126 0.38125 0.036 0.0375
0 0.236 0.49453125 0.032 0.0359375
0 0.294 0.27421875 0.036 0.0328125
0 0.812 0.3859375 0.037333333333333336 0.034375
0 0.4046666666666667 0.4578125 0.03333333333333333 0.0375
0 0.542 0.459375 0.03333333333333333 0.034375
0 0.23733333333333334 0.38203125 0.034666666666666665 0.0359375
0 0.34933333333333333 0.49453125 0.034666666666666665 0.0390625
0 0.49866666666666665 0.36875 0.032 0.034375
0 0.7593333333333333 0.81484375 0.03333333333333333 0.0328125
0 0.138 0.67265625 0.02266666666666667 0.0265625
0 0.504 0.7828125 0.021333333333333333 0.028125
0 0.45666666666666667 0.45546875 0.036 0.0234375
0 0.3466666666666667 0.60078125 0.034666666666666665 0.0359375
0 0.126 0.41953125 0.036 0.0390625
0 0.5406666666666666 0.8140625 0.036 0.0375
0 0.2926666666666667 0.74453125 0.036 0.0359375
0 0.18066666666666667 0.528125 0.036 0.034375
0 0.29333333333333333 0.85234375 0.037333333333333336 0.0359375
0 0.18133333333333335 0.85234375 0.034666666666666665 0.0390625
0 0.594 0.6015625 0.036 0.0375
0 0.404 0.88984375 0.037333333333333336 0.0359375
0 0.23666666666666666 0.74296875 0.036 0.0328125
0 0.594 0.71015625 0.03866666666666667 0.0328125
0 0.23666666666666666 0.85234375 0.036 0.0359375
0 0.456 0.6375 0.034666666666666665 0.0375
0 0.4033333333333333 0.67265625 0.036 0.0359375
0 0.65 0.24296875 0.03333333333333333 0.0359375
0 0.8146666666666667 0.71171875 0.037333333333333336 0.0359375
0 0.8673333333333333 0.52734375 0.036 0.0359375
0 0.5946666666666667 0.778125 0.034666666666666665 0.034375
0 0.868 0.59921875 0.034666666666666665 0.0328125
0 0.34933333333333333 0.53125 0.032 0.03125
0 0.456 0.815625 0.034666666666666665 0.0375
0 0.4573333333333333 0.85234375 0.034666666666666665 0.0359375
0 0.2926666666666667 0.78125 0.036 0.034375
0 0.182 0.890625 0.03333333333333333 0.034375
0 0.8673333333333333 0.4921875 0.036 0.034375
0 0.294 0.23515625 0.036 0.0390625
0 0.12533333333333332 0.30703125 0.032 0.0390625
0 0.12533333333333332 0.70546875 0.037333333333333336 0.0421875
0 0.4033333333333333 0.74609375 0.036 0.0328125
0 0.5933333333333334 0.5640625 0.034666666666666665 0.034375
0 0.5413333333333333 0.56796875 0.034666666666666665 0.0328125
0 0.23733333333333334 0.88671875 0.037333333333333336 0.0328125
0 0.7586666666666667 0.3484375 0.032 0.03125
0 0.18 0.70859375 0.034666666666666665 0.0359375
0 0.2926666666666667 0.8875 0.03866666666666667 0.034375
0 0.868 0.7078125 0.034666666666666665 0.0375
0 0.23733333333333334 0.7796875 0.034666666666666665 0.040625
0 0.4026666666666667 0.7109375 0.037333333333333336 0.0375
0 0.8133333333333334 0.6 0.034666666666666665 0.034375
0 0.45666666666666667 0.7796875 0.03333333333333333 0.034375
0 0.5933333333333334 0.6390625 0.037333333333333336 0.0375
0 0.3466666666666667 0.63828125 0.037333333333333336 0.0359375
0 0.404 0.60234375 0.034666666666666665 0.0328125
0 0.3473333333333333 0.709375 0.036 0.034375
0 0.4573333333333333 0.8875 0.034666666666666665 0.034375
0 0.65 0.2046875 0.036 0.0375
0 0.12466666666666666 0.5625 0.03333333333333333 0.034375
0 0.3473333333333333 0.6734375 0.036 0.034375
0 0.7593333333333333 0.45390625 0.036 0.0390625
0 0.594 0.421875 0.03333333333333333 0.034375
0 0.8133333333333334 0.4921875 0.034666666666666665 0.034375
0 0.12533333333333332 0.4578125 0.034666666666666665 0.034375
0 0.594 0.675 0.04133333333333333 0.034375
0 0.18 0.67265625 0.034666666666666665 0.0328125
0 0.2926666666666667 0.528125 0.036 0.034375
0 0.76 0.88828125 0.034666666666666665 0.0328125
0 0.8133333333333334 0.45625 0.034666666666666665 0.034375
0 0.12533333333333332 0.85390625 0.037333333333333336 0.0390625
0 0.23666666666666666 0.5296875 0.03333333333333333 0.034375
0 0.18066666666666667 0.45859375 0.03333333333333333 0.0328125
0 0.456 0.6734375 0.034666666666666665 0.034375
0 0.814 0.528125 0.03333333333333333 0.034375
0 0.8126666666666666 0.31171875 0.03333333333333333 0.0390625
0 0.49933333333333335 0.2265625 0.028 0.028125
0 0.2926666666666667 0.70859375 0.036 0.0359375
0 0.45666666666666667 0.60078125 0.036 0.0359375
0 0.45666666666666667 0.42109375 0.03333333333333333 0.0328125
0 0.294 0.31015625 0.036 0.0359375
0 0.23666666666666666 0.60078125 0.036 0.0359375
0 0.5413333333333333 0.35234375 0.032 0.0359375
0 0.45666666666666667 0.30625 0.03333333333333333 0.034375
0 0.4573333333333333 0.34609375 0.034666666666666665 0.0390625
0 0.8126666666666666 0.35078125 0.036 0.0359375
0 0.45666666666666667 0.3859375 0.03333333333333333 0.0375
0 0.5946666666666667 0.3875 0.034666666666666665 0.034375
0 0.34933333333333333 0.3484375 0.034666666666666665 0.0375
0 0.404 0.3484375 0.034666666666666665 0.034375
0 0.5953333333333334 0.2421875 0.036 0.0375
0 0.4033333333333333 0.384375 0.036 0.034375
0 0.5413333333333333 0.31484375 0.034666666666666665 0.0390625
0 0.594 0.34921875 0.036 0.0390625