0 0.6583333333333333 0.3443163097199341 0.04 0.051070840197693576
0 0.42055555555555557 0.6779242174629324 0.03888888888888889 0.05271828665568369
0 0.6538888888888889 0.385502471169687 0.03777777777777778 0.044481054365733116
0 0.5188888888888888 0.20675453047775946 0.04666666666666667 0.044481054365733116
0 0.5227777777777778 0.17298187808896212 0.051111111111111114 0.042833607907743
0 0.6616666666666666 0.30230642504118616 0.03777777777777778 0.042833607907743
0 0.8155555555555556 0.3319604612850082 0.03666666666666667 0.042833607907743
0 0.8083333333333333 0.4135090609555189 0.04 0.039538714991762765
0 0.5061111111111111 0.3393739703459638 0.04555555555555556 0.04612850082372323
0 0.5116666666666667 0.2742998352553542 0.04666666666666667 0.044481054365733116
0 0.5011111111111111 0.40444810543657334 0.04777777777777778 0.039538714991762765
0 0.5155555555555555 0.24217462932454695 0.04888888888888889 0.039538714991762765
0 0.7577777777777778 0.40691927512355847 0.03777777777777778 0.039538714991762765
0 0.4861111111111111 0.5551894563426688 0.035555555555555556 0.042833607907743
0 0.5044444444444445 0.3756177924217463 0.04555555555555556 0.039538714991762765
0 0.4772222222222222 0.7751235584843492 0.024444444444444446 0.02800658978583196
0 0.6038888888888889 0.3772652388797364 0.03666666666666667 0.04612850082372323
0 0.5088888888888888 0.30807248764415157 0.044444444444444446 0.039538714991762765
0 0.48944444444444446 0.5172981878088962 0.042222222222222223 0.04942339373970346
0 0.5233333333333333 0.6952224052718287 0.03777777777777778 0.051070840197693576
0 0.65 0.42833607907743 0.04 0.051070840197693576
0 0.8033333333333333 0.4546952224052718 0.04 0.05271828665568369
0 0.4938888888888889 0.47528830313014825 0.04555555555555556 0.05271828665568369
0 0.7094444444444444 0.35337726523887975 0.03777777777777778 0.054365733113673806
0 0.7605555555555555 0.36655683690280066 0.034444444444444444 0.047775947281713346
0 0.6655555555555556 0.2586490939044481 0.03888888888888889 0.05930807248764415
0 0.47833333333333333 0.7545304777594728 0.025555555555555557 0.029654036243822075
0 0.9105555555555556 0.4332784184514003 0.03777777777777778 0.032948929159802305
0 0.4261111111111111 0.6326194398682042 0.03777777777777778 0.054365733113673806
0 0.5261111111111111 0.6490939044481054 0.03777777777777778 0.054365733113673806
0 0.6077777777777778 0.33607907742998355 0.034444444444444444 0.047775947281713346
0 0.4527777777777778 0.3500823723228995 0.04 0.051070840197693576
0 0.7655555555555555 0.32207578253706753 0.04 0.05271828665568369
0 0.9172222222222223 0.3500823723228995 0.042222222222222223 0.05271828665568369
0 0.6788888888888889 0.6779242174629324 0.03888888888888889 0.054365733113673806
0 0.705 0.400329489291598 0.04 0.054365733113673806
0 0.9127777777777778 0.39621087314662273 0.03666666666666667 0.04942339373970346
0 0.4583333333333333 0.3039538714991763 0.035555555555555556 0.051070840197693576
0 0.6122222222222222 0.2915980230642504 0.03777777777777778 0.051070840197693576
0 0.5555555555555556 0.3237232289950577 0.03888888888888889 0.05271828665568369
0 0.6761111111111111 0.7232289950576606 0.042222222222222223 0.04942339373970346
0 0.8583333333333333 0.42751235584843494 0.04 0.04942339373970346
0 0.6688888888888889 0.8056013179571664 0.04111111111111111 0.05271828665568369
0 0.8622222222222222 0.3830313014827018 0.03777777777777778 0.05601317957166392
0 0.6716666666666666 0.7652388797364086 0.03777777777777778 0.047775947281713346
0 0.5522222222222222 0.3673805601317957 0.035555555555555556 0.04942339373970346
0 0.8111111111111111 0.3731466227347611 0.04111111111111111 0.051070840197693576
0 0.82 0.28665568369028005 0.03888888888888889 0.060955518945634266