0 0.35833333333333334 0.851063829787234 0.04111111111111111 0.057283142389525366
0 0.42055555555555557 0.7937806873977087 0.04 0.05564648117839607
0 0.6383333333333333 0.7659574468085106 0.043333333333333335 0.058919803600654665
0 0.6305555555555555 0.47217675941080195 0.042222222222222223 0.057283142389525366
0 0.5861111111111111 0.41243862520458263 0.04111111111111111 0.057283142389525366
0 0.42333333333333334 0.4238952536824877 0.04111111111111111 0.05564648117839607
0 0.6055555555555555 0.6309328968903437 0.04 0.05564648117839607
0 0.5744444444444444 0.48936170212765956 0.04 0.057283142389525366
0 0.7738888888888888 0.5801963993453355 0.042222222222222223 0.060556464811783964
0 0.43555555555555553 0.3436988543371522 0.04 0.05564648117839607
0 0.6494444444444445 0.6873977086743044 0.044444444444444446 0.060556464811783964
0 0.5955555555555555 0.704582651391162 0.03777777777777778 0.05564648117839607
0 0.3661111111111111 0.4402618657937807 0.04 0.057283142389525366
0 0.35555555555555557 0.516366612111293 0.03888888888888889 0.054009819967266774
0 0.4288888888888889 0.38461538461538464 0.03888888888888889 0.054009819967266774
0 0.68 0.4959083469721768 0.04111111111111111 0.057283142389525366
0 0.4161111111111111 0.46317512274959083 0.04 0.05564648117839607
0 0.7061111111111111 0.6734860883797054 0.04 0.05564648117839607
0 0.305 0.4950900163666121 0.04 0.054009819967266774
0 0.47833333333333333 0.4075286415711948 0.04 0.054009819967266774
0 0.3438888888888889 0.5965630114566285 0.03777777777777778 0.05237315875613748
0 0.6122222222222222 0.5908346972176759 0.04 0.057283142389525366
0 0.5677777777777778 0.530278232405892 0.03777777777777778 0.05564648117839607
0 0.3838888888888889 0.32078559738134205 0.03888888888888889 0.054009819967266774
0 0.4672222222222222 0.483633387888707 0.03888888888888889 0.054009819967266774
0 0.6266666666666667 0.8436988543371522 0.03777777777777778 0.05564648117839607
0 0.44222222222222224 0.3027823240589198 0.042222222222222223 0.060556464811783964
0 0.5972222222222222 0.3314238952536825 0.042222222222222223 0.058919803600654665
0 0.5566666666666666 0.6063829787234043 0.04111111111111111 0.057283142389525366
0 0.2427777777777778 0.5523731587561375 0.04111111111111111 0.058919803600654665
0 0.4727777777777778 0.44435351882160395 0.03888888888888889 0.054009819967266774
0 0.3377777777777778 0.6342062193126022 0.03888888888888889 0.054009819967266774
0 0.2927777777777778 0.5720130932896891 0.04 0.05564648117839607
0 0.7955555555555556 0.7962356792144026 0.04111111111111111 0.057283142389525366
0 0.6355555555555555 0.43453355155482815 0.04 0.054009819967266774
0 0.8188888888888889 0.6399345335515548 0.04 0.05564648117839607
0 0.7227777777777777 0.55810147299509 0.043333333333333335 0.057283142389525366
0 0.8383333333333334 0.8576104746317512 0.03888888888888889 0.054009819967266774
0 0.6766666666666666 0.8682487725040916 0.042222222222222223 0.058919803600654665
0 0.6911111111111111 0.41816693944353517 0.042222222222222223 0.057283142389525366
0 0.6155555555555555 0.9222585924713584 0.03888888888888889 0.05564648117839607
0 0.22 0.3330605564648118 0.04 0.054009819967266774
0 0.43833333333333335 0.679214402618658 0.042222222222222223 0.057283142389525366
0 0.405 0.5376432078559739 0.035555555555555556 0.05237315875613748
0 0.6627777777777778 0.6112929623567921 0.04 0.057283142389525366
0 0.73 0.5188216039279869 0.042222222222222223 0.058919803600654665
0 0.23222222222222222 0.6284779050736498 0.04 0.057283142389525366
0 0.7911111111111111 0.4623567921440262 0.04111111111111111 0.060556464811783964
0 0.5833333333333334 0.7847790507364976 0.04 0.05564648117839607
0 0.27111111111111114 0.35515548281505727 0.04 0.057283142389525366
0 0.31666666666666665 0.41816693944353517 0.04 0.05564648117839607
0 0.14 0.5081833060556464 0.043333333333333335 0.057283142389525366
0 0.33166666666666667 0.6718494271685761 0.03666666666666667 0.05237315875613748
0 0.4861111111111111 0.3690671031096563 0.03888888888888889 0.05564648117839607
0 0.39111111111111113 0.27986906710310966 0.04111111111111111 0.057283142389525366
0 0.34944444444444445 0.55810147299509 0.03888888888888889 0.05073649754500818
0 0.5655555555555556 0.9018003273322422 0.043333333333333335 0.060556464811783964
0 0.3338888888888889 0.2995090016366612 0.03888888888888889 0.054009819967266774
0 0.4922222222222222 0.3265139116202946 0.04 0.058919803600654665
0 0.645 0.7274959083469722 0.04111111111111111 0.05237315875613748
0 0.7472222222222222 0.4001636661211129 0.04111111111111111 0.058919803600654665
0 0.225 0.6702127659574468 0.04 0.05564648117839607
0 0.29 0.23731587561374795 0.042222222222222223 0.060556464811783964
0 0.20777777777777778 0.7864157119476268 0.042222222222222223 0.058919803600654665
0 0.6977777777777778 0.37970540098199673 0.04111111111111111 0.057283142389525366
0 0.16777777777777778 0.6873977086743044 0.04 0.05564648117839607
0 0.5783333333333334 0.4500818330605565 0.03777777777777778 0.05073649754500818
0 0.8505555555555555 0.779050736497545 0.04111111111111111 0.054009819967266774
0 0.6938888888888889 0.7520458265139116 0.03777777777777778 0.05237315875613748
0 0.32055555555555554 0.7512274959083469 0.042222222222222223 0.057283142389525366
0 0.5888888888888889 0.7446808510638298 0.03888888888888889 0.05564648117839607
0 0.6822222222222222 0.8281505728314239 0.04 0.05564648117839607
0 0.32611111111111113 0.7111292962356792 0.03888888888888889 0.054009819967266774
0 0.26944444444444443 0.7324058919803601 0.04111111111111111 0.05564648117839607
0 0.6183333333333333 0.5499181669394435 0.03888888888888889 0.054009819967266774
0 0.8744444444444445 0.6243862520458265 0.03888888888888889 0.05564648117839607
0 0.25333333333333335 0.4746317512274959 0.042222222222222223 0.05564648117839607
0 0.8277777777777777 0.9345335515548282 0.042222222222222223 0.05564648117839607
0 0.3277777777777778 0.339607201309329 0.04111111111111111 0.05564648117839607
0 0.7355555555555555 0.4787234042553192 0.04 0.05564648117839607
0 0.8455555555555555 0.8191489361702128 0.03888888888888889 0.054009819967266774
0 0.16944444444444445 0.31260229132569556 0.04111111111111111 0.05564648117839607
0 0.7855555555555556 0.5032733224222586 0.04111111111111111 0.054009819967266774
0 0.22 0.70949263502455 0.03666666666666667 0.05237315875613748
0 0.3933333333333333 0.6194762684124386 0.04111111111111111 0.05564648117839607
0 0.7172222222222222 0.5957446808510638 0.04111111111111111 0.05564648117839607
0 0.6111111111111112 0.25040916530278234 0.042222222222222223 0.06546644844517185
0 0.83 0.5662847790507365 0.04 0.05564648117839607
0 0.7883333333333333 0.8346972176759411 0.03888888888888889 0.05237315875613748
0 0.15166666666666667 0.43044189852700493 0.042222222222222223 0.058919803600654665
0 0.32222222222222224 0.37970540098199673 0.03888888888888889 0.054009819967266774
0 0.46166666666666667 0.5237315875613748 0.03777777777777778 0.05564648117839607
0 0.7 0.7127659574468085 0.03888888888888889 0.05237315875613748
0 0.6416666666666667 0.3944353518821604 0.04111111111111111 0.058919803600654665
0 0.6844444444444444 0.45662847790507366 0.03888888888888889 0.05237315875613748
0 0.2477777777777778 0.5122749590834698 0.04111111111111111 0.05237315875613748
0 0.8683333333333333 0.662847790507365 0.03888888888888889 0.05237315875613748
0 0.71 0.29296235679214405 0.04111111111111111 0.058919803600654665
0 0.37277777777777776 0.3993453355155483 0.04 0.05237315875613748
0 0.45055555555555554 0.5990180032733224 0.04 0.054009819967266774
0 0.4438888888888889 0.6382978723404256 0.04 0.05564648117839607
0 0.27555555555555555 0.6898527004909983 0.04111111111111111 0.058919803600654665
0 0.8361111111111111 0.5253682487725041 0.04 0.05564648117839607
0 0.8861111111111111 0.5499181669394435 0.04111111111111111 0.057283142389525366
0 0.4111111111111111 0.502454991816694 0.03777777777777778 0.049099836333878884
0 0.7661111111111111 0.9811783960720131 0.042222222222222223 0.03764320785597381
0 0.8022222222222222 0.7545008183306056 0.03777777777777778 0.05564648117839607
0 0.6244444444444445 0.5130932896890343 0.04 0.05237315875613748
0 0.8916666666666667 0.5073649754500819 0.042222222222222223 0.058919803600654665
0 0.15777777777777777 0.3903436988543372 0.04111111111111111 0.057283142389525366
0 0.3138888888888889 0.79050736497545 0.03888888888888889 0.054009819967266774
0 0.5188888888888888 0.5032733224222586 0.04555555555555556 0.062193126022913256
0 0.6738888888888889 0.5360065466448445 0.03666666666666667 0.05237315875613748
0 0.8322222222222222 0.8968903436988543 0.04111111111111111 0.054009819967266774
0 0.8133333333333334 0.6808510638297872 0.042222222222222223 0.058919803600654665
0 0.21333333333333335 0.7471358428805237 0.04 0.05564648117839607
0 0.6888888888888889 0.7896890343698855 0.03888888888888889 0.05237315875613748
0 0.2644444444444444 0.3960720130932897 0.04111111111111111 0.05564648117839607
0 0.30277777777777776 0.869885433715221 0.044444444444444446 0.060556464811783964
0 0.5716666666666667 0.8608837970540099 0.042222222222222223 0.057283142389525366
0 0.20222222222222222 0.8289689034369886 0.042222222222222223 0.057283142389525366
0 0.39944444444444444 0.5777414075286416 0.03888888888888889 0.05564648117839607
0 0.3605555555555556 0.4787234042553192 0.03666666666666667 0.049099836333878884
0 0.2811111111111111 0.6497545008183306 0.035555555555555556 0.05237315875613748
0 0.3088888888888889 0.4574468085106383 0.03888888888888889 0.05237315875613748
0 0.8161111111111111 0.9918166939443536 0.04 0.016366612111292964
0 0.11166666666666666 0.7062193126022913 0.043333333333333335 0.058919803600654665
0 0.6322222222222222 0.8060556464811784 0.03888888888888889 0.05073649754500818
0 0.905 0.4288052373158756 0.04111111111111111 0.057283142389525366
0 0.3088888888888889 0.8297872340425532 0.042222222222222223 0.057283142389525366
0 0.78 0.5417348608837971 0.03888888888888889 0.05237315875613748
0 0.6 0.6677577741407529 0.03666666666666667 0.049099836333878884
0 0.21444444444444444 0.37315875613747956 0.042222222222222223 0.05564648117839607
0 0.10166666666666667 0.7855973813420621 0.044444444444444446 0.058919803600654665
0 0.6083333333333333 0.9615384615384616 0.04 0.05564648117839607
0 0.5772222222222222 0.823240589198036 0.04111111111111111 0.054009819967266774
0 0.1761111111111111 0.27168576104746317 0.04 0.05564648117839607
0 0.27666666666666667 0.31342062193126025 0.04 0.05564648117839607
0 0.3788888888888889 0.36006546644844517 0.03777777777777778 0.05073649754500818
0 0.19055555555555556 0.5286415711947627 0.04 0.054009819967266774
0 0.1288888888888889 0.5867430441898527 0.042222222222222223 0.05564648117839607
0 0.4572222222222222 0.563011456628478 0.04 0.05237315875613748
0 0.9488888888888889 0.4918166939443535 0.042222222222222223 0.058919803600654665
0 0.17944444444444443 0.6080196399345336 0.03888888888888889 0.05564648117839607
0 0.20277777777777778 0.4500818330605565 0.03888888888888889 0.054009819967266774
0 0.8566666666666667 0.7405891980360065 0.03666666666666667 0.05073649754500818
0 0.15166666666666667 0.8052373158756138 0.042222222222222223 0.060556464811783964
0 0.15722222222222224 0.765139116202946 0.04 0.05237315875613748
0 0.2644444444444444 0.7708674304418985 0.04 0.054009819967266774
0 0.12611111111111112 0.24877250409165302 0.04 0.05564648117839607
0 0.34 0.25859247135842883 0.042222222222222223 0.060556464811783964
0 0.6683333333333333 0.5711947626841244 0.03666666666666667 0.049099836333878884
0 0.29888888888888887 0.532733224222586 0.04 0.05237315875613748
0 0.5488888888888889 0.3076923076923077 0.04888888888888889 0.058919803600654665
0 0.5627777777777778 0.5679214402618658 0.03888888888888889 0.05073649754500818
0 0.5266666666666666 0.8003273322422259 0.04 0.05564648117839607
0 0.9544444444444444 0.4509001636661211 0.04111111111111111 0.054009819967266774
0 0.5444444444444444 0.6841243862520459 0.04111111111111111 0.057283142389525366
0 0.6205555555555555 0.881342062193126 0.03888888888888889 0.05073649754500818
0 0.9188888888888889 0.6841243862520459 0.04 0.054009819967266774
0 0.2577777777777778 0.809328968903437 0.03888888888888889 0.05564648117839607
0 0.5916666666666667 0.37315875613747956 0.04111111111111111 0.054009819967266774
0 0.7783333333333333 0.911620294599018 0.035555555555555556 0.054009819967266774
0 0.9133333333333333 0.7242225859247136 0.04111111111111111 0.05564648117839607
0 0.25222222222222224 0.851063829787234 0.04 0.05564648117839607
0 0.16333333333333333 0.3518821603927987 0.03888888888888889 0.054009819967266774
0 0.5511111111111111 0.6456628477905073 0.03777777777777778 0.05073649754500818
0 0.7605555555555555 0.3158756137479542 0.04111111111111111 0.06382978723404255
0 0.5038888888888889 0.9615384615384616 0.042222222222222223 0.058919803600654665
0 0.14555555555555555 0.46808510638297873 0.04111111111111111 0.054009819967266774
0 0.9072222222222223 0.762684124386252 0.04111111111111111 0.054009819967266774
0 0.2388888888888889 0.2144026186579378 0.042222222222222223 0.062193126022913256
0 0.2833333333333333 0.2765957446808511 0.03777777777777778 0.05237315875613748
0 0.43277777777777776 0.7168576104746317 0.03666666666666667 0.05237315875613748
0 0.1338888888888889 0.5482815057283142 0.043333333333333335 0.057283142389525366
0 0.7844444444444445 0.8715220949263502 0.03888888888888889 0.05237315875613748
0 0.13277777777777777 0.21031096563011456 0.04111111111111111 0.05564648117839607
0 0.8416666666666667 0.4844517184942717 0.03888888888888889 0.054009819967266774
0 0.12 0.2888707037643208 0.04111111111111111 0.05564648117839607
0 0.13833333333333334 0.16775777414075285 0.044444444444444446 0.060556464811783964
0 0.8983333333333333 0.46808510638297873 0.04 0.05237315875613748
0 0.19722222222222222 0.4885433715220949 0.04 0.05564648117839607
0 0.4272222222222222 0.7545008183306056 0.03888888888888889 0.054009819967266774
0 0.9244444444444444 0.6472995090016367 0.04 0.05564648117839607
0 0.6044444444444445 0.9877250409165302 0.03888888888888889 0.024549918166939442
0 0.9016666666666666 0.8019639934533551 0.042222222222222223 0.060556464811783964
0 0.7044444444444444 0.3355155482815057 0.042222222222222223 0.058919803600654665
0 0.2594444444444444 0.43453355155482815 0.042222222222222223 0.057283142389525366
0 0.5205555555555555 0.8404255319148937 0.03888888888888889 0.054009819967266774
0 0.8216666666666667 0.9729950900163666 0.04 0.054009819967266774
0 0.9116666666666666 0.38461538461538464 0.042222222222222223 0.062193126022913256
0 0.12277777777777778 0.6268412438625205 0.04 0.05564648117839607
0 0.3827777777777778 0.6955810147299509 0.03666666666666667 0.049099836333878884
0 0.415 0.8338788870703764 0.04111111111111111 0.057283142389525366
0 0.5405555555555556 0.37315875613747956 0.04888888888888889 0.057283142389525366
0 0.9355555555555556 0.5711947626841244 0.04 0.054009819967266774
0 0.5388888888888889 0.7225859247135843 0.03777777777777778 0.049099836333878884
0 0.8627777777777778 0.7013093289689034 0.03777777777777778 0.054009819967266774
0 0.8244444444444444 0.6031096563011457 0.03888888888888889 0.05073649754500818
0 0.36944444444444446 0.7708674304418985 0.04 0.05564648117839607
0 0.7722222222222223 0.9517184942716858 0.03666666666666667 0.05073649754500818
0 0.23333333333333334 0.25450081833060556 0.03777777777777778 0.05073649754500818
0 0.48944444444444446 0.7757774140752864 0.027777777777777776 0.03764320785597381
0 0.605 0.2937806873977087 0.04111111111111111 0.0425531914893617
0 0.88 0.5875613747954174 0.03777777777777778 0.03927986906710311
0 0.5533333333333333 0.27823240589198034 0.04888888888888889 0.04582651391162029
0 0.535 0.40589198036006546 0.04888888888888889 0.05237315875613748
0 0.185 0.5679214402618658 0.04 0.05564648117839607
0 0.6566666666666666 0.6505728314238952 0.04 0.03927986906710311
0 0.53 0.4328968903436989 0.05 0.05237315875613748
0 0.24722222222222223 0.5957446808510638 0.02666666666666667 0.03927986906710311
0 0.5438888888888889 0.34206219312602293 0.04666666666666667 0.049099836333878884
0 0.8188888888888889 0.7242225859247136 0.025555555555555557 0.03927986906710311
0 0.5644444444444444 0.2144026186579378 0.04777777777777778 0.05564648117839607
0 0.4083333333333333 0.8723404255319149 0.04111111111111111 0.054009819967266774
0 0.5583333333333333 0.24713584288052373 0.04777777777777778 0.05564648117839607
0 0.4033333333333333 0.911620294599018 0.04111111111111111 0.057283142389525366
0 0.9616666666666667 0.41080196399345337 0.043333333333333335 0.060556464811783964
0 0.16166666666666665 0.7266775777414075 0.042222222222222223 0.05564648117839607
0 0.1827777777777778 0.23240589198036007 0.03333333333333333 0.049099836333878884
0 0.1738888888888889 0.6472995090016367 0.03777777777777778 0.05073649754500818
0 0.7111111111111111 0.6342062193126022 0.03777777777777778 0.049099836333878884
0 0.35333333333333333 0.8927986906710311 0.04111111111111111 0.054009819967266774
0 0.2866666666666667 0.6121112929623568 0.03888888888888889 0.05564648117839607
0 0.93 0.6080196399345336 0.03888888888888889 0.054009819967266774
0 0.365 0.8109656301145662 0.03888888888888889 0.049099836333878884
0 0.5155555555555555 0.8780687397708674 0.034444444444444444 0.049099836333878884
0 0.7411111111111112 0.4402618657937807 0.03777777777777778 0.05237315875613748
0 0.37555555555555553 0.7324058919803601 0.035555555555555556 0.05237315875613748
0 0.5094444444444445 0.9189852700490998 0.04111111111111111 0.057283142389525366
0 0.3877777777777778 0.6571194762684124 0.04 0.054009819967266774
0 0.11777777777777777 0.6661211129296236 0.04 0.05564648117839607
0 0.7533333333333333 0.3576104746317512 0.04 0.05564648117839607
0 0.10555555555555556 0.7454991816693944 0.04111111111111111 0.05073649754500818
0 0.22722222222222221 0.2905073649754501 0.04 0.05564648117839607
0 0.5333333333333333 0.7585924713584288 0.03888888888888889 0.054009819967266774
0 0.2088888888888889 0.41080196399345337 0.04111111111111111 0.05237315875613748
0 0.18833333333333332 0.19148936170212766 0.04 0.05564648117839607
0 0.9422222222222222 0.532733224222586 0.04111111111111111 0.054009819967266774