0 0.5026666666666667 0.437984496124031 0.029333333333333333 0.03565891472868217
0 0.5026666666666667 0.40232558139534885 0.029333333333333333 0.03255813953488372
0 0.354 0.27209302325581397 0.036 0.02635658914728682
0 0.128 0.26744186046511625 0.037333333333333336 0.023255813953488372
0 0.7073333333333334 0.7434108527131783 0.036 0.023255813953488372
0 0.504 0.2930232558139535 0.02666666666666667 0.024806201550387597
0 0.5046666666666667 0.36511627906976746 0.028 0.02945736434108527
0 0.7086666666666667 0.27209302325581397 0.036 0.023255813953488372
0 0.546 0.27209302325581397 0.036 0.020155038759689922
0 0.3526666666666667 0.4201550387596899 0.036 0.037209302325581395
0 0.35133333333333333 0.7116279069767442 0.036 0.034108527131782945
0 0.8173333333333334 0.8155038759689922 0.037333333333333336 0.034108527131782945
0 0.296 0.7108527131782946 0.037333333333333336 0.03565891472868217
0 0.8166666666666667 0.7441860465116279 0.036 0.037209302325581395
0 0.5433333333333333 0.7069767441860465 0.03866666666666667 0.037209302325581395
0 0.8726666666666667 0.8883720930232558 0.04133333333333333 0.034108527131782945
0 0.8166666666666667 0.7806201550387597 0.036 0.03565891472868217
0 0.24066666666666667 0.5271317829457365 0.036 0.027906976744186046
0 0.5453333333333333 0.4193798449612403 0.037333333333333336 0.03565891472868217
0 0.5433333333333333 0.8170542635658915 0.036 0.037209302325581395
0 0.12666666666666668 0.889922480620155 0.04 0.040310077519379844
0 0.3506666666666667 0.8178294573643411 0.037333333333333336 0.03565891472868217
0 0.6526666666666666 0.8178294573643411 0.036 0.02945736434108527
0 0.872 0.4565891472868217 0.034666666666666665 0.03255813953488372
0 0.24066666666666667 0.8178294573643411 0.03866666666666667 0.03875968992248062
0 0.296 0.8186046511627907 0.04 0.037209302325581395
0 0.544 0.6705426356589147 0.037333333333333336 0.03255813953488372
0 0.128 0.8155038759689922 0.037333333333333336 0.037209302325581395
0 0.24066666666666667 0.7116279069767442 0.03866666666666667 0.037209302325581395
0 0.8713333333333333 0.8542635658914729 0.03866666666666667 0.034108527131782945
0 0.872 0.3829457364341085 0.034666666666666665 0.037209302325581395
0 0.296 0.3829457364341085 0.037333333333333336 0.034108527131782945
0 0.24066666666666667 0.7837209302325582 0.036 0.03255813953488372
0 0.6526666666666666 0.7821705426356589 0.03866666666666667 0.03875968992248062
0 0.6526666666666666 0.8868217054263566 0.03866666666666667 0.034108527131782945
0 0.35133333333333333 0.6 0.036 0.034108527131782945
0 0.6526666666666666 0.6744186046511628 0.03866666666666667 0.034108527131782945
0 0.352 0.5286821705426357 0.034666666666666665 0.037209302325581395
0 0.8173333333333334 0.7069767441860465 0.04 0.034108527131782945
0 0.652 0.6387596899224807 0.037333333333333336 0.037209302325581395
0 0.29533333333333334 0.7457364341085271 0.036 0.037209302325581395
0 0.8166666666666667 0.5643410852713179 0.036 0.034108527131782945
0 0.8726666666666667 0.7093023255813954 0.03866666666666667 0.03565891472868217
0 0.652 0.5651162790697675 0.037333333333333336 0.03255813953488372
0 0.128 0.4565891472868217 0.037333333333333336 0.03565891472868217
0 0.8726666666666667 0.5666666666666667 0.036 0.03875968992248062
0 0.46 0.5286821705426357 0.034666666666666665 0.034108527131782945
0 0.2966666666666667 0.7821705426356589 0.036 0.03255813953488372
0 0.544 0.7821705426356589 0.037333333333333336 0.03255813953488372
0 0.8173333333333334 0.4573643410852713 0.037333333333333336 0.034108527131782945
0 0.708 0.7775193798449612 0.037333333333333336 0.03875968992248062
0 0.7626666666666667 0.45348837209302323 0.034666666666666665 0.03255813953488372
0 0.35333333333333333 0.3457364341085271 0.037333333333333336 0.037209302325581395
0 0.24 0.748062015503876 0.037333333333333336 0.03565891472868217
0 0.5453333333333333 0.6 0.034666666666666665 0.034108527131782945
0 0.8706666666666667 0.6372093023255814 0.037333333333333336 0.037209302325581395
0 0.408 0.6023255813953489 0.037333333333333336 0.03875968992248062
0 0.12866666666666668 0.7457364341085271 0.03866666666666667 0.037209302325581395
0 0.546 0.30697674418604654 0.03333333333333333 0.037209302325581395
0 0.652 0.6 0.034666666666666665 0.037209302325581395
0 0.8173333333333334 0.3488372093023256 0.037333333333333336 0.034108527131782945
0 0.12666666666666668 0.5627906976744186 0.037333333333333336 0.037209302325581395
0 0.762 0.4170542635658915 0.03866666666666667 0.037209302325581395
0 0.8173333333333334 0.6372093023255814 0.037333333333333336 0.034108527131782945
0 0.762 0.38372093023255816 0.036 0.03255813953488372
0 0.29733333333333334 0.30930232558139537 0.037333333333333336 0.03565891472868217
0 0.24133333333333334 0.3426356589147287 0.037333333333333336 0.037209302325581395
0 0.12866666666666668 0.3426356589147287 0.03866666666666667 0.034108527131782945
0 0.7073333333333334 0.6356589147286822 0.03866666666666667 0.034108527131782945
0 0.7626666666666667 0.637984496124031 0.037333333333333336 0.03875968992248062
0 0.46066666666666667 0.5643410852713179 0.036 0.037209302325581395
0 0.18466666666666667 0.3821705426356589 0.03866666666666667 0.03565891472868217
0 0.4613333333333333 0.6372093023255814 0.037333333333333336 0.037209302325581395
0 0.6526666666666666 0.45503875968992247 0.036 0.03255813953488372
0 0.7073333333333334 0.34728682170542635 0.036 0.037209302325581395
0 0.29533333333333334 0.6395348837209303 0.03866666666666667 0.03875968992248062
0 0.18466666666666667 0.30697674418604654 0.03866666666666667 0.037209302325581395
0 0.128 0.4178294573643411 0.04 0.03875968992248062
0 0.2946666666666667 0.6751937984496124 0.037333333333333336 0.03565891472868217
0 0.296 0.6007751937984496 0.037333333333333336 0.03875968992248062
0 0.598 0.4201550387596899 0.036 0.037209302325581395
0 0.7066666666666667 0.6713178294573643 0.037333333333333336 0.037209302325581395
0 0.24066666666666667 0.4937984496124031 0.036 0.03565891472868217
0 0.7086666666666667 0.49147286821705427 0.036 0.034108527131782945
0 0.12733333333333333 0.6007751937984496 0.03866666666666667 0.03565891472868217
0 0.708 0.562015503875969 0.034666666666666665 0.03565891472868217
0 0.12666666666666668 0.6736434108527132 0.037333333333333336 0.03565891472868217
0 0.8166666666666667 0.6 0.03866666666666667 0.037209302325581395
0 0.24066666666666667 0.4186046511627907 0.03866666666666667 0.034108527131782945
0 0.24066666666666667 0.6736434108527132 0.03866666666666667 0.03875968992248062
0 0.8733333333333333 0.49224806201550386 0.037333333333333336 0.03875968992248062
0 0.35133333333333333 0.637984496124031 0.036 0.03565891472868217
0 0.4073333333333333 0.4565891472868217 0.03333333333333333 0.03565891472868217
0 0.654 0.30930232558139537 0.036 0.03565891472868217
0 0.7073333333333334 0.7085271317829457 0.03866666666666667 0.037209302325581395
0 0.35133333333333333 0.5651162790697675 0.03333333333333333 0.03255813953488372
0 0.12733333333333333 0.637984496124031 0.036 0.03565891472868217
0 0.35333333333333333 0.3085271317829457 0.034666666666666665 0.037209302325581395
0 0.6533333333333333 0.3829457364341085 0.037333333333333336 0.034108527131782945
0 0.5446666666666666 0.4565891472868217 0.03333333333333333 0.03255813953488372
0 0.6526666666666666 0.48992248062015503 0.036 0.034108527131782945
0 0.35133333333333333 0.4558139534883721 0.036 0.034108527131782945
0 0.24066666666666667 0.6007751937984496 0.03866666666666667 0.03875968992248062
0 0.7633333333333333 0.6007751937984496 0.036 0.03565891472868217
0 0.7073333333333334 0.3821705426356589 0.03866666666666667 0.03565891472868217
0 0.2966666666666667 0.4558139534883721 0.03866666666666667 0.037209302325581395
0 0.128 0.37906976744186044 0.04 0.03875968992248062
0 0.3506666666666667 0.6751937984496124 0.04 0.03875968992248062
0 0.18533333333333332 0.5294573643410853 0.04 0.03875968992248062
0 0.242 0.3813953488372093 0.036 0.040310077519379844
0 0.3526666666666667 0.38372093023255816 0.036 0.03875968992248062
0 0.708 0.45503875968992247 0.037333333333333336 0.03565891472868217
0 0.544 0.49224806201550386 0.034666666666666665 0.03875968992248062
0 0.6533333333333333 0.4193798449612403 0.037333333333333336 0.03565891472868217
0 0.598 0.5666666666666667 0.03866666666666667 0.03875968992248062
0 0.184 0.48992248062015503 0.04 0.040310077519379844
0 0.8173333333333334 0.30930232558139537 0.037333333333333336 0.04186046511627907
0 0.352 0.49224806201550386 0.034666666666666665 0.03565891472868217
0 0.29733333333333334 0.34651162790697676 0.037333333333333336 0.03565891472868217
0 0.4086666666666667 0.5635658914728682 0.036 0.03875968992248062
0 0.18466666666666667 0.3434108527131783 0.03866666666666667 0.03875968992248062
0 0.5433333333333333 0.5635658914728682 0.036 0.03565891472868217
0 0.7073333333333334 0.4186046511627907 0.03866666666666667 0.037209302325581395
0 0.5993333333333334 0.34728682170542635 0.036 0.034108527131782945
0 0.5973333333333334 0.5286821705426357 0.04 0.037209302325581395
0 0.408 0.38372093023255816 0.037333333333333336 0.03565891472868217
0 0.7633333333333333 0.31085271317829455 0.036 0.03875968992248062
0 0.12866666666666668 0.30465116279069765 0.03866666666666667 0.03875968992248062
0 0.6533333333333333 0.5271317829457365 0.04 0.040310077519379844
0 0.6526666666666666 0.34651162790697676 0.03866666666666667 0.03875968992248062
0 0.8173333333333334 0.38527131782945734 0.04 0.03565891472868217
0 0.5973333333333334 0.3821705426356589 0.037333333333333336 0.03565891472868217
0 0.598 0.49224806201550386 0.03866666666666667 0.03565891472868217
0 0.2966666666666667 0.4930232558139535 0.03866666666666667 0.034108527131782945
0 0.46 0.4186046511627907 0.037333333333333336 0.037209302325581395
0 0.4613333333333333 0.34651162790697676 0.037333333333333336 0.03565891472868217
0 0.5453333333333333 0.3829457364341085 0.034666666666666665 0.037209302325581395
0 0.4093333333333333 0.3085271317829457 0.037333333333333336 0.040310077519379844
0 0.5993333333333334 0.3085271317829457 0.036 0.040310077519379844
0 0.7626666666666667 0.3496124031007752 0.037333333333333336 0.03565891472868217
0 0.4093333333333333 0.34806201550387594 0.04 0.03875968992248062
0 0.46066666666666667 0.3821705426356589 0.036 0.03565891472868217
0 0.24066666666666667 0.4558139534883721 0.03866666666666667 0.040310077519379844
0 0.2966666666666667 0.5302325581395348 0.03866666666666667 0.040310077519379844
0 0.46066666666666667 0.4565891472868217 0.036 0.03565891472868217
0 0.46066666666666667 0.4937984496124031 0.036 0.03565891472868217
0 0.708 0.30697674418604654 0.037333333333333336 0.040310077519379844
0 0.24066666666666667 0.562015503875969 0.03866666666666667 0.03875968992248062
0 0.462 0.31007751937984496 0.036 0.037209302325581395
0 0.5046666666666667 0.2496124031007752 0.02666666666666667 0.020155038759689922
0 0.5046666666666667 0.2689922480620155 0.028 0.020155038759689922
0 0.46066666666666667 0.889922480620155 0.036 0.037209302325581395
0 0.408 0.5271317829457365 0.034666666666666665 0.034108527131782945
0 0.18333333333333332 0.4170542635658915 0.036 0.034108527131782945
0 0.4613333333333333 0.7813953488372093 0.034666666666666665 0.037209302325581395
0 0.12666666666666668 0.8511627906976744 0.04 0.037209302325581395
0 0.8713333333333333 0.8193798449612403 0.03866666666666667 0.03565891472868217
0 0.128 0.7806201550387597 0.037333333333333336 0.03255813953488372
0 0.544 0.7449612403100775 0.037333333333333336 0.03875968992248062
0 0.24 0.8914728682170543 0.037333333333333336 0.037209302325581395
0 0.544 0.851937984496124 0.034666666666666665 0.03255813953488372
0 0.23933333333333334 0.8550387596899225 0.036 0.03565891472868217
0 0.12733333333333333 0.5263565891472868 0.03866666666666667 0.03565891472868217
0 0.5046666666666667 0.19689922480620156 0.028 0.027906976744186046
0 0.46066666666666667 0.8193798449612403 0.036 0.03565891472868217
0 0.8173333333333334 0.8503875968992248 0.04 0.03565891472868217
0 0.544 0.6356589147286822 0.037333333333333336 0.037209302325581395
0 0.7633333333333333 0.5271317829457365 0.036 0.040310077519379844
0 0.708 0.6 0.037333333333333336 0.037209302325581395
0 0.46066666666666667 0.8550387596899225 0.03333333333333333 0.03255813953488372
0 0.4613333333333333 0.6744186046511628 0.034666666666666665 0.034108527131782945
0 0.8166666666666667 0.5279069767441861 0.03866666666666667 0.03875968992248062
0 0.504 0.224031007751938 0.029333333333333333 0.02945736434108527
0 0.8733333333333333 0.6023255813953489 0.034666666666666665 0.03255813953488372
0 0.35133333333333333 0.8550387596899225 0.03333333333333333 0.03565891472868217
0 0.8166666666666667 0.42170542635658914 0.03866666666666667 0.034108527131782945
0 0.462 0.6007751937984496 0.036 0.03255813953488372
0 0.8166666666666667 0.6713178294573643 0.036 0.034108527131782945
0 0.4613333333333333 0.7108527131782946 0.037333333333333336 0.03565891472868217
0 0.352 0.7465116279069768 0.037333333333333336 0.03565891472868217
0 0.8713333333333333 0.6736434108527132 0.036 0.03255813953488372
0 0.296 0.8550387596899225 0.037333333333333336 0.03255813953488372
0 0.24066666666666667 0.6372093023255814 0.03333333333333333 0.031007751937984496
0 0.5433333333333333 0.8875968992248062 0.036 0.03565891472868217
0 0.5453333333333333 0.3457364341085271 0.034666666666666665 0.037209302325581395
0 0.8733333333333333 0.5279069767441861 0.037333333333333336 0.03565891472868217
0 0.818 0.8875968992248062 0.03866666666666667 0.03565891472868217
0 0.6526666666666666 0.7449612403100775 0.03866666666666667 0.03875968992248062
0 0.7626666666666667 0.5651162790697675 0.034666666666666665 0.03565891472868217
0 0.2966666666666667 0.8906976744186047 0.03866666666666667 0.03875968992248062
0 0.652 0.7085271317829457 0.037333333333333336 0.034108527131782945
0 0.706 0.8875968992248062 0.036 0.03565891472868217
0 0.544 0.5279069767441861 0.034666666666666665 0.03255813953488372
0 0.352 0.7821705426356589 0.037333333333333336 0.03565891472868217
0 0.7073333333333334 0.8511627906976744 0.036 0.037209302325581395
0 0.46066666666666667 0.7457364341085271 0.036 0.034108527131782945
0 0.4073333333333333 0.4201550387596899 0.03866666666666667 0.037209302325581395
0 0.872 0.34108527131782945 0.037333333333333336 0.037209302325581395
0 0.872 0.42093023255813955 0.04 0.03875968992248062
0 0.35133333333333333 0.8914728682170543 0.03866666666666667 0.037209302325581395
0 0.7073333333333334 0.8147286821705426 0.03866666666666667 0.03565891472868217
0 0.24066666666666667 0.3062015503875969 0.03333333333333333 0.03565891472868217
0 0.12733333333333333 0.49147286821705427 0.036 0.034108527131782945
0 0.2966666666666667 0.5658914728682171 0.036 0.031007751937984496
0 0.296 0.4178294573643411 0.037333333333333336 0.03565891472868217
0 0.872 0.30465116279069765 0.037333333333333336 0.03565891472868217
0 0.6526666666666666 0.8503875968992248 0.03866666666666667 0.03875968992248062
0 0.4073333333333333 0.4930232558139535 0.03333333333333333 0.034108527131782945
0 0.708 0.5255813953488372 0.034666666666666665 0.034108527131782945
0 0.8166666666666667 0.4930232558139535 0.03333333333333333 0.034108527131782945
0 0.872 0.7465116279069768 0.037333333333333336 0.03565891472868217
0 0.12733333333333333 0.7093023255813954 0.03866666666666667 0.03565891472868217
0 0.598 0.4558139534883721 0.03333333333333333 0.034108527131782945
0 0.18466666666666667 0.45271317829457364 0.036 0.034108527131782945
0 0.8713333333333333 0.7813953488372093 0.03866666666666667 0.037209302325581395
0 0.7626666666666667 0.4883720930232558 0.037333333333333336 0.037209302325581395