0 0.8225 0.2555379746835443 0.03 0.03164556962025317
0 0.59625 0.34968354430379744 0.0375 0.055379746835443035
0 0.115625 0.5822784810126582 0.0325 0.03164556962025317
0 0.543125 0.8275316455696202 0.025 0.028481012658227847
0 0.35875 0.7927215189873418 0.035 0.028481012658227847
0 0.8375 0.41060126582278483 0.025 0.03639240506329114
0 0.51625 0.5435126582278481 0.02125 0.02531645569620253
0 0.459375 0.6756329113924051 0.03375 0.0379746835443038
0 0.571875 0.689873417721519 0.03375 0.04113924050632911
0 0.29 0.6447784810126582 0.03625 0.02689873417721519
0 0.3575 0.34098101265822783 0.0275 0.03481012658227848
0 0.574375 0.7143987341772152 0.0375 0.04272151898734177
0 0.461875 0.7041139240506329 0.0375 0.04430379746835443
0 0.583125 0.8109177215189873 0.0375 0.03639240506329114
0 0.749375 0.810126582278481 0.04 0.04272151898734177
0 0.265625 0.3916139240506329 0.03625 0.030063291139240507
0 0.594375 0.32832278481012656 0.03375 0.04113924050632911
0 0.1125 0.5585443037974683 0.04 0.05063291139240506
0 0.61375 0.5498417721518988 0.035 0.02531645569620253
0 0.813125 0.28639240506329117 0.03625 0.0379746835443038
0 0.694375 0.8204113924050633 0.03625 0.03955696202531646
0 0.80625 0.3536392405063291 0.02375 0.028481012658227847
0 0.384375 0.33860759493670883 0.02875 0.03639240506329114
0 0.2775 0.5189873417721519 0.03375 0.02531645569620253
0 0.346875 0.6661392405063291 0.035 0.02689873417721519
0 0.600625 0.3916139240506329 0.035 0.03955696202531646
0 0.7475 0.7832278481012658 0.0375 0.03955696202531646
0 0.379375 0.40189873417721517 0.03625 0.03481012658227848
0 0.6925 0.7919303797468354 0.0375 0.0379746835443038
0 0.34125 0.6020569620253164 0.035 0.0379746835443038
0 0.83375 0.34810126582278483 0.025 0.0379746835443038
0 0.69 0.759493670886076 0.03875 0.03955696202531646
0 0.686875 0.7294303797468354 0.03875 0.0379746835443038
0 0.4 0.6257911392405063 0.03375 0.0379746835443038
0 0.401875 0.6542721518987342 0.035 0.03481012658227848
0 0.73375 0.622626582278481 0.03625 0.03481012658227848
0 0.581875 0.7832278481012658 0.035 0.03481012658227848
0 0.785 0.5799050632911392 0.03625 0.0379746835443038
0 0.73625 0.6542721518987342 0.0375 0.04113924050632911
0 0.12125 0.6431962025316456 0.0325 0.03955696202531646
0 0.295625 0.7041139240506329 0.0375 0.03322784810126582
0 0.391875 0.5625 0.035 0.030063291139240507
0 0.835 0.379746835443038 0.02375 0.03164556962025317
0 0.465 0.7389240506329114 0.035 0.03955696202531646
0 0.35625 0.7634493670886076 0.0375 0.04746835443037975
0 0.2 0.8852848101265823 0.03625 0.03164556962025317
0 0.471875 0.8037974683544303 0.03625 0.03955696202531646
0 0.759375 0.2974683544303797 0.03875 0.04430379746835443
0 0.745 0.7515822784810127 0.03625 0.03955696202531646
0 0.815625 0.3188291139240506 0.0375 0.04113924050632911
0 0.353125 0.7286392405063291 0.03625 0.03481012658227848
0 0.79625 0.7072784810126582 0.03625 0.03955696202531646
0 0.3675 0.43591772151898733 0.02375 0.028481012658227847
0 0.118125 0.6123417721518988 0.03375 0.03955696202531646
0 0.3075 0.8338607594936709 0.03625 0.0379746835443038
0 0.45625 0.6463607594936709 0.03625 0.04113924050632911
0 0.163125 0.4786392405063291 0.03625 0.0379746835443038
0 0.376875 0.37104430379746833 0.0375 0.03639240506329114
0 0.550625 0.46677215189873417 0.035 0.03639240506329114
0 0.73125 0.5925632911392406 0.0375 0.0379746835443038
0 0.741875 0.7191455696202531 0.03625 0.03955696202531646
0 0.8025 0.7705696202531646 0.03625 0.03955696202531646
0 0.46875 0.7697784810126582 0.035 0.04113924050632911
0 0.338125 0.5712025316455697 0.035 0.03955696202531646
0 0.7275 0.5617088607594937 0.03625 0.04113924050632911
0 0.403125 0.6867088607594937 0.03625 0.04113924050632911
0 0.168125 0.5419303797468354 0.03625 0.03955696202531646
0 0.16625 0.509493670886076 0.03625 0.0379746835443038
0 0.475625 0.8354430379746836 0.03875 0.04272151898734177
0 0.400625 0.497626582278481 0.025 0.0379746835443038
0 0.805 0.8022151898734177 0.0375 0.03955696202531646
0 0.179375 0.6669303797468354 0.035 0.03639240506329114
0 0.799375 0.7389240506329114 0.03625 0.03955696202531646
0 0.569375 0.6558544303797469 0.035 0.03955696202531646
0 0.4075 0.7207278481012658 0.03875 0.04430379746835443
0 0.298125 0.7389240506329114 0.03625 0.03955696202531646
0 0.349375 0.694620253164557 0.03875 0.04272151898734177
0 0.3125 0.8987341772151899 0.03625 0.03639240506329114
0 0.52375 0.7689873417721519 0.0375 0.04272151898734177
0 0.395625 0.5925632911392406 0.03375 0.04113924050632911
0 0.1825 0.6962025316455697 0.035 0.0379746835443038
0 0.309375 0.867879746835443 0.03625 0.03955696202531646
0 0.105625 0.4920886075949367 0.035 0.03639240506329114
0 0.64125 0.8330696202531646 0.03375 0.03639240506329114
0 0.30125 0.7697784810126582 0.03625 0.03955696202531646
0 0.79375 0.6756329113924051 0.035 0.03955696202531646
0 0.8075 0.3837025316455696 0.02375 0.03481012658227848
0 0.55375 0.49604430379746833 0.035 0.0379746835443038
0 0.109375 0.5197784810126582 0.0375 0.03955696202531646
0 0.126875 0.7104430379746836 0.035 0.0379746835443038
0 0.635 0.7721518987341772 0.0375 0.0379746835443038
0 0.77375 0.4549050632911392 0.0375 0.03955696202531646
0 0.188125 0.7618670886075949 0.03875 0.03639240506329114
0 0.68375 0.6993670886075949 0.0375 0.04113924050632911
0 0.79 0.6431962025316456 0.03625 0.0379746835443038
0 0.65125 0.3512658227848101 0.03625 0.03639240506329114
0 0.170625 0.571993670886076 0.03625 0.0379746835443038
0 0.62625 0.6764240506329114 0.03625 0.03639240506329114
0 0.739375 0.6867088607594937 0.0375 0.04113924050632911
0 0.7875 0.6123417721518988 0.035 0.03955696202531646
0 0.334375 0.5403481012658228 0.035 0.03955696202531646
0 0.443125 0.4873417721518987 0.03625 0.0379746835443038
0 0.445 0.5197784810126582 0.03625 0.03639240506329114
0 0.87125 0.30933544303797467 0.03625 0.0379746835443038
0 0.565625 0.6234177215189873 0.03375 0.03955696202531646
0 0.58625 0.8409810126582279 0.03875 0.04272151898734177
0 0.714375 0.43433544303797467 0.04 0.03955696202531646
0 0.868125 0.27531645569620256 0.0375 0.04272151898734177
0 0.440625 0.4549050632911392 0.035 0.03955696202531646
0 0.326875 0.4438291139240506 0.03125 0.03481012658227848
0 0.45125 0.5814873417721519 0.03625 0.0379746835443038
0 0.395 0.43037974683544306 0.03 0.03955696202531646
0 0.775625 0.48813291139240506 0.0375 0.03955696202531646
0 0.2875 0.6139240506329114 0.04 0.04272151898734177
0 0.3975 0.46439873417721517 0.025 0.03481012658227848
0 0.28 0.5482594936708861 0.03625 0.03955696202531646
0 0.43625 0.4240506329113924 0.035 0.0379746835443038
0 0.39 0.5308544303797469 0.03875 0.04272151898734177
0 0.620625 0.6131329113924051 0.0375 0.04113924050632911
0 0.32375 0.41455696202531644 0.03125 0.0379746835443038
0 0.275 0.4897151898734177 0.03875 0.04430379746835443
0 0.21125 0.4026898734177215 0.03875 0.04113924050632911
0 0.83125 0.4778481012658228 0.0375 0.0379746835443038
0 0.54 0.33939873417721517 0.04 0.04430379746835443
0 0.10125 0.4564873417721519 0.0375 0.04430379746835443
0 0.33 0.4762658227848101 0.03125 0.03955696202531646
0 0.560625 0.5625 0.03625 0.03955696202531646
0 0.5575 0.5292721518987342 0.03625 0.03955696202531646
0 0.6125 0.5213607594936709 0.03625 0.04113924050632911
0 0.26875 0.4240506329113924 0.0375 0.04272151898734177
0 0.17375 0.6020569620253164 0.03625 0.0379746835443038
0 0.766875 0.3924050632911392 0.03625 0.03481012658227848
0 0.283125 0.5791139240506329 0.03875 0.03639240506329114
0 0.66375 0.47468354430379744 0.03625 0.03639240506329114
0 0.629375 0.7064873417721519 0.03875 0.03955696202531646
0 0.434375 0.3924050632911392 0.03375 0.0379746835443038
0 0.125 0.6772151898734177 0.035 0.04113924050632911
0 0.291875 0.6748417721518988 0.04 0.04272151898734177
0 0.453125 0.6139240506329114 0.03375 0.03955696202531646
0 0.675 0.6020569620253164 0.0375 0.0379746835443038
0 0.369375 0.46835443037974683 0.02375 0.03639240506329114
0 0.30375 0.803006329113924 0.03875 0.04272151898734177
0 0.48375 0.33306962025316456 0.0325 0.023734177215189875
0 0.485 0.3512658227848101 0.03375 0.02531645569620253
0 0.4875 0.37104430379746833 0.0325 0.02689873417721519
0 0.489375 0.3971518987341772 0.0375 0.0379746835443038
0 0.4825 0.3125 0.03375 0.028481012658227847
0 0.4925 0.43037974683544306 0.0375 0.04272151898734177
0 0.320625 0.3805379746835443 0.035 0.04272151898734177
0 0.60875 0.48813291139240506 0.0325 0.0379746835443038
0 0.214375 0.4375 0.03875 0.04113924050632911
0 0.83375 0.5087025316455697 0.03625 0.03955696202531646
0 0.331875 0.507120253164557 0.0325 0.03639240506329114
0 0.54375 0.37341772151898733 0.03625 0.03639240506329114
0 0.761875 0.3299050632911392 0.03625 0.0379746835443038
0 0.603125 0.4240506329113924 0.03625 0.03955696202531646
0 0.7175 0.4675632911392405 0.04 0.0379746835443038
0 0.76375 0.36313291139240506 0.03625 0.0379746835443038
0 0.605625 0.4564873417721519 0.035 0.0379746835443038
0 0.706875 0.34177215189873417 0.04 0.03955696202531646
0 0.680625 0.6661392405063291 0.03625 0.03955696202531646
0 0.576875 0.7515822784810127 0.04 0.04430379746835443
0 0.19125 0.7919303797468354 0.03875 0.03955696202531646
0 0.70375 0.307753164556962 0.04 0.03955696202531646
0 0.448125 0.5506329113924051 0.03625 0.0379746835443038
0 0.6575 0.4129746835443038 0.03625 0.0379746835443038
0 0.725 0.5292721518987342 0.0375 0.03955696202531646
0 0.66125 0.4438291139240506 0.0375 0.0379746835443038
0 0.623125 0.6463607594936709 0.03625 0.0379746835443038
0 0.176875 0.634493670886076 0.03625 0.0379746835443038
0 0.64875 0.3188291139240506 0.04125 0.04588607594936709
0 0.78125 0.5498417721518988 0.0375 0.03955696202531646
0 0.34375 0.6352848101265823 0.03875 0.04113924050632911
0 0.184375 0.7302215189873418 0.03875 0.04272151898734177
0 0.430625 0.3583860759493671 0.0375 0.04272151898734177
0 0.8275 0.44462025316455694 0.03625 0.04113924050632911
0 0.616875 0.5791139240506329 0.03875 0.04113924050632911
0 0.521875 0.5838607594936709 0.02125 0.02531645569620253
0 0.50125 0.5087025316455697 0.03375 0.030063291139240507
0 0.51875 0.5625 0.02125 0.023734177215189875
0 0.52375 0.6012658227848101 0.0225 0.020569620253164556
0 0.5275 0.6455696202531646 0.01875 0.0189873417721519
0 0.529375 0.6645569620253164 0.02 0.028481012658227847
0 0.796875 0.25949367088607594 0.0225 0.030063291139240507
0 0.365625 0.8575949367088608 0.0325 0.03164556962025317
0 0.525 0.6162974683544303 0.0225 0.022151898734177215
0 0.525625 0.6313291139240507 0.02125 0.01740506329113924
0 0.501875 0.5237341772151899 0.03875 0.01740506329113924
0 0.361875 0.8243670886075949 0.03875 0.04746835443037975
0 0.54625 0.8528481012658228 0.02875 0.03164556962025317
0 0.4975 0.48417721518987344 0.03875 0.03322784810126582
0 0.72125 0.497626582278481 0.03875 0.0379746835443038
0 0.6725 0.5712025316455697 0.0375 0.03955696202531646
0 0.678125 0.6337025316455697 0.0375 0.0379746835443038
0 0.654375 0.3813291139240506 0.03625 0.0379746835443038
0 0.15875 0.4438291139240506 0.04125 0.04746835443037975
0 0.12875 0.7436708860759493 0.03875 0.04430379746835443
0 0.195625 0.8243670886075949 0.03625 0.0379746835443038
0 0.563125 0.5925632911392406 0.035 0.03322784810126582
0 0.77 0.42325949367088606 0.03875 0.03955696202531646
0 0.711875 0.4026898734177215 0.03875 0.03639240506329114
0 0.874375 0.3401898734177215 0.03625 0.03639240506329114
0 0.545625 0.40348101265822783 0.035 0.0379746835443038
0 0.77875 0.5181962025316456 0.0375 0.03639240506329114
0 0.368125 0.8868670886075949 0.04 0.04113924050632911
0 0.1975 0.8560126582278481 0.03875 0.03955696202531646
0 0.638125 0.8022151898734177 0.0375 0.0379746835443038
0 0.709375 0.372626582278481 0.03875 0.03639240506329114
0 0.66625 0.5079113924050633 0.03625 0.04272151898734177
0 0.87625 0.37183544303797467 0.03625 0.03955696202531646
0 0.20375 0.9169303797468354 0.0375 0.04113924050632911
0 0.669375 0.5395569620253164 0.035 0.03639240506329114
0 0.548125 0.43591772151898733 0.035 0.0379746835443038
0 0.631875 0.7397151898734177 0.0375 0.03955696202531646
0 0.27125 0.45569620253164556 0.035 0.03322784810126582