0 0.345 0.41036184210526316 0.034444444444444444 0.03782894736842105
0 0.8577777777777778 0.6998355263157895 0.035555555555555556 0.044407894736842105
0 0.29388888888888887 0.3248355263157895 0.034444444444444444 0.044407894736842105
0 0.5005555555555555 0.4449013157894737 0.043333333333333335 0.05098684210526316
0 0.345 0.32976973684210525 0.034444444444444444 0.04111842105263158
0 0.7561111111111111 0.5756578947368421 0.034444444444444444 0.049342105263157895
0 0.8572222222222222 0.3725328947368421 0.03222222222222222 0.03782894736842105
0 0.6022222222222222 0.15460526315789475 0.03333333333333333 0.049342105263157895
0 0.7555555555555555 0.4909539473684211 0.035555555555555556 0.04111842105263158
0 0.13777777777777778 0.6603618421052632 0.035555555555555556 0.044407894736842105
0 0.34555555555555556 0.2886513157894737 0.03333333333333333 0.044407894736842105
0 0.7561111111111111 0.37088815789473684 0.034444444444444444 0.044407894736842105
0 0.29333333333333333 0.7828947368421053 0.035555555555555556 0.04276315789473684
0 0.34555555555555556 0.19901315789473684 0.03333333333333333 0.046052631578947366
0 0.7561111111111111 0.41118421052631576 0.034444444444444444 0.039473684210526314
0 0.8061111111111111 0.24917763157894737 0.034444444444444444 0.04111842105263158
0 0.5511111111111111 0.20148026315789475 0.03111111111111111 0.044407894736842105
0 0.8577777777777778 0.4934210526315789 0.03333333333333333 0.04276315789473684
0 0.34444444444444444 0.5345394736842105 0.03333333333333333 0.04276315789473684
0 0.2922222222222222 0.6998355263157895 0.035555555555555556 0.04111842105263158
0 0.9094444444444445 0.15378289473684212 0.03666666666666667 0.05098684210526316
0 0.2927777777777778 0.6595394736842105 0.034444444444444444 0.039473684210526314
0 0.8083333333333333 0.6587171052631579 0.034444444444444444 0.044407894736842105
0 0.7033333333333334 0.20148026315789475 0.035555555555555556 0.044407894736842105
0 0.8577777777777778 0.20065789473684212 0.035555555555555556 0.04276315789473684
0 0.29333333333333333 0.24424342105263158 0.035555555555555556 0.044407894736842105
0 0.7566666666666667 0.703125 0.03777777777777778 0.044407894736842105
0 0.8577777777777778 0.41036184210526316 0.03111111111111111 0.04111842105263158
0 0.345 0.4506578947368421 0.03222222222222222 0.04276315789473684
0 0.755 0.3305921052631579 0.034444444444444444 0.039473684210526314
0 0.3438888888888889 0.4925986842105263 0.034444444444444444 0.04111842105263158
0 0.8061111111111111 0.20476973684210525 0.034444444444444444 0.05098684210526316
0 0.7044444444444444 0.24424342105263158 0.035555555555555556 0.04111842105263158
0 0.29388888888888887 0.453125 0.03666666666666667 0.044407894736842105
0 0.29388888888888887 0.41036184210526316 0.03666666666666667 0.04111842105263158
0 0.7577777777777778 0.6595394736842105 0.03333333333333333 0.04276315789473684
0 0.295 0.15296052631578946 0.03888888888888889 0.049342105263157895
0 0.3977777777777778 0.15049342105263158 0.03777777777777778 0.047697368421052634
0 0.39666666666666667 0.2878289473684211 0.035555555555555556 0.046052631578947366
0 0.8072222222222222 0.4934210526315789 0.034444444444444444 0.04276315789473684
0 0.3977777777777778 0.24095394736842105 0.035555555555555556 0.047697368421052634
0 0.6022222222222222 0.24917763157894737 0.03333333333333333 0.047697368421052634
0 0.45 0.15213815789473684 0.035555555555555556 0.047697368421052634
0 0.7038888888888889 0.2878289473684211 0.034444444444444444 0.04276315789473684
0 0.8577777777777778 0.2894736842105263 0.035555555555555556 0.04276315789473684
0 0.8577777777777778 0.5773026315789473 0.03333333333333333 0.04276315789473684
0 0.8066666666666666 0.15296052631578946 0.035555555555555556 0.049342105263157895
0 0.8577777777777778 0.2450657894736842 0.035555555555555556 0.046052631578947366
0 0.5522222222222222 0.15296052631578946 0.035555555555555556 0.049342105263157895
0 0.7555555555555555 0.20230263157894737 0.035555555555555556 0.046052631578947366
0 0.8572222222222222 0.33223684210526316 0.034444444444444444 0.04276315789473684
0 0.3466666666666667 0.1513157894736842 0.035555555555555556 0.049342105263157895
0 0.45 0.20065789473684212 0.035555555555555556 0.046052631578947366
0 0.755 0.2894736842105263 0.034444444444444444 0.04276315789473684
0 0.8055555555555556 0.2911184210526316 0.03333333333333333 0.04276315789473684
0 0.7561111111111111 0.24588815789473684 0.034444444444444444 0.04111842105263158
0 0.345 0.37088815789473684 0.034444444444444444 0.04111842105263158
0 0.3461111111111111 0.24342105263157895 0.034444444444444444 0.04276315789473684
0 0.08666666666666667 0.4934210526315789 0.035555555555555556 0.04276315789473684
0 0.5011111111111111 0.20888157894736842 0.04888888888888889 0.029605263157894735
0 0.5005555555555555 0.2738486842105263 0.04555555555555556 0.027960526315789474
0 0.5 0.484375 0.042222222222222223 0.027960526315789474
0 0.3972222222222222 0.5345394736842105 0.034444444444444444 0.04276315789473684
0 0.9094444444444445 0.32730263157894735 0.03666666666666667 0.02631578947368421
0 0.3977777777777778 0.3692434210526316 0.035555555555555556 0.044407894736842105
0 0.08777777777777777 0.3248355263157895 0.035555555555555556 0.03782894736842105
0 0.3972222222222222 0.41036184210526316 0.034444444444444444 0.04111842105263158
0 0.7055555555555556 0.5345394736842105 0.035555555555555556 0.04276315789473684
0 0.5 0.17516447368421054 0.044444444444444446 0.03782894736842105
0 0.5 0.24095394736842105 0.044444444444444446 0.03782894736842105
0 0.13833333333333334 0.7023026315789473 0.034444444444444444 0.039473684210526314
0 0.8061111111111111 0.3314144736842105 0.034444444444444444 0.03782894736842105
0 0.5016666666666667 0.30756578947368424 0.043333333333333335 0.039473684210526314
0 0.705 0.7006578947368421 0.03666666666666667 0.039473684210526314
0 0.91 0.5353618421052632 0.035555555555555556 0.044407894736842105
0 0.9088888888888889 0.4506578947368421 0.03333333333333333 0.039473684210526314
0 0.5516666666666666 0.2894736842105263 0.034444444444444444 0.04276315789473684
0 0.5011111111111111 0.14144736842105263 0.044444444444444446 0.03618421052631579
0 0.1388888888888889 0.5345394736842105 0.03333333333333333 0.046052631578947366
0 0.9088888888888889 0.4128289473684211 0.03333333333333333 0.03618421052631579
0 0.19111111111111112 0.19983552631578946 0.035555555555555556 0.047697368421052634
0 0.8077777777777778 0.9070723684210527 0.035555555555555556 0.044407894736842105
0 0.9094444444444445 0.24259868421052633 0.034444444444444444 0.03453947368421053
0 0.08666666666666667 0.5328947368421053 0.03333333333333333 0.039473684210526314
0 0.705 0.9111842105263158 0.034444444444444444 0.049342105263157895
0 0.08888888888888889 0.24013157894736842 0.03777777777777778 0.04276315789473684
0 0.705 0.8667763157894737 0.03222222222222222 0.039473684210526314
0 0.19055555555555556 0.24342105263157895 0.03666666666666667 0.04276315789473684
0 0.8077777777777778 0.5337171052631579 0.03333333333333333 0.04111842105263158
0 0.3977777777777778 0.19407894736842105 0.035555555555555556 0.04276315789473684
0 0.08722222222222223 0.40789473684210525 0.03666666666666667 0.04276315789473684
0 0.08833333333333333 0.28289473684210525 0.03666666666666667 0.04276315789473684
0 0.29444444444444445 0.19901315789473684 0.035555555555555556 0.046052631578947366
0 0.13833333333333334 0.3256578947368421 0.03222222222222222 0.039473684210526314
0 0.13777777777777778 0.8667763157894737 0.03777777777777778 0.046052631578947366
0 0.29388888888888887 0.740953947368421 0.03 0.04111842105263158
0 0.13833333333333334 0.7837171052631579 0.03666666666666667 0.04111842105263158
0 0.24166666666666667 0.28042763157894735 0.03222222222222222 0.044407894736842105
0 0.08833333333333333 0.19407894736842105 0.03666666666666667 0.049342105263157895
0 0.5516666666666666 0.37006578947368424 0.034444444444444444 0.046052631578947366
0 0.13833333333333334 0.8240131578947368 0.034444444444444444 0.039473684210526314
0 0.1388888888888889 0.3667763157894737 0.03333333333333333 0.04276315789473684
0 0.8083333333333333 0.7014802631578947 0.03666666666666667 0.044407894736842105
0 0.7055555555555556 0.8256578947368421 0.035555555555555556 0.04276315789473684
0 0.14 0.24424342105263158 0.035555555555555556 0.04111842105263158
0 0.13944444444444445 0.2845394736842105 0.03222222222222222 0.04276315789473684
0 0.14 0.20065789473684212 0.03777777777777778 0.04276315789473684
0 0.29388888888888887 0.5320723684210527 0.034444444444444444 0.044407894736842105
0 0.29333333333333333 0.28536184210526316 0.03333333333333333 0.03782894736842105
0 0.13833333333333334 0.9136513157894737 0.03666666666666667 0.047697368421052634
0 0.1388888888888889 0.44901315789473684 0.035555555555555556 0.039473684210526314
0 0.29388888888888887 0.5723684210526315 0.034444444444444444 0.039473684210526314
0 0.08666666666666667 0.6151315789473685 0.035555555555555556 0.039473684210526314
0 0.19055555555555556 0.2845394736842105 0.03666666666666667 0.04276315789473684
0 0.8077777777777778 0.8634868421052632 0.03333333333333333 0.04276315789473684
0 0.13777777777777778 0.5756578947368421 0.03111111111111111 0.039473684210526314
0 0.08555555555555555 0.5748355263157895 0.035555555555555556 0.044407894736842105
0 0.8077777777777778 0.6151315789473685 0.035555555555555556 0.039473684210526314
0 0.8088888888888889 0.8248355263157895 0.03333333333333333 0.03782894736842105
0 0.3977777777777778 0.6151315789473685 0.035555555555555556 0.039473684210526314
0 0.7038888888888889 0.32894736842105265 0.034444444444444444 0.04276315789473684
0 0.8577777777777778 0.6578947368421053 0.03111111111111111 0.039473684210526314
0 0.5516666666666666 0.24424342105263158 0.034444444444444444 0.044407894736842105
0 0.91 0.4934210526315789 0.03333333333333333 0.039473684210526314
0 0.08777777777777777 0.4498355263157895 0.035555555555555556 0.04111842105263158
0 0.8061111111111111 0.3692434210526316 0.034444444444444444 0.04111842105263158
0 0.13833333333333334 0.615953947368421 0.034444444444444444 0.04111842105263158
0 0.3972222222222222 0.328125 0.03666666666666667 0.03782894736842105
0 0.7044444444444444 0.4925986842105263 0.03333333333333333 0.04111842105263158
0 0.13777777777777778 0.743421052631579 0.035555555555555556 0.04276315789473684
0 0.8083333333333333 0.7828947368421053 0.03666666666666667 0.046052631578947366
0 0.19166666666666668 0.15378289473684212 0.03666666666666667 0.047697368421052634
0 0.9094444444444445 0.28618421052631576 0.03666666666666667 0.046052631578947366
0 0.8077777777777778 0.5764802631578947 0.03333333333333333 0.044407894736842105
0 0.8588888888888889 0.743421052631579 0.03333333333333333 0.04276315789473684
0 0.08666666666666667 0.6595394736842105 0.03777777777777778 0.046052631578947366
0 0.7061111111111111 0.78125 0.03666666666666667 0.04276315789473684
0 0.29333333333333333 0.8675986842105263 0.035555555555555556 0.04111842105263158
0 0.5516666666666666 0.32894736842105265 0.034444444444444444 0.039473684210526314
0 0.8066666666666666 0.41118421052631576 0.03333333333333333 0.04276315789473684
0 0.705 0.6175986842105263 0.034444444444444444 0.04111842105263158
0 0.1388888888888889 0.4909539473684211 0.035555555555555556 0.04111842105263158
0 0.4494444444444444 0.2450657894736842 0.03222222222222222 0.039473684210526314
0 0.29444444444444445 0.4942434210526316 0.035555555555555556 0.03782894736842105
0 0.9088888888888889 0.20230263157894737 0.035555555555555556 0.046052631578947366
0 0.8588888888888889 0.7853618421052632 0.035555555555555556 0.04111842105263158
0 0.345 0.618421052631579 0.034444444444444444 0.039473684210526314
0 0.1388888888888889 0.4087171052631579 0.035555555555555556 0.04111842105263158
0 0.29333333333333333 0.8256578947368421 0.03333333333333333 0.04276315789473684
0 0.8088888888888889 0.7417763157894737 0.03333333333333333 0.039473684210526314
0 0.3977777777777778 0.5756578947368421 0.035555555555555556 0.039473684210526314
0 0.8577777777777778 0.6175986842105263 0.03333333333333333 0.04111842105263158
0 0.19 0.328125 0.03777777777777778 0.044407894736842105
0 0.9094444444444445 0.37006578947368424 0.034444444444444444 0.05263157894736842
0 0.29388888888888887 0.3684210526315789 0.034444444444444444 0.04276315789473684
0 0.6527777777777778 0.28536184210526316 0.034444444444444444 0.047697368421052634
0 0.1411111111111111 0.15213815789473684 0.03777777777777778 0.054276315789473686
0 0.345 0.5764802631578947 0.034444444444444444 0.044407894736842105
0 0.8583333333333333 0.45148026315789475 0.034444444444444444 0.04111842105263158
0 0.7038888888888889 0.3725328947368421 0.03222222222222222 0.04111842105263158
0 0.39666666666666667 0.45394736842105265 0.035555555555555556 0.04276315789473684
0 0.8083333333333333 0.45148026315789475 0.034444444444444444 0.04111842105263158
0 0.7044444444444444 0.45230263157894735 0.03333333333333333 0.039473684210526314
0 0.8577777777777778 0.5337171052631579 0.03333333333333333 0.04111842105263158
0 0.7055555555555556 0.5764802631578947 0.035555555555555556 0.04111842105263158
0 0.345 0.6595394736842105 0.034444444444444444 0.04276315789473684
0 0.7561111111111111 0.53125 0.034444444444444444 0.039473684210526314
0 0.8566666666666667 0.15378289473684212 0.035555555555555556 0.05098684210526316
0 0.24166666666666667 0.328125 0.03666666666666667 0.047697368421052634
0 0.29333333333333333 0.6151315789473685 0.035555555555555556 0.046052631578947366
0 0.34444444444444444 0.7006578947368421 0.035555555555555556 0.039473684210526314
0 0.7044444444444444 0.41118421052631576 0.03333333333333333 0.039473684210526314
0 0.7055555555555556 0.6603618421052632 0.035555555555555556 0.04111842105263158
0 0.7561111111111111 0.4498355263157895 0.034444444444444444 0.03782894736842105
0 0.7561111111111111 0.618421052631579 0.034444444444444444 0.039473684210526314
0 0.3438888888888889 0.7417763157894737 0.03666666666666667 0.04276315789473684
0 0.6022222222222222 0.20230263157894737 0.03333333333333333 0.046052631578947366
0 0.3972222222222222 0.4934210526315789 0.034444444444444444 0.039473684210526314
0 0.7055555555555556 0.740953947368421 0.03333333333333333 0.04111842105263158
0 0.7033333333333334 0.15296052631578946 0.035555555555555556 0.049342105263157895
0 0.5138888888888888 0.7508223684210527 0.023333333333333334 0.01644736842105263
0 0.5016666666666667 0.3412828947368421 0.04555555555555556 0.03125
0 0.5127777777777778 0.7360197368421053 0.023333333333333334 0.013157894736842105
0 0.5138888888888888 0.7203947368421053 0.021111111111111112 0.019736842105263157
0 0.5016666666666667 0.37335526315789475 0.04555555555555556 0.03289473684210526
0 0.08722222222222223 0.3651315789473684 0.03888888888888889 0.04276315789473684
0 0.29333333333333333 0.9120065789473685 0.035555555555555556 0.047697368421052634