0 0.4727777777777778 0.2528830313014827 0.04666666666666667 0.04612850082372323
0 0.6211111111111111 0.19934102141680396 0.03888888888888889 0.039538714991762765
0 0.485 0.32042833607907745 0.05 0.05271828665568369
0 0.4911111111111111 0.34761120263591433 0.051111111111111114 0.05271828665568369
0 0.5666666666666667 0.6976935749588138 0.02666666666666667 0.039538714991762765
0 0.8066666666666666 0.257825370675453 0.027777777777777776 0.042833607907743
0 0.4588888888888889 0.18616144975288304 0.05 0.047775947281713346
0 0.13055555555555556 0.4489291598023064 0.04 0.05271828665568369
0 0.8661111111111112 0.5766062602965404 0.027777777777777776 0.04118616144975288
0 0.3488888888888889 0.7495881383855024 0.04111111111111111 0.054365733113673806
0 0.8283333333333334 0.16062602965403625 0.04 0.054365733113673806
0 0.7972222222222223 0.5626029654036244 0.04111111111111111 0.05601317957166392
0 0.46555555555555556 0.22240527182866557 0.051111111111111114 0.06260296540362438
0 0.8733333333333333 0.6161449752883031 0.03222222222222222 0.047775947281713346
0 0.37277777777777776 0.3039538714991763 0.04 0.04942339373970346
0 0.21722222222222223 0.8484349258649094 0.03 0.044481054365733116
0 0.28944444444444445 0.42751235584843494 0.043333333333333335 0.06260296540362438
0 0.08888888888888889 0.5098846787479407 0.043333333333333335 0.05930807248764415
0 0.22666666666666666 0.8879736408566722 0.03111111111111111 0.04612850082372323
0 0.4538888888888889 0.15650741350906094 0.051111111111111114 0.057660626029654036
0 0.47888888888888886 0.2833607907742998 0.05 0.05930807248764415
0 0.5177777777777778 0.5 0.03888888888888889 0.04942339373970346
0 0.0811111111111111 0.46787479406919275 0.04 0.051070840197693576
0 0.4477777777777778 0.12191103789126853 0.052222222222222225 0.05601317957166392
0 0.5805555555555556 0.2644151565074135 0.03888888888888889 0.04942339373970346
0 0.5388888888888889 0.3245469522240527 0.04 0.054365733113673806
0 0.13944444444444445 0.4901153212520593 0.04 0.054365733113673806
0 0.36666666666666664 0.2652388797364086 0.04111111111111111 0.05601317957166392
0 0.6144444444444445 0.16062602965403625 0.04 0.054365733113673806
0 0.5983333333333334 0.6457990115321252 0.04111111111111111 0.05601317957166392
0 0.13277777777777777 0.7495881383855024 0.043333333333333335 0.057660626029654036
0 0.33111111111111113 0.36655683690280066 0.03777777777777778 0.054365733113673806
0 0.6061111111111112 0.11532125205930807 0.04111111111111111 0.060955518945634266
0 0.79 0.5238879736408567 0.04 0.05271828665568369
0 0.8466666666666667 0.5420098846787479 0.04 0.054365733113673806
0 0.5316666666666666 0.2841845140032949 0.04 0.05271828665568369
0 0.8633333333333333 0.05848434925864909 0.03888888888888889 0.05271828665568369
0 0.5238888888888888 0.24217462932454695 0.03888888888888889 0.05930807248764415
0 0.7811111111111111 0.4802306425041186 0.04111111111111111 0.060955518945634266
0 0.8716666666666667 0.10049423393739704 0.04 0.054365733113673806
0 0.07388888888888889 0.42668863261943984 0.043333333333333335 0.057660626029654036
0 0.34055555555555556 0.7100494233937397 0.04 0.054365733113673806
0 0.7377777777777778 0.24299835255354202 0.04111111111111111 0.057660626029654036
0 0.2816666666666667 0.38632619439868204 0.04 0.051070840197693576
0 0.19055555555555556 0.771828665568369 0.04 0.054365733113673806
0 0.5916666666666667 0.6054365733113674 0.042222222222222223 0.057660626029654036
0 0.8205555555555556 0.12108731466227347 0.03888888888888889 0.054365733113673806
0 0.2911111111111111 0.7306425041186162 0.042222222222222223 0.05601317957166392
0 0.2477777777777778 0.7924217462932455 0.04111111111111111 0.054365733113673806
0 0.7966666666666666 0.34514003294892914 0.027777777777777776 0.042833607907743
0 0.815 0.29489291598023065 0.027777777777777776 0.042833607907743
0 0.79 0.3056013179571664 0.027777777777777776 0.042833607907743
0 0.8383333333333334 0.500823723228995 0.04111111111111111 0.05601317957166392
0 0.3238888888888889 0.3245469522240527 0.03888888888888889 0.054365733113673806
0 0.5733333333333334 0.22240527182866557 0.04111111111111111 0.05601317957166392
0 0.8227777777777778 0.33525535420098845 0.03 0.044481054365733116
0 0.29944444444444446 0.7726523887973641 0.043333333333333335 0.057660626029654036
0 0.5827777777777777 0.5601317957166392 0.04111111111111111 0.057660626029654036
0 0.33444444444444443 0.6647446457990115 0.04111111111111111 0.060955518945634266
0 0.855 0.023064250411861616 0.042222222222222223 0.04612850082372323
0 0.1411111111111111 0.7915980230642504 0.043333333333333335 0.057660626029654036
0 0.7288888888888889 0.20098846787479407 0.04111111111111111 0.054365733113673806
0 0.1827777777777778 0.728171334431631 0.042222222222222223 0.05930807248764415
0 0.14944444444444444 0.8344316309719935 0.04555555555555556 0.057660626029654036
0 0.23166666666666666 0.40691927512355847 0.03888888888888889 0.05271828665568369
0 0.19833333333333333 0.814662273476112 0.043333333333333335 0.05930807248764415
0 0.18888888888888888 0.47034596375617793 0.04111111111111111 0.05601317957166392
0 0.4311111111111111 0.3228995057660626 0.04111111111111111 0.05271828665568369
0 0.67 0.17957166392092258 0.04 0.057660626029654036
0 0.42388888888888887 0.2825370675453048 0.04111111111111111 0.060955518945634266
0 0.4388888888888889 0.3649093904448105 0.042222222222222223 0.06260296540362438
0 0.8127777777777778 0.07742998352553541 0.03888888888888889 0.057660626029654036
0 0.6855555555555556 0.2660626029654036 0.04111111111111111 0.05930807248764415
0 0.77 0.13920922570016475 0.04111111111111111 0.05601317957166392
0 0.2388888888888889 0.44810543657331137 0.04 0.054365733113673806
0 0.31722222222222224 0.2825370675453048 0.04 0.057660626029654036
0 0.8311111111111111 0.457166392092257 0.04 0.05601317957166392
0 0.6777777777777778 0.22240527182866557 0.03888888888888889 0.054365733113673806
0 0.17333333333333334 0.38632619439868204 0.042222222222222223 0.057660626029654036
0 0.2727777777777778 0.342668863261944 0.042222222222222223 0.06260296540362438
0 0.6305555555555555 0.2397034596375618 0.042222222222222223 0.060955518945634266
0 0.7872222222222223 0.22405271828665568 0.03777777777777778 0.054365733113673806
0 0.23166666666666666 0.7084019769357496 0.042222222222222223 0.057660626029654036
0 0.35777777777777775 0.21911037891268534 0.043333333333333335 0.06589785831960461
0 0.7211111111111111 0.15897858319604613 0.042222222222222223 0.05930807248764415
0 0.24055555555555555 0.7512355848434926 0.042222222222222223 0.057660626029654036
0 0.38055555555555554 0.3443163097199341 0.044444444444444446 0.060955518945634266
0 0.2833333333333333 0.6869851729818781 0.043333333333333335 0.057660626029654036
0 0.5105555555555555 0.46210873146622733 0.04666666666666667 0.05601317957166392
0 0.18055555555555555 0.42751235584843494 0.04 0.054365733113673806
0 0.5027777777777778 0.4200988467874794 0.04888888888888889 0.06260296540362438
0 0.1238888888888889 0.4060955518945634 0.043333333333333335 0.05930807248764415
0 0.2238888888888889 0.3649093904448105 0.042222222222222223 0.05930807248764415
0 0.565 0.1787479406919275 0.042222222222222223 0.060955518945634266
0 0.7783333333333333 0.1812191103789127 0.04 0.054365733113673806