0 0.5153333333333333 0.309375 0.034666666666666665 0.0359375
0 0.5013333333333333 0.39375 0.030666666666666665 0.028125
0 0.502 0.378125 0.03333333333333333 0.0359375
0 0.43733333333333335 0.79375 0.028 0.0296875
0 0.5193333333333333 0.27734375 0.036 0.0375
0 0.49733333333333335 0.41640625 0.029333333333333333 0.0234375
0 0.13866666666666666 0.68671875 0.03866666666666667 0.04375
0 0.494 0.4359375 0.032 0.0296875
0 0.19333333333333333 0.69765625 0.03333333333333333 0.040625
0 0.086 0.678125 0.032 0.0390625
0 0.254 0.60546875 0.037333333333333336 0.0390625
0 0.278 0.4609375 0.044 0.0375
0 0.2826666666666667 0.42734375 0.042666666666666665 0.0421875
0 0.7793333333333333 0.3109375 0.04133333333333333 0.05
0 0.16333333333333333 0.81015625 0.04133333333333333 0.0515625
0 0.27066666666666667 0.4984375 0.044 0.0515625
0 0.29533333333333334 0.35703125 0.042666666666666665 0.0390625
0 0.8546666666666667 0.51328125 0.044 0.0421875
0 0.8606666666666667 0.48046875 0.044 0.0421875
0 0.11 0.79453125 0.04666666666666667 0.0453125
0 0.5266666666666666 0.240625 0.034666666666666665 0.0359375
0 0.28933333333333333 0.38828125 0.042666666666666665 0.0390625
0 0.12333333333333334 0.7203125 0.044 0.0484375
0 0.11666666666666667 0.7578125 0.04666666666666667 0.0453125
0 0.2633333333333333 0.5359375 0.044 0.040625
0 0.8073333333333333 0.4703125 0.04 0.0421875
0 0.5313333333333333 0.2125 0.03333333333333333 0.0328125
0 0.17733333333333334 0.73359375 0.04 0.0484375
0 0.25933333333333336 0.57109375 0.044 0.0421875
0 0.17066666666666666 0.76953125 0.042666666666666665 0.04375
0 0.05533333333333333 0.78203125 0.04933333333333333 0.0546875
0 0.874 0.40703125 0.044 0.046875
0 0.848 0.55078125 0.04133333333333333 0.0421875
0 0.18066666666666667 0.36953125 0.042666666666666665 0.0421875
0 0.068 0.71171875 0.04666666666666667 0.0484375
0 0.868 0.446875 0.04133333333333333 0.0421875
0 0.8206666666666667 0.396875 0.042666666666666665 0.04375
0 0.24733333333333332 0.63984375 0.04666666666666667 0.046875
0 0.814 0.434375 0.04 0.04375
0 0.20466666666666666 0.2234375 0.044 0.040625
0 0.18666666666666668 0.3328125 0.042666666666666665 0.04375
0 0.826 0.35859375 0.044 0.046875
0 0.25266666666666665 0.275 0.04533333333333334 0.0515625
0 0.19866666666666666 0.26015625 0.044 0.04375
0 0.212 0.18671875 0.04666666666666667 0.0484375
0 0.19333333333333333 0.296875 0.044 0.0453125
0 0.3006666666666667 0.32109375 0.048 0.0484375
0 0.308 0.28125 0.04666666666666667 0.046875
0 0.524 0.26015625 0.028 0.0125