0 0.3638888888888889 0.3440065681444992 0.043333333333333335 0.06403940886699508
0 0.6127777777777778 0.26683087027914615 0.043333333333333335 0.059113300492610835
0 0.5205555555555555 0.3399014778325123 0.04 0.052545155993431854
0 0.41444444444444445 0.3284072249589491 0.04111111111111111 0.059113300492610835
0 0.465 0.6600985221674877 0.044444444444444446 0.05747126436781609
0 0.57 0.3243021346469622 0.04111111111111111 0.05582922824302135
0 0.7627777777777778 0.21839080459770116 0.042222222222222223 0.05747126436781609
0 0.7205555555555555 0.2766830870279146 0.04111111111111111 0.054187192118226604
0 0.4722222222222222 0.7027914614121511 0.04111111111111111 0.054187192118226604
0 0.3788888888888889 0.7725779967159278 0.044444444444444446 0.060755336617405585
0 0.5133333333333333 0.2955665024630542 0.04 0.05747126436781609
0 0.32055555555555554 0.4014778325123153 0.04 0.054187192118226604
0 0.4216666666666667 0.715927750410509 0.04111111111111111 0.05582922824302135
0 0.2127777777777778 0.3949096880131363 0.04 0.054187192118226604
0 0.22777777777777777 0.825944170771757 0.042222222222222223 0.060755336617405585
0 0.3138888888888889 0.361247947454844 0.04111111111111111 0.05747126436781609
0 0.6661111111111111 0.5960591133004927 0.03777777777777778 0.052545155993431854
0 0.5761111111111111 0.3645320197044335 0.04111111111111111 0.05582922824302135
0 0.415 0.6732348111658456 0.042222222222222223 0.059113300492610835
0 0.8155555555555556 0.5443349753694581 0.042222222222222223 0.05747126436781609
0 0.215 0.7389162561576355 0.043333333333333335 0.060755336617405585
0 0.7688888888888888 0.2627257799671593 0.04 0.054187192118226604
0 0.6694444444444444 0.2914614121510673 0.04 0.054187192118226604
0 0.3661111111111111 0.6888341543513957 0.04111111111111111 0.060755336617405585
0 0.26944444444444443 0.41954022988505746 0.04555555555555556 0.05747126436781609
0 0.6727777777777778 0.6354679802955665 0.03888888888888889 0.05090311986863711
0 0.37666666666666665 0.42610837438423643 0.043333333333333335 0.06403940886699508
0 0.37222222222222223 0.7323481116584565 0.04111111111111111 0.052545155993431854
0 0.7366666666666667 0.6157635467980296 0.027777777777777776 0.04433497536945813
0 0.2633333333333333 0.3793103448275862 0.042222222222222223 0.05090311986863711
0 0.8127777777777778 0.2044334975369458 0.03888888888888889 0.052545155993431854
0 0.4588888888888889 0.5295566502463054 0.03111111111111111 0.04597701149425287
0 0.11222222222222222 0.4244663382594417 0.044444444444444446 0.059113300492610835
0 0.7266666666666667 0.3169129720853859 0.03888888888888889 0.05090311986863711
0 0.62 0.3078817733990148 0.04111111111111111 0.05582922824302135
0 0.06111111111111111 0.43924466338259444 0.044444444444444446 0.06239737274220033
0 0.4572222222222222 0.270935960591133 0.04888888888888889 0.05582922824302135
0 0.7405555555555555 0.6559934318555009 0.02666666666666667 0.041050903119868636
0 0.2088888888888889 0.687192118226601 0.03 0.041050903119868636
0 0.8222222222222222 0.5927750410509032 0.03777777777777778 0.047619047619047616
0 0.47944444444444445 0.39655172413793105 0.052222222222222225 0.054187192118226604
0 0.47444444444444445 0.37192118226600984 0.04888888888888889 0.05582922824302135
0 0.4955555555555556 0.5123152709359606 0.044444444444444446 0.05582922824302135
0 0.5255555555555556 0.3825944170771757 0.042222222222222223 0.05747126436781609
0 0.32666666666666666 0.4433497536945813 0.043333333333333335 0.059113300492610835
0 0.1238888888888889 0.506568144499179 0.04555555555555556 0.059113300492610835
0 0.21777777777777776 0.4351395730706076 0.042222222222222223 0.052545155993431854
0 0.4211111111111111 0.3702791461412151 0.04 0.05090311986863711
0 0.16166666666666665 0.4072249589490969 0.042222222222222223 0.059113300492610835
0 0.5838888888888889 0.48932676518883417 0.02666666666666667 0.03940886699507389
0 0.5788888888888889 0.7110016420361248 0.04111111111111111 0.060755336617405585
0 0.42944444444444446 0.49507389162561577 0.02666666666666667 0.042692939244663386
0 0.1688888888888889 0.45073891625615764 0.042222222222222223 0.05582922824302135
0 0.7755555555555556 0.30377668308702793 0.04 0.05582922824302135
0 0.8183333333333334 0.24548440065681446 0.04 0.054187192118226604
0 0.44166666666666665 0.5747126436781609 0.03 0.04597701149425287
0 0.42277777777777775 0.45566502463054187 0.027777777777777776 0.042692939244663386
0 0.7277777777777777 0.5738916256157636 0.027777777777777776 0.04433497536945813
0 0.435 0.5369458128078818 0.025555555555555557 0.041050903119868636
0 0.8283333333333334 0.6288998357963875 0.04 0.054187192118226604
0 0.7077777777777777 0.4490968801313629 0.028888888888888888 0.04433497536945813
0 0.7033333333333334 0.5812807881773399 0.03 0.047619047619047616
0 0.11722222222222223 0.4671592775041051 0.04111111111111111 0.052545155993431854
0 0.12666666666666668 0.8563218390804598 0.044444444444444446 0.05747126436781609
0 0.225 0.4745484400656814 0.042222222222222223 0.05582922824302135
0 0.5727777777777778 0.6666666666666666 0.035555555555555556 0.047619047619047616
0 0.4272222222222222 0.4088669950738916 0.043333333333333335 0.05747126436781609
0 0.7111111111111111 0.6215106732348111 0.027777777777777776 0.041050903119868636
0 0.44722222222222224 0.20607553366174056 0.05 0.05747126436781609
0 0.145 0.7175697865353038 0.03111111111111111 0.05090311986863711
0 0.5661111111111111 0.6247947454844006 0.03666666666666667 0.05747126436781609
0 0.175 0.49261083743842365 0.04 0.05582922824302135
0 0.3705555555555556 0.3866995073891626 0.03666666666666667 0.04597701149425287
0 0.12666666666666668 0.5927750410509032 0.02666666666666667 0.042692939244663386
0 0.25555555555555554 0.3366174055829228 0.042222222222222223 0.05582922824302135
0 0.22111111111111112 0.7824302134646962 0.043333333333333335 0.05582922824302135
0 0.6583333333333333 0.4663382594417077 0.028888888888888888 0.04433497536945813
0 0.6705555555555556 0.37766830870279144 0.025555555555555557 0.041050903119868636
0 0.11333333333333333 0.7717569786535303 0.042222222222222223 0.05582922824302135
0 0.18333333333333332 0.7931034482758621 0.02666666666666667 0.041050903119868636
0 0.47944444444444445 0.7430213464696224 0.042222222222222223 0.054187192118226604
0 0.47444444444444445 0.7857142857142857 0.02666666666666667 0.041050903119868636
0 0.42833333333333334 0.7561576354679803 0.04111111111111111 0.05582922824302135
0 0.625 0.34893267651888343 0.04111111111111111 0.05582922824302135
0 0.5977777777777777 0.5747126436781609 0.02666666666666667 0.041050903119868636
0 0.5705555555555556 0.4072249589490969 0.025555555555555557 0.03940886699507389
0 0.7205555555555555 0.5320197044334976 0.02666666666666667 0.042692939244663386
0 0.8627777777777778 0.1839080459770115 0.04 0.04926108374384237
0 0.8238888888888889 0.28407224958949095 0.03888888888888889 0.05090311986863711
0 0.16555555555555557 0.8415435139573071 0.028888888888888888 0.04597701149425287
0 0.06833333333333333 0.48440065681444994 0.044444444444444446 0.054187192118226604
0 0.6755555555555556 0.33169129720853857 0.04 0.054187192118226604
0 0.5022222222222222 0.5509031198686372 0.03333333333333333 0.04597701149425287
0 0.4483333333333333 0.6215106732348111 0.02666666666666667 0.042692939244663386
0 0.605 0.6141215106732348 0.027777777777777776 0.041050903119868636
0 0.6438888888888888 0.3850574712643678 0.024444444444444446 0.041050903119868636
0 0.14444444444444443 0.5459770114942529 0.03 0.04597701149425287
0 0.6794444444444444 0.6765188834154351 0.044444444444444446 0.05747126436781609
0 0.24888888888888888 0.29064039408866993 0.04555555555555556 0.06896551724137931
0 0.6233333333333333 0.5648604269293924 0.027777777777777776 0.041050903119868636
0 0.6322222222222222 0.4753694581280788 0.023333333333333334 0.03940886699507389
0 0.17777777777777778 0.922824302134647 0.03 0.047619047619047616
0 0.07333333333333333 0.5229885057471264 0.04555555555555556 0.059113300492610835
0 0.16277777777777777 0.6650246305418719 0.02666666666666667 0.04433497536945813
0 0.6088888888888889 0.48111658456486045 0.025555555555555557 0.03940886699507389
0 0.1322222222222222 0.6330049261083743 0.025555555555555557 0.041050903119868636
0 0.45111111111111113 0.48932676518883417 0.027777777777777776 0.042692939244663386
0 0.17666666666666667 0.7504105090311987 0.027777777777777776 0.04433497536945813
0 0.63 0.6067323481116584 0.027777777777777776 0.041050903119868636
0 0.4461111111111111 0.4490968801313629 0.02666666666666667 0.041050903119868636
0 0.17166666666666666 0.8817733990147784 0.027777777777777776 0.042692939244663386
0 0.85 0.10262725779967159 0.044444444444444446 0.06403940886699508
0 0.15166666666666667 0.7594417077175698 0.02666666666666667 0.04433497536945813
0 0.12 0.8136288998357963 0.042222222222222223 0.05582922824302135
0 0.5888888888888889 0.5270935960591133 0.02666666666666667 0.042692939244663386
0 0.87 0.22742200328407225 0.043333333333333335 0.059113300492610835
0 0.15666666666666668 0.6264367816091954 0.02666666666666667 0.041050903119868636
0 0.11944444444444445 0.5533661740558292 0.027777777777777776 0.042692939244663386
0 0.13833333333333334 0.6724137931034483 0.028888888888888888 0.04433497536945813
0 0.6961111111111111 0.5410509031198686 0.028888888888888888 0.041050903119868636
0 0.6016666666666667 0.43924466338259444 0.025555555555555557 0.03940886699507389
0 0.15055555555555555 0.5845648604269293 0.025555555555555557 0.041050903119868636
0 0.18888888888888888 0.8349753694581281 0.025555555555555557 0.03940886699507389
0 0.62 0.3899835796387521 0.023333333333333334 0.0361247947454844
0 0.695 0.3702791461412151 0.024444444444444446 0.041050903119868636
0 0.715 0.4909688013136289 0.028888888888888888 0.04597701149425287
0 0.6905555555555556 0.49835796387520526 0.027777777777777776 0.047619047619047616
0 0.65 0.42528735632183906 0.025555555555555557 0.04433497536945813
0 0.6761111111111111 0.4154351395730706 0.025555555555555557 0.03776683087027915
0 0.595 0.4006568144499179 0.024444444444444446 0.03776683087027915
0 0.06833333333333333 0.5681444991789819 0.027777777777777776 0.041050903119868636
0 0.465 0.5673234811165846 0.028888888888888888 0.041050903119868636
0 0.47944444444444445 0.8226600985221675 0.027777777777777776 0.042692939244663386
0 0.07444444444444444 0.6116584564860427 0.027777777777777776 0.04433497536945813
0 0.7005555555555556 0.4064039408866995 0.024444444444444446 0.03940886699507389
0 0.6166666666666667 0.5246305418719212 0.027777777777777776 0.04433497536945813
0 0.4727777777777778 0.6116584564860427 0.028888888888888888 0.04926108374384237
0 0.09277777777777778 0.5615763546798029 0.03 0.04597701149425287
0 0.15833333333333333 0.8004926108374384 0.02666666666666667 0.03940886699507389
0 0.19555555555555557 0.8735632183908046 0.023333333333333334 0.041050903119868636
0 0.49833333333333335 0.7758620689655172 0.025555555555555557 0.03940886699507389
0 0.2088888888888889 0.9540229885057471 0.025555555555555557 0.041050903119868636
0 0.20333333333333334 0.9137931034482759 0.02666666666666667 0.042692939244663386
0 0.6833333333333333 0.458128078817734 0.024444444444444446 0.03776683087027915
0 0.1 0.6009852216748769 0.02666666666666667 0.03940886699507389
0 0.44277777777777777 0.17323481116584566 0.051111111111111114 0.05090311986863711
0 0.5766666666666667 0.4482758620689655 0.02666666666666667 0.04433497536945813
0 0.625 0.43267651888341546 0.023333333333333334 0.03940886699507389
0 0.16944444444444445 0.7077175697865353 0.02666666666666667 0.047619047619047616
0 0.18444444444444444 0.9605911330049262 0.025555555555555557 0.03940886699507389
0 0.5472222222222223 0.7594417077175698 0.025555555555555557 0.034482758620689655
0 0.4527777777777778 0.23973727422003285 0.05 0.04926108374384237
0 0.4683333333333333 0.33497536945812806 0.052222222222222225 0.059113300492610835
0 0.665 0.5082101806239737 0.027777777777777776 0.04433497536945813
0 0.5033333333333333 0.8136288998357963 0.02666666666666667 0.03776683087027915
0 0.8566666666666667 0.1469622331691297 0.042222222222222223 0.05090311986863711
0 0.4633333333333333 0.3045977011494253 0.04777777777777778 0.04926108374384237
0 0.7788888888888889 0.645320197044335 0.042222222222222223 0.059113300492610835
0 0.205 0.3505747126436782 0.042222222222222223 0.060755336617405585
0 0.5633333333333334 0.28078817733990147 0.042222222222222223 0.059113300492610835
0 0.8061111111111111 0.16174055829228243 0.042222222222222223 0.059113300492610835
0 0.7644444444444445 0.5607553366174056 0.04111111111111111 0.05747126436781609
0 0.7122222222222222 0.2348111658456486 0.04111111111111111 0.05582922824302135
0 0.6616666666666666 0.2504105090311987 0.042222222222222223 0.05747126436781609
0 0.7722222222222223 0.6050903119868637 0.04 0.054187192118226604
0 0.48944444444444446 0.4720853858784893 0.04666666666666667 0.059113300492610835