0 0.845 0.7322899505766063 0.024444444444444446 0.039538714991762765
0 0.8716666666666667 0.7726523887973641 0.025555555555555557 0.036243822075782535
0 0.11333333333333333 0.5453047775947282 0.023333333333333334 0.04118616144975288
0 0.6444444444444445 0.3805601317957166 0.021111111111111112 0.036243822075782535
0 0.11722222222222223 0.5024711696869851 0.023333333333333334 0.036243822075782535
0 0.4111111111111111 0.699341021416804 0.024444444444444446 0.042833607907743
0 0.8922222222222222 0.8163097199341022 0.024444444444444446 0.04118616144975288
0 0.10666666666666667 0.6317957166392092 0.02666666666666667 0.04118616144975288
0 0.40166666666666667 0.8212520593080724 0.025555555555555557 0.04118616144975288
0 0.1111111111111111 0.5897858319604613 0.025555555555555557 0.04118616144975288
0 0.8955555555555555 0.7767710049423394 0.024444444444444446 0.039538714991762765
0 0.42277777777777775 0.8673805601317958 0.024444444444444446 0.04118616144975288
0 0.37722222222222224 0.6565074135090609 0.04111111111111111 0.05601317957166392
0 0.43555555555555553 0.7018121911037891 0.023333333333333334 0.039538714991762765
0 0.41055555555555556 0.40197693574958815 0.024444444444444446 0.042833607907743
0 0.5266666666666666 0.09719934102141681 0.05 0.047775947281713346
0 0.4255555555555556 0.8220757825370676 0.024444444444444446 0.042833607907743
0 0.12166666666666667 0.46210873146622733 0.023333333333333334 0.036243822075782535
0 0.8588888888888889 0.27100494233937394 0.023333333333333334 0.036243822075782535
0 0.5127777777777778 0.2652388797364086 0.04666666666666667 0.047775947281713346
0 0.9155555555555556 0.5247116968698518 0.025555555555555557 0.03789126853377265
0 0.6655555555555556 0.4233937397034596 0.025555555555555557 0.039538714991762765
0 0.8216666666666667 0.729818780889621 0.024444444444444446 0.03789126853377265
0 0.13666666666666666 0.5922570016474464 0.02666666666666667 0.042833607907743
0 0.4088888888888889 0.7388797364085667 0.025555555555555557 0.03789126853377265
0 0.1288888888888889 0.6779242174629324 0.025555555555555557 0.042833607907743
0 0.1322222222222222 0.3369028006589786 0.023333333333333334 0.03459637561779242
0 0.8183333333333334 0.770181219110379 0.024444444444444446 0.039538714991762765
0 0.7672222222222222 0.4299835255354201 0.025555555555555557 0.04118616144975288
0 0.4266666666666667 0.6598023064250412 0.042222222222222223 0.05271828665568369
0 0.12833333333333333 0.3772652388797364 0.024444444444444446 0.039538714991762765
0 0.41333333333333333 0.3616144975288303 0.025555555555555557 0.03789126853377265
0 0.25722222222222224 0.6861614497528831 0.023333333333333334 0.039538714991762765
0 0.15333333333333332 0.38138385502471167 0.024444444444444446 0.042833607907743
0 0.1388888888888889 0.5485996705107083 0.027777777777777776 0.04118616144975288
0 0.2594444444444444 0.3484349258649094 0.023333333333333334 0.036243822075782535
0 0.25555555555555554 0.3904448105436573 0.024444444444444446 0.039538714991762765
0 0.8788888888888889 0.3163097199341021 0.02666666666666667 0.04118616144975288
0 0.8994444444444445 0.39950576606260296 0.023333333333333334 0.03789126853377265
0 0.23055555555555557 0.3871499176276771 0.023333333333333334 0.03789126853377265
0 0.49444444444444446 0.48846787479406917 0.03333333333333333 0.044481054365733116
0 0.5166666666666667 0.1985172981878089 0.04777777777777778 0.05271828665568369
0 0.12555555555555556 0.42257001647446457 0.02666666666666667 0.042833607907743
0 0.06722222222222222 0.6334431630971994 0.04111111111111111 0.05271828665568369
0 0.405 0.31795716639209226 0.04 0.05601317957166392
0 0.14722222222222223 0.29654036243822074 0.03888888888888889 0.05271828665568369
0 0.8938888888888888 0.4827018121911038 0.024444444444444446 0.039538714991762765
0 0.6405555555555555 0.4200988467874794 0.022222222222222223 0.03789126853377265
0 0.22166666666666668 0.6441515650741351 0.042222222222222223 0.057660626029654036
0 0.9216666666666666 0.44069192751235586 0.023333333333333334 0.03789126853377265
0 0.8294444444444444 0.3113673805601318 0.022222222222222223 0.036243822075782535
0 0.16944444444444445 0.6400329489291599 0.03777777777777778 0.051070840197693576
0 0.14555555555555555 0.46540362438220756 0.025555555555555557 0.039538714991762765
0 0.8877777777777778 0.6919275123558485 0.04111111111111111 0.05271828665568369
0 0.22555555555555556 0.600494233937397 0.03888888888888889 0.051070840197693576
0 0.09888888888888889 0.24958813838550248 0.035555555555555556 0.047775947281713346
0 0.8044444444444444 0.30971993410214166 0.023333333333333334 0.036243822075782535
0 0.77 0.3929159802306425 0.025555555555555557 0.03789126853377265
0 0.9255555555555556 0.40362438220757824 0.023333333333333334 0.036243822075782535
0 0.8316666666666667 0.2701812191103789 0.024444444444444446 0.039538714991762765
0 0.19777777777777777 0.3031301482701812 0.03888888888888889 0.051070840197693576
0 0.6833333333333333 0.6795716639209226 0.04 0.060955518945634266
0 0.7355555555555555 0.6820428336079077 0.04 0.051070840197693576
0 0.20666666666666667 0.2158154859967051 0.04 0.054365733113673806
0 0.2772222222222222 0.6037891268533773 0.03777777777777778 0.051070840197693576
0 0.8916666666666667 0.6499176276771005 0.03777777777777778 0.04942339373970346
0 0.43 0.6161449752883031 0.04 0.051070840197693576
0 0.8961111111111111 0.43986820428336076 0.027777777777777776 0.042833607907743
0 0.2811111111111111 0.557660626029654 0.04 0.05601317957166392
0 0.6194444444444445 0.20757825370675453 0.03777777777777778 0.051070840197693576
0 0.15 0.2553542009884679 0.035555555555555556 0.04942339373970346
0 0.9155555555555556 0.3616144975288303 0.035555555555555556 0.04942339373970346
0 0.9194444444444444 0.48352553542009885 0.02666666666666667 0.039538714991762765
0 0.8366666666666667 0.6878088962108732 0.03888888888888889 0.054365733113673806
0 0.3283333333333333 0.6087314662273476 0.03666666666666667 0.04942339373970346
0 0.17444444444444446 0.5971993410214168 0.03777777777777778 0.05271828665568369
0 0.235 0.3467874794069193 0.025555555555555557 0.04118616144975288
0 0.15444444444444444 0.21252059308072488 0.04111111111111111 0.05271828665568369
0 0.6322222222222222 0.6754530477759473 0.04 0.054365733113673806
0 0.07444444444444444 0.542833607907743 0.042222222222222223 0.057660626029654036
0 0.6688888888888889 0.38220757825370677 0.025555555555555557 0.03789126853377265
0 0.38 0.613673805601318 0.03666666666666667 0.047775947281713346
0 0.07055555555555555 0.5897858319604613 0.04 0.051070840197693576
0 0.17833333333333334 0.5510708401976936 0.03777777777777778 0.05601317957166392
0 0.7383333333333333 0.6400329489291599 0.03666666666666667 0.04942339373970346
0 0.2538888888888889 0.26194398682042835 0.035555555555555556 0.04612850082372323
0 0.5611111111111111 0.28912685337726524 0.03666666666666667 0.04942339373970346
0 0.43444444444444447 0.57166392092257 0.04111111111111111 0.054365733113673806
0 0.09555555555555556 0.2940691927512356 0.043333333333333335 0.054365733113673806
0 0.6911111111111111 0.5897858319604613 0.04 0.054365733113673806
0 0.6594444444444445 0.3401976935749588 0.04 0.054365733113673806
0 0.785 0.6869851729818781 0.04 0.054365733113673806
0 0.305 0.2685337726523888 0.03666666666666667 0.047775947281713346
0 0.4072222222222222 0.2759472817133443 0.03666666666666667 0.047775947281713346
0 0.3827777777777778 0.5667215815485996 0.03888888888888889 0.05930807248764415
0 0.22944444444444445 0.5551894563426688 0.04111111111111111 0.05601317957166392
0 0.25055555555555553 0.3056013179571664 0.042222222222222223 0.054365733113673806
0 0.3561111111111111 0.27100494233937394 0.03666666666666667 0.04942339373970346
0 0.5655555555555556 0.24794069192751236 0.034444444444444444 0.04942339373970346
0 0.3244444444444444 0.6523887973640856 0.04 0.05271828665568369
0 0.6166666666666667 0.25123558484349257 0.03666666666666667 0.047775947281713346
0 0.10166666666666667 0.20757825370675453 0.042222222222222223 0.057660626029654036
0 0.6361111111111111 0.6301482701812191 0.03888888888888889 0.051070840197693576
0 0.20222222222222222 0.25947281713344317 0.03777777777777778 0.04942339373970346
0 0.7894444444444444 0.6441515650741351 0.03888888888888889 0.051070840197693576
0 0.6405555555555555 0.586490939044481 0.04 0.054365733113673806
0 0.2577777777777778 0.21993410214168038 0.04 0.05271828665568369
0 0.30833333333333335 0.22487644151565075 0.03777777777777778 0.05271828665568369
0 0.84 0.6457990115321252 0.035555555555555556 0.04942339373970346
0 0.4111111111111111 0.23228995057660626 0.03888888888888889 0.05601317957166392
0 0.9216666666666666 0.27677100494233936 0.04111111111111111 0.054365733113673806
0 0.8955555555555555 0.6046128500823723 0.04 0.054365733113673806
0 0.8427777777777777 0.6013179571663921 0.03888888888888889 0.05271828665568369
0 0.6238888888888889 0.1614497528830313 0.03666666666666667 0.05601317957166392
0 0.3522222222222222 0.3154859967051071 0.03888888888888889 0.05930807248764415
0 0.7416666666666667 0.5947281713344317 0.04 0.05601317957166392
0 0.7611111111111111 0.3467874794069193 0.04111111111111111 0.057660626029654036
0 0.7683333333333333 0.26359143327841844 0.03888888888888889 0.05271828665568369
0 0.5011111111111111 0.40444810543657334 0.04666666666666667 0.05601317957166392
0 0.45944444444444443 0.27924217462932455 0.03666666666666667 0.04942339373970346
0 0.3327777777777778 0.5617792421746294 0.04 0.057660626029654036
0 0.6672222222222223 0.2545304777594728 0.03888888888888889 0.05271828665568369
0 0.9183333333333333 0.32042833607907745 0.03666666666666667 0.04942339373970346
0 0.35944444444444446 0.2273476112026359 0.04 0.054365733113673806
0 0.6633333333333333 0.2981878088962109 0.035555555555555556 0.04942339373970346
0 0.4633333333333333 0.2355848434925865 0.03888888888888889 0.051070840197693576
0 0.7938888888888889 0.5980230642504119 0.03777777777777778 0.054365733113673806
0 0.7166666666666667 0.257825370675453 0.03888888888888889 0.05271828665568369
0 0.6127777777777778 0.29489291598023065 0.03888888888888889 0.05271828665568369
0 0.7127777777777777 0.30230642504118616 0.03666666666666667 0.04942339373970346
0 0.7094444444444444 0.3467874794069193 0.03888888888888889 0.054365733113673806
0 0.57 0.2026359143327842 0.03777777777777778 0.054365733113673806
0 0.49777777777777776 0.4497528830313015 0.044444444444444446 0.05271828665568369
0 0.515 0.23311367380560133 0.044444444444444446 0.039538714991762765
0 0.065 0.7957166392092258 0.03111111111111111 0.047775947281713346
0 0.48777777777777775 0.7018121911037891 0.023333333333333334 0.03459637561779242
0 0.3988888888888889 0.8649093904448105 0.024444444444444446 0.039538714991762765
0 0.8672222222222222 0.8138385502471169 0.025555555555555557 0.039538714991762765
0 0.4061111111111111 0.7800658978583196 0.02666666666666667 0.04118616144975288
0 0.07277777777777777 0.7100494233937397 0.028888888888888888 0.042833607907743
0 0.10444444444444445 0.6729818780889621 0.023333333333333334 0.03789126853377265
0 0.8133333333333334 0.8517298187808896 0.025555555555555557 0.03789126853377265
0 0.8644444444444445 0.8558484349258649 0.02666666666666667 0.039538714991762765
0 0.8988888888888888 0.7372322899505767 0.024444444444444446 0.04118616144975288
0 0.07555555555555556 0.6738056013179572 0.025555555555555557 0.036243822075782535
0 0.38166666666666665 0.7347611202635914 0.02666666666666667 0.03789126853377265
0 0.8416666666666667 0.7734761120263591 0.023333333333333334 0.039538714991762765
0 0.8827777777777778 0.2726523887973641 0.024444444444444446 0.036243822075782535
0 0.4338888888888889 0.7397034596375618 0.024444444444444446 0.036243822075782535
0 0.8255555555555556 0.3525535420098847 0.025555555555555557 0.03789126853377265
0 0.5577777777777778 0.3319604612850082 0.03777777777777778 0.042833607907743
0 0.15777777777777777 0.34102141680395387 0.022222222222222223 0.03789126853377265
0 0.3022222222222222 0.30807248764415157 0.04 0.05271828665568369
0 0.8161111111111111 0.8105436573311368 0.02666666666666667 0.03789126853377265
0 0.14222222222222222 0.5065897858319605 0.025555555555555557 0.036243822075782535
0 0.8616666666666667 0.9011532125205931 0.02666666666666667 0.042833607907743
0 0.2538888888888889 0.7257001647446458 0.023333333333333334 0.039538714991762765
0 0.2738888888888889 0.6449752883031301 0.04 0.051070840197693576
0 0.8372222222222222 0.8558484349258649 0.023333333333333334 0.039538714991762765
0 0.5072222222222222 0.33031301482701814 0.04666666666666667 0.042833607907743
0 0.28055555555555556 0.728171334431631 0.023333333333333334 0.036243822075782535
0 0.8855555555555555 0.9028006589785832 0.025555555555555557 0.039538714991762765
0 0.3827777777777778 0.6968698517298187 0.028888888888888888 0.03789126853377265
0 0.51 0.30065897858319607 0.04555555555555556 0.04118616144975288
0 0.5205555555555555 0.16392092257001648 0.05 0.039538714991762765
0 0.46111111111111114 0.3245469522240527 0.025555555555555557 0.042833607907743
0 0.8088888888888889 0.8953871499176277 0.025555555555555557 0.039538714991762765
0 0.8066666666666666 0.2660626029654036 0.024444444444444446 0.03789126853377265
0 0.8888888888888888 0.8591433278418451 0.025555555555555557 0.04118616144975288
0 0.2838888888888889 0.6869851729818781 0.023333333333333334 0.03459637561779242
0 0.875 0.7322899505766063 0.02666666666666667 0.03789126853377265
0 0.1322222222222222 0.6359143327841845 0.024444444444444446 0.04118616144975288
0 0.5233333333333333 0.13179571663920922 0.04666666666666667 0.047775947281713346