0 0.258125 0.23813291139240506 0.02375 0.03481012658227848
0 0.684375 0.5585443037974683 0.03625 0.03639240506329114
0 0.564375 0.4438291139240506 0.035 0.0379746835443038
0 0.303125 0.6337025316455697 0.03125 0.03955696202531646
0 0.245 0.6099683544303798 0.0375 0.0379746835443038
0 0.4025 0.4944620253164557 0.035 0.03481012658227848
0 0.561875 0.4129746835443038 0.035 0.03639240506329114
0 0.68125 0.5276898734177216 0.03625 0.03639240506329114
0 0.615 0.37658227848101267 0.03625 0.03639240506329114
0 0.159375 0.9098101265822784 0.04 0.03955696202531646
0 0.790625 0.48180379746835444 0.0375 0.03639240506329114
0 0.20625 0.27927215189873417 0.02625 0.03322784810126582
0 0.6775 0.46360759493670883 0.035 0.03481012658227848
0 0.73125 0.45806962025316456 0.035 0.03639240506329114
0 0.455 0.4264240506329114 0.03375 0.03639240506329114
0 0.7075 0.8433544303797469 0.04 0.04113924050632911
0 0.254375 0.7056962025316456 0.03625 0.0379746835443038
0 0.264375 0.3069620253164557 0.0275 0.03322784810126582
0 0.78625 0.4501582278481013 0.035 0.03639240506329114
0 0.566875 0.4762658227848101 0.03625 0.03639240506329114
0 0.555 0.34968354430379744 0.03625 0.03955696202531646
0 0.63875 0.6598101265822784 0.03875 0.03955696202531646
0 0.405 0.5276898734177216 0.03375 0.0379746835443038
0 0.58 0.634493670886076 0.03625 0.03955696202531646
0 0.696875 0.7167721518987342 0.0375 0.03639240506329114
0 0.6175 0.4074367088607595 0.03875 0.03481012658227848
0 0.254375 0.20411392405063292 0.0275 0.03322784810126582
0 0.20875 0.31566455696202533 0.02625 0.03639240506329114
0 0.285 0.4137658227848101 0.04 0.04113924050632911
0 0.734375 0.48813291139240506 0.035 0.03639240506329114
0 0.83 0.31566455696202533 0.0375 0.04113924050632911
0 0.57625 0.6028481012658228 0.03625 0.03639240506329114
0 0.753125 0.7096518987341772 0.0375 0.03955696202531646
0 0.620625 0.43908227848101267 0.0375 0.0379746835443038
0 0.571875 0.5403481012658228 0.035 0.0379746835443038
0 0.665625 0.3370253164556962 0.0375 0.04113924050632911
0 0.720625 0.32832278481012656 0.03625 0.03955696202531646
0 0.67375 0.4319620253164557 0.03625 0.0379746835443038
0 0.7375 0.5205696202531646 0.03625 0.0379746835443038
0 0.3425 0.44066455696202533 0.04 0.04113924050632911
0 0.779375 0.3560126582278481 0.03625 0.03955696202531646
0 0.456875 0.45806962025316456 0.035 0.03639240506329114
0 0.569375 0.5087025316455697 0.03375 0.0379746835443038
0 0.23 0.41930379746835444 0.04 0.04113924050632911
0 0.57375 0.571993670886076 0.0375 0.03481012658227848
0 0.748125 0.6463607594936709 0.03875 0.03955696202531646
0 0.46875 0.615506329113924 0.03625 0.03164556962025317
0 0.15375 0.8449367088607594 0.03625 0.03322784810126582
0 0.904375 0.6882911392405063 0.0225 0.02531645569620253
0 0.83875 0.41139240506329117 0.03625 0.0379746835443038
0 0.140625 0.6859177215189873 0.0375 0.03639240506329114
0 0.280625 0.16534810126582278 0.0225 0.02689873417721519
0 0.921875 0.752373417721519 0.03625 0.0379746835443038
0 0.169375 0.17800632911392406 0.025 0.03322784810126582
0 0.595 0.8259493670886076 0.035 0.03639240506329114
0 0.11375 0.18354430379746836 0.02375 0.03164556962025317
0 0.705 0.810126582278481 0.03625 0.03481012658227848
0 0.6225 0.47151898734177217 0.0325 0.03639240506329114
0 0.29875 0.5704113924050633 0.0375 0.0379746835443038
0 0.175625 0.24841772151898733 0.02625 0.03164556962025317
0 0.635625 0.6281645569620253 0.0375 0.03322784810126582
0 0.599375 0.8560126582278481 0.0375 0.03955696202531646
0 0.479375 0.742879746835443 0.035 0.03481012658227848
0 0.116875 0.40110759493670883 0.03375 0.03639240506329114
0 0.08625 0.185126582278481 0.02625 0.03481012658227848
0 0.924375 0.7848101265822784 0.03875 0.03955696202531646
0 0.1225 0.2879746835443038 0.02625 0.030063291139240507
0 0.914375 0.6574367088607594 0.03875 0.0379746835443038
0 0.81125 0.7318037974683544 0.0375 0.03639240506329114
0 0.149375 0.7816455696202531 0.0375 0.03639240506329114
0 0.3625 0.6906645569620253 0.035 0.03481012658227848
0 0.18125 0.31645569620253167 0.02375 0.028481012658227847
0 0.30625 0.6669303797468354 0.03375 0.03639240506329114
0 0.28875 0.2697784810126582 0.0225 0.02689873417721519
0 0.15125 0.8132911392405063 0.03875 0.03955696202531646
0 0.59125 0.7602848101265823 0.035 0.0379746835443038
0 0.7975 0.5767405063291139 0.03875 0.03639240506329114
0 0.130625 0.560126582278481 0.035 0.03639240506329114
0 0.906875 0.5625 0.03875 0.0379746835443038
0 0.126875 0.5284810126582279 0.0375 0.03639240506329114
0 0.470625 0.6471518987341772 0.0375 0.0379746835443038
0 0.874375 0.8227848101265823 0.0375 0.03639240506329114
0 0.173125 0.21281645569620253 0.02375 0.030063291139240507
0 0.865 0.7254746835443038 0.03625 0.03639240506329114
0 0.8375 0.3805379746835443 0.03375 0.03639240506329114
0 0.64125 0.7199367088607594 0.04 0.04272151898734177
0 0.481875 0.807753164556962 0.03625 0.03955696202531646
0 0.285625 0.23575949367088608 0.02375 0.03639240506329114
0 0.341875 0.2286392405063291 0.02625 0.03322784810126582
0 0.86 0.6629746835443038 0.03625 0.03639240506329114
0 0.411875 0.5870253164556962 0.03625 0.030063291139240507
0 0.096875 0.32674050632911394 0.02625 0.03481012658227848
0 0.1525 0.31962025316455694 0.02625 0.03164556962025317
0 0.9025 0.5015822784810127 0.0375 0.03639240506329114
0 0.30875 0.6977848101265823 0.03875 0.0379746835443038
0 0.11625 0.21914556962025317 0.025 0.03322784810126582
0 0.475 0.7120253164556962 0.035 0.0379746835443038
0 0.321875 0.8583860759493671 0.03875 0.0379746835443038
0 0.34375 0.2626582278481013 0.0275 0.03481012658227848
0 0.29125 0.47705696202531644 0.0375 0.0379746835443038
0 0.784375 0.4177215189873418 0.03625 0.0379746835443038
0 0.355625 0.5973101265822784 0.03625 0.0379746835443038
0 0.88625 0.30933544303797467 0.0375 0.04113924050632911
0 0.338125 0.19382911392405064 0.02875 0.03481012658227848
0 0.1225 0.4651898734177215 0.03875 0.0379746835443038
0 0.6925 0.6526898734177216 0.0375 0.0379746835443038
0 0.175 0.42800632911392406 0.0375 0.03955696202531646
0 0.2 0.21123417721518986 0.025 0.03322784810126582
0 0.7 0.7468354430379747 0.03625 0.0379746835443038
0 0.695 0.685126582278481 0.0375 0.03639240506329114
0 0.67125 0.40031645569620256 0.03625 0.03481012658227848
0 0.626875 0.5348101265822784 0.03625 0.03955696202531646
0 0.2275 0.20727848101265822 0.02625 0.03481012658227848
0 0.169375 0.3647151898734177 0.04 0.03955696202531646
0 0.20375 0.24604430379746836 0.025 0.03639240506329114
0 0.68 0.495253164556962 0.03625 0.0379746835443038
0 0.5 0.32199367088607594 0.03625 0.03481012658227848
0 0.534375 0.5822784810126582 0.02375 0.02531645569620253
0 0.536875 0.6028481012658228 0.0225 0.022151898734177215
0 0.5175 0.5150316455696202 0.03625 0.02689873417721519
0 0.506875 0.3939873417721519 0.03625 0.020569620253164556
0 0.509375 0.4287974683544304 0.03375 0.022151898734177215
0 0.503125 0.3512658227848101 0.03625 0.03481012658227848
0 0.504375 0.37579113924050633 0.03875 0.02531645569620253
0 0.5575 0.8607594936708861 0.0225 0.02531645569620253
0 0.518125 0.5316455696202531 0.02875 0.012658227848101266
0 0.51125 0.4454113924050633 0.03375 0.022151898734177215
0 0.5075 0.41139240506329117 0.03375 0.023734177215189875
0 0.35 0.5316455696202531 0.03625 0.0379746835443038
0 0.9325 0.7175632911392406 0.02625 0.03481012658227848
0 0.480625 0.7737341772151899 0.03375 0.03639240506329114
0 0.5325 0.560126582278481 0.02375 0.02531645569620253
0 0.30125 0.6020569620253164 0.03 0.028481012658227847
0 0.92625 0.814873417721519 0.03875 0.03955696202531646
0 0.9075 0.7191455696202531 0.02375 0.028481012658227847
0 0.141875 0.1819620253164557 0.025 0.03164556962025317
0 0.42875 0.814873417721519 0.035 0.03481012658227848
0 0.650625 0.8180379746835443 0.03875 0.03639240506329114
0 0.143125 0.7167721518987342 0.03625 0.03481012658227848
0 0.295 0.5379746835443038 0.03875 0.03322784810126582
0 0.19875 0.17563291139240506 0.02375 0.028481012658227847
0 0.64 0.692246835443038 0.03625 0.03164556962025317
0 0.514375 0.4912974683544304 0.035 0.030063291139240507
0 0.539375 0.7737341772151899 0.0325 0.028481012658227847
0 0.93125 0.685126582278481 0.02375 0.030063291139240507
0 0.625 0.502373417721519 0.0325 0.03481012658227848
0 0.55375 0.8354430379746836 0.02375 0.02689873417721519
0 0.539375 0.6431962025316456 0.0225 0.02531645569620253
0 0.351875 0.5561708860759493 0.0425 0.05379746835443038
0 0.851875 0.5704113924050633 0.035 0.03481012658227848
0 0.425 0.7824367088607594 0.03625 0.03639240506329114
0 0.538125 0.6218354430379747 0.02125 0.020569620253164556
0 0.294375 0.5102848101265823 0.03875 0.0379746835443038
0 0.85 0.5387658227848101 0.0375 0.0379746835443038
0 0.360625 0.6590189873417721 0.035 0.0379746835443038
0 0.08875 0.22151898734177214 0.025 0.03164556962025317
0 0.266875 0.8639240506329114 0.035 0.03481012658227848
0 0.233125 0.45174050632911394 0.035 0.03322784810126582
0 0.648125 0.7871835443037974 0.03875 0.0379746835443038
0 0.856875 0.632120253164557 0.035 0.03481012658227848
0 0.091875 0.25712025316455694 0.02625 0.03322784810126582
0 0.14 0.6550632911392406 0.0375 0.0379746835443038
0 0.89375 0.40427215189873417 0.03625 0.03481012658227848
0 0.890625 0.37420886075949367 0.0375 0.0379746835443038
0 0.806875 0.7017405063291139 0.0375 0.0379746835443038
0 0.81875 0.8283227848101266 0.03625 0.03639240506329114
0 0.23625 0.31091772151898733 0.02375 0.03164556962025317
0 0.379375 0.8837025316455697 0.03625 0.03639240506329114
0 0.39875 0.4319620253164557 0.03375 0.03481012658227848
0 0.4325 0.8765822784810127 0.03375 0.03639240506329114
0 0.12375 0.3235759493670886 0.02625 0.03481012658227848
0 0.09375 0.2927215189873418 0.02625 0.0379746835443038
0 0.6325 0.5981012658227848 0.04 0.03955696202531646
0 0.905 0.5316455696202531 0.0375 0.03639240506329114
0 0.310625 0.7302215189873418 0.0375 0.0379746835443038
0 0.2875 0.4462025316455696 0.03625 0.03639240506329114
0 0.3575 0.6289556962025317 0.035 0.03481012658227848
0 0.755625 0.7420886075949367 0.0375 0.03481012658227848
0 0.423125 0.75 0.0375 0.0379746835443038
0 0.1325 0.5925632911392406 0.03625 0.0379746835443038
0 0.31375 0.23180379746835442 0.025 0.03481012658227848
0 0.395625 0.39794303797468356 0.03375 0.03955696202531646
0 0.225625 0.17325949367088608 0.0275 0.03322784810126582
0 0.430625 0.8441455696202531 0.0375 0.03481012658227848
0 0.119375 0.25395569620253167 0.02625 0.03481012658227848
0 0.741875 0.5814873417721519 0.035 0.03639240506329114
0 0.26125 0.8014240506329114 0.0375 0.03639240506329114
0 0.3125 0.7642405063291139 0.03625 0.03639240506329114
0 0.269375 0.8947784810126582 0.0375 0.03639240506329114
0 0.41625 0.6550632911392406 0.03875 0.0379746835443038
0 0.7575 0.7729430379746836 0.0375 0.03639240506329114
0 0.593125 0.7950949367088608 0.03625 0.0379746835443038
0 0.236875 0.5150316455696202 0.03625 0.03639240506329114
0 0.45875 0.4889240506329114 0.035 0.03481012658227848
0 0.1375 0.622626582278481 0.0375 0.03639240506329114
0 0.854375 0.6004746835443038 0.035 0.0379746835443038
0 0.173125 0.39556962025316456 0.03625 0.03481012658227848
0 0.155625 0.8765822784810127 0.0375 0.03639240506329114
0 0.740625 0.5514240506329114 0.03625 0.03322784810126582
0 0.36875 0.7555379746835443 0.03625 0.0379746835443038
0 0.145 0.21518987341772153 0.025 0.03322784810126582
0 0.3475 0.502373417721519 0.0375 0.03639240506329114
0 0.408125 0.5593354430379747 0.035 0.03481012658227848
0 0.243125 0.5783227848101266 0.035 0.03481012658227848
0 0.319375 0.3014240506329114 0.025 0.03164556962025317
0 0.76 0.805379746835443 0.03625 0.03481012658227848
0 0.781875 0.3884493670886076 0.03625 0.03481012658227848
0 0.370625 0.7879746835443038 0.035 0.03639240506329114
0 0.319375 0.8251582278481012 0.03625 0.03481012658227848
0 0.863125 0.694620253164557 0.0375 0.0379746835443038
0 0.344375 0.47310126582278483 0.0375 0.03322784810126582
0 0.870625 0.7903481012658228 0.03625 0.03639240506329114
0 0.65375 0.8496835443037974 0.0375 0.03955696202531646
0 0.8675 0.759493670886076 0.0375 0.0379746835443038
0 0.1475 0.25 0.025 0.03481012658227848
0 0.900625 0.46914556962025317 0.03875 0.0379746835443038
0 0.251875 0.6732594936708861 0.035 0.03639240506329114
0 0.4725 0.680379746835443 0.035 0.0379746835443038
0 0.229375 0.24287974683544303 0.02625 0.03322784810126582
0 0.15 0.2848101265822785 0.02625 0.03481012658227848
0 0.125625 0.497626582278481 0.04 0.0379746835443038
0 0.4125 0.6186708860759493 0.04 0.04272151898734177
0 0.400625 0.46439873417721517 0.0325 0.03639240506329114
0 0.645 0.7539556962025317 0.03875 0.0379746835443038
0 0.3075 0.1629746835443038 0.0275 0.03322784810126582
0 0.813125 0.7642405063291139 0.03875 0.0379746835443038
0 0.25375 0.17088607594936708 0.02625 0.03322784810126582
0 0.63 0.5656645569620253 0.0375 0.03639240506329114
0 0.763125 0.8354430379746836 0.04 0.03955696202531646
0 0.911875 0.625 0.03625 0.0379746835443038
0 0.46375 0.5522151898734177 0.03625 0.03481012658227848
0 0.260625 0.2721518987341772 0.02375 0.03322784810126582
0 0.703125 0.7800632911392406 0.0375 0.04113924050632911
0 0.74375 0.6131329113924051 0.03625 0.03639240506329114
0 0.835 0.34889240506329117 0.035 0.03639240506329114
0 0.5875 0.7286392405063291 0.03625 0.03639240506329114
0 0.84375 0.4754746835443038 0.0375 0.03481012658227848
0 0.72875 0.4248417721518987 0.035 0.03955696202531646
0 0.376875 0.8520569620253164 0.03625 0.0379746835443038
0 0.233125 0.27689873417721517 0.025 0.03164556962025317
0 0.145625 0.7492088607594937 0.03875 0.03955696202531646
0 0.12 0.432753164556962 0.0375 0.03639240506329114
0 0.77625 0.32199367088607594 0.03375 0.0379746835443038
0 0.17875 0.2824367088607595 0.02625 0.030063291139240507
0 0.259375 0.7705696202531646 0.03625 0.0379746835443038
0 0.585 0.696993670886076 0.03625 0.03639240506329114
0 0.340625 0.40427215189873417 0.04 0.04113924050632911
0 0.29125 0.3037974683544304 0.02625 0.03322784810126582
0 0.31625 0.7943037974683544 0.0375 0.03639240506329114
0 0.815 0.7966772151898734 0.0375 0.03639240506329114
0 0.88875 0.34335443037974683 0.035 0.03639240506329114
0 0.4675 0.5846518987341772 0.0375 0.03322784810126582
0 0.235625 0.4825949367088608 0.03625 0.0379746835443038
0 0.324375 0.8900316455696202 0.0375 0.0379746835443038
0 0.7275 0.3939873417721519 0.03625 0.03164556962025317
0 0.668125 0.37104430379746833 0.03625 0.03639240506329114
0 0.256875 0.7373417721518988 0.03625 0.0379746835443038
0 0.249375 0.6424050632911392 0.035 0.0379746835443038
0 0.800625 0.6075949367088608 0.0375 0.03481012658227848
0 0.335625 0.15901898734177214 0.02875 0.03481012658227848
0 0.26375 0.8322784810126582 0.0375 0.0379746835443038
0 0.37375 0.819620253164557 0.0375 0.03639240506329114
0 0.805 0.6700949367088608 0.0375 0.0379746835443038
0 0.36625 0.7238924050632911 0.03875 0.0379746835443038
0 0.283125 0.20015822784810128 0.025 0.03481012658227848
0 0.5825 0.6661392405063291 0.03625 0.03481012658227848
0 0.239375 0.5466772151898734 0.03375 0.03639240506329114
0 0.31 0.1962025316455696 0.025 0.03322784810126582
0 0.795 0.5458860759493671 0.03875 0.0379746835443038
0 0.418125 0.6859177215189873 0.03625 0.03639240506329114
0 0.75 0.6787974683544303 0.0375 0.03481012658227848
0 0.8025 0.6400316455696202 0.0375 0.03639240506329114
0 0.7925 0.5150316455696202 0.03875 0.03639240506329114
0 0.896875 0.43670886075949367 0.03625 0.03955696202531646
0 0.42 0.7167721518987342 0.0375 0.0379746835443038
0 0.31625 0.26582278481012656 0.025 0.03322784810126582
0 0.91 0.5941455696202531 0.03625 0.03639240506329114
0 0.6875 0.5886075949367089 0.0325 0.03639240506329114
0 0.69 0.6210443037974683 0.0375 0.0379746835443038
0 0.346875 0.29825949367088606 0.0275 0.03322784810126582
0 0.848125 0.507120253164557 0.0375 0.0379746835443038
0 0.84125 0.4438291139240506 0.0375 0.0379746835443038
0 0.559375 0.38212025316455694 0.03625 0.0379746835443038
0 0.449375 0.36075949367088606 0.03875 0.03955696202531646
0 0.461875 0.5213607594936709 0.0375 0.03955696202531646
0 0.611875 0.34335443037974683 0.03875 0.04272151898734177
0 0.45125 0.39556962025316456 0.0375 0.03639240506329114
0 0.72375 0.36313291139240506 0.0375 0.03955696202531646