0 0.2633333333333333 0.39453125 0.04133333333333333 0.046875
0 0.814 0.70234375 0.044 0.046875
0 0.164 0.56328125 0.04133333333333333 0.0421875
0 0.45866666666666667 0.22578125 0.03866666666666667 0.04375
0 0.7793333333333333 0.27578125 0.04133333333333333 0.0453125
0 0.6273333333333333 0.45546875 0.04133333333333333 0.0453125
0 0.5106666666666667 0.33828125 0.04 0.0421875
0 0.5246666666666666 0.51484375 0.04 0.0390625
0 0.6986666666666667 0.65625 0.04 0.0421875
0 0.18466666666666667 0.8125 0.042666666666666665 0.05
0 0.642 0.634375 0.04 0.04375
0 0.802 0.56328125 0.042666666666666665 0.04375
0 0.8053333333333333 0.596875 0.04133333333333333 0.04375
0 0.15933333333333333 0.4921875 0.044 0.0484375
0 0.5826666666666667 0.5734375 0.04133333333333333 0.04375
0 0.09 0.35625 0.044 0.046875
0 0.246 0.8703125 0.04533333333333334 0.0484375
0 0.262 0.3578125 0.042666666666666665 0.0453125
0 0.794 0.45546875 0.04133333333333333 0.0421875
0 0.42 0.2828125 0.03866666666666667 0.0484375
0 0.27 0.46640625 0.042666666666666665 0.04375
0 0.726 0.28828125 0.04 0.0421875
0 0.5086666666666667 0.30234375 0.04133333333333333 0.046875
0 0.6686666666666666 0.26640625 0.04133333333333333 0.0484375
0 0.306 0.20234375 0.04533333333333334 0.0515625
0 0.24933333333333332 0.90625 0.042666666666666665 0.0421875
0 0.25666666666666665 0.2859375 0.04133333333333333 0.0453125
0 0.5886666666666667 0.64765625 0.042666666666666665 0.0453125
0 0.23666666666666666 0.76640625 0.04133333333333333 0.046875
0 0.8106666666666666 0.66796875 0.042666666666666665 0.04375
0 0.54 0.72890625 0.04133333333333333 0.046875
0 0.432 0.4265625 0.04133333333333333 0.0484375
0 0.13733333333333334 0.934375 0.04133333333333333 0.0484375
0 0.5286666666666666 0.5859375 0.04133333333333333 0.046875
0 0.2673333333333333 0.43046875 0.042666666666666665 0.046875
0 0.7646666666666667 0.78828125 0.042666666666666665 0.0453125
0 0.8486666666666667 0.4421875 0.04133333333333333 0.0421875
0 0.19066666666666668 0.8859375 0.04533333333333334 0.046875
0 0.6913333333333334 0.55 0.04 0.0390625
0 0.42866666666666664 0.390625 0.037333333333333336 0.0375
0 0.32466666666666666 0.45546875 0.04 0.046875
0 0.7573333333333333 0.678125 0.037333333333333336 0.0421875
0 0.656 0.8140625 0.042666666666666665 0.0453125
0 0.25266666666666665 0.24453125 0.044 0.05
0 0.6526666666666666 0.77578125 0.042666666666666665 0.046875
0 0.44133333333333336 0.53359375 0.036 0.0390625
0 0.7746666666666666 0.203125 0.04 0.046875
0 0.18733333333333332 0.85 0.04533333333333334 0.046875
0 0.8 0.5296875 0.04133333333333333 0.04375
0 0.208 0.4046875 0.03866666666666667 0.040625
0 0.7533333333333333 0.64375 0.03866666666666667 0.0421875
0 0.3273333333333333 0.49140625 0.037333333333333336 0.040625
0 0.8173333333333334 0.775 0.04533333333333334 0.0453125
0 0.46266666666666667 0.26015625 0.037333333333333336 0.040625
0 0.6 0.7859375 0.042666666666666665 0.0453125
0 0.20533333333333334 0.36875 0.042666666666666665 0.046875
0 0.4726666666666667 0.3796875 0.030666666666666665 0.03125
0 0.2833333333333333 0.49609375 0.030666666666666665 0.0359375
0 0.4553333333333333 0.7109375 0.04 0.0390625
0 0.854 0.5125 0.044 0.0515625
0 0.30666666666666664 0.2359375 0.04533333333333334 0.0328125
0 0.4693333333333333 0.3375 0.034666666666666665 0.028125
0 0.4713333333333333 0.35703125 0.028 0.025
0 0.468 0.31796875 0.03333333333333333 0.0296875
0 0.532 0.62265625 0.04133333333333333 0.04375
0 0.8286666666666667 0.19296875 0.042666666666666665 0.046875
0 0.7893333333333333 0.38359375 0.037333333333333336 0.0453125
0 0.24266666666666667 0.83671875 0.044 0.04375
0 0.6186666666666667 0.31328125 0.04133333333333333 0.04375
0 0.12 0.715625 0.042666666666666665 0.0453125
0 0.45266666666666666 0.67734375 0.04 0.0453125
0 0.5686666666666667 0.39765625 0.04133333333333333 0.0484375
0 0.21866666666666668 0.5484375 0.04 0.0421875
0 0.17466666666666666 0.70703125 0.042666666666666665 0.04375
0 0.6206666666666667 0.3484375 0.04133333333333333 0.046875
0 0.5213333333333333 0.47890625 0.042666666666666665 0.0484375
0 0.21133333333333335 0.440625 0.042666666666666665 0.046875
0 0.526 0.55078125 0.042666666666666665 0.046875
0 0.6313333333333333 0.49140625 0.04 0.04375
0 0.22266666666666668 0.584375 0.042666666666666665 0.046875
0 0.5666666666666667 0.36171875 0.04 0.0421875
0 0.6853333333333333 0.47890625 0.04133333333333333 0.04375
0 0.732 0.3609375 0.04133333333333333 0.04375
0 0.558 0.2515625 0.042666666666666665 0.0484375
0 0.626 0.4203125 0.04133333333333333 0.0453125
0 0.6746666666666666 0.33828125 0.04133333333333333 0.04375
0 0.36866666666666664 0.29453125 0.04533333333333334 0.0515625
0 0.2786666666666667 0.5734375 0.04666666666666667 0.0453125
0 0.7346666666666667 0.396875 0.03866666666666667 0.04375
0 0.6806666666666666 0.409375 0.04133333333333333 0.0453125
0 0.31066666666666665 0.271875 0.044 0.05
0 0.738 0.4328125 0.04133333333333333 0.04375
0 0.7473333333333333 0.57421875 0.042666666666666665 0.0453125
0 0.5046666666666667 0.2640625 0.04133333333333333 0.0484375
0 0.7433333333333333 0.50234375 0.042666666666666665 0.0453125
0 0.688 0.515625 0.04 0.04375
0 0.74 0.46875 0.042666666666666665 0.046875
0 0.2 0.2984375 0.044 0.0453125
0 0.3293333333333333 0.525 0.04 0.040625
0 0.8086666666666666 0.63203125 0.04133333333333333 0.046875
0 0.19533333333333333 0.2234375 0.04533333333333334 0.046875
0 0.8466666666666667 0.4078125 0.042666666666666665 0.0453125
0 0.8646666666666667 0.6546875 0.03866666666666667 0.0375
0 0.438 0.5015625 0.04 0.04375
0 0.15066666666666667 0.38359375 0.044 0.046875
0 0.596 0.7515625 0.044 0.046875
0 0.45666666666666667 0.18984375 0.03333333333333333 0.034375
0 0.29133333333333333 0.753125 0.04133333333333333 0.0421875
0 0.8386666666666667 0.30078125 0.04133333333333333 0.040625
0 0.6446666666666667 0.66953125 0.04133333333333333 0.0453125
0 0.8673333333333333 0.68984375 0.042666666666666665 0.0484375
0 0.17933333333333334 0.775 0.03866666666666667 0.0421875
0 0.8713333333333333 0.7265625 0.044 0.046875
0 0.134 0.89609375 0.04133333333333333 0.04375
0 0.548 0.83359375 0.042666666666666665 0.0453125
0 0.602 0.82265625 0.042666666666666665 0.0421875
0 0.5933333333333334 0.71796875 0.04133333333333333 0.040625
0 0.86 0.58515625 0.04 0.04375
0 0.7086666666666667 0.76015625 0.04 0.0421875
0 0.2886666666666667 0.71796875 0.044 0.05
0 0.454 0.1625 0.030666666666666665 0.034375
0 0.13066666666666665 0.859375 0.04133333333333333 0.046875
0 0.128 0.82578125 0.04133333333333333 0.040625
0 0.172 0.6703125 0.04133333333333333 0.046875
0 0.6153333333333333 0.27734375 0.042666666666666665 0.0484375
0 0.3006666666666667 0.85546875 0.04533333333333334 0.0421875
0 0.8166666666666667 0.73828125 0.042666666666666665 0.04375
0 0.6366666666666667 0.56171875 0.04 0.04375
0 0.8613333333333333 0.621875 0.044 0.0484375
0 0.5453333333333333 0.79921875 0.042666666666666665 0.04375
0 0.286 0.6796875 0.04533333333333334 0.046875
0 0.298 0.821875 0.042666666666666665 0.0453125
0 0.832 0.2296875 0.042666666666666665 0.046875
0 0.7866666666666666 0.3484375 0.036 0.0390625
0 0.5433333333333333 0.76484375 0.042666666666666665 0.0421875
0 0.702 0.68984375 0.036 0.0390625
0 0.10066666666666667 0.50234375 0.044 0.0453125
0 0.198 0.26171875 0.04133333333333333 0.0453125
0 0.7773333333333333 0.240625 0.04 0.0390625
0 0.6473333333333333 0.7046875 0.04133333333333333 0.0453125
0 0.096 0.4296875 0.044 0.046875
0 0.2833333333333333 0.64453125 0.042666666666666665 0.046875
0 0.09933333333333333 0.46640625 0.044 0.04375
0 0.468 0.85546875 0.04133333333333333 0.0484375
0 0.19466666666666665 0.925 0.04133333333333333 0.046875
0 0.4573333333333333 0.7453125 0.04 0.04375
0 0.30333333333333334 0.8921875 0.04533333333333334 0.0484375
0 0.11666666666666667 0.68125 0.04133333333333333 0.04375
0 0.8406666666666667 0.3328125 0.042666666666666665 0.0453125
0 0.228 0.65625 0.03866666666666667 0.040625
0 0.464 0.81953125 0.042666666666666665 0.04375
0 0.5913333333333334 0.684375 0.04 0.0453125
0 0.12466666666666666 0.790625 0.042666666666666665 0.0484375
0 0.8733333333333333 0.7640625 0.04666666666666667 0.046875
0 0.7106666666666667 0.7953125 0.044 0.04375
0 0.44666666666666666 0.60625 0.042666666666666665 0.0453125
0 0.09333333333333334 0.3921875 0.044 0.046875
0 0.10933333333333334 0.60859375 0.04133333333333333 0.0421875
0 0.4246666666666667 0.32109375 0.03866666666666667 0.0421875
0 0.8513333333333334 0.47578125 0.04133333333333333 0.040625
0 0.29333333333333333 0.7859375 0.04533333333333334 0.04375
0 0.8566666666666667 0.55 0.042666666666666665 0.0421875
0 0.7046666666666667 0.725 0.04133333333333333 0.046875
0 0.7613333333333333 0.75390625 0.04133333333333333 0.0421875
0 0.652 0.73828125 0.04133333333333333 0.04375
0 0.5366666666666666 0.69296875 0.04133333333333333 0.0453125
0 0.204 0.3328125 0.042666666666666665 0.04375
0 0.33266666666666667 0.559375 0.04133333333333333 0.04375
0 0.104 0.53828125 0.04533333333333334 0.0453125
0 0.8346666666666667 0.265625 0.044 0.0453125
0 0.43466666666666665 0.46484375 0.04133333333333333 0.046875
0 0.634 0.5265625 0.04 0.04375
0 0.4593333333333333 0.78359375 0.04 0.0453125
0 0.672 0.303125 0.03866666666666667 0.04375
0 0.7453333333333333 0.5390625 0.03866666666666667 0.0421875
0 0.17733333333333334 0.74140625 0.04 0.040625
0 0.258 0.32109375 0.044 0.0453125
0 0.2793333333333333 0.60859375 0.044 0.046875
0 0.276 0.53359375 0.042666666666666665 0.05
0 0.15333333333333332 0.41953125 0.04133333333333333 0.04375
0 0.7913333333333333 0.41953125 0.04133333333333333 0.0453125
0 0.6233333333333333 0.38515625 0.04 0.04375
0 0.7193333333333334 0.21484375 0.042666666666666665 0.046875
0 0.5746666666666667 0.46640625 0.03866666666666667 0.040625
0 0.572 0.43359375 0.03866666666666667 0.0390625
0 0.156 0.45546875 0.04133333333333333 0.0453125
0 0.5166666666666667 0.409375 0.04133333333333333 0.0453125
0 0.21333333333333335 0.47890625 0.04 0.04375
0 0.5353333333333333 0.6578125 0.042666666666666665 0.046875
0 0.6666666666666666 0.228125 0.037333333333333336 0.046875
0 0.10733333333333334 0.575 0.04533333333333334 0.0453125
0 0.23333333333333334 0.728125 0.042666666666666665 0.046875
0 0.5773333333333334 0.5015625 0.04133333333333333 0.046875
0 0.112 0.64453125 0.04133333333333333 0.04375
0 0.21533333333333332 0.51328125 0.04 0.04375
0 0.44266666666666665 0.56875 0.04133333333333333 0.0453125
0 0.4493333333333333 0.640625 0.04133333333333333 0.0453125
0 0.7833333333333333 0.31328125 0.04 0.04375
0 0.122 0.75390625 0.044 0.046875
0 0.612 0.23671875 0.04133333333333333 0.05
0 0.31533333333333335 0.34296875 0.04133333333333333 0.046875
0 0.24 0.80078125 0.04133333333333333 0.046875
0 0.33866666666666667 0.63125 0.04133333333333333 0.046875
0 0.7513333333333333 0.61015625 0.04 0.040625
0 0.578 0.5390625 0.04 0.04375
0 0.5853333333333334 0.6109375 0.042666666666666665 0.05
0 0.7966666666666666 0.490625 0.044 0.05
0 0.148 0.34453125 0.042666666666666665 0.05
0 0.32 0.3796875 0.042666666666666665 0.046875
0 0.6833333333333333 0.44453125 0.04 0.0421875
0 0.5613333333333334 0.28984375 0.04133333333333333 0.0453125
0 0.16133333333333333 0.52890625 0.04133333333333333 0.04375
0 0.23 0.690625 0.04133333333333333 0.04375
0 0.5186666666666667 0.44375 0.042666666666666665 0.0421875
0 0.724 0.25234375 0.042666666666666665 0.0484375
0 0.31333333333333335 0.30859375 0.03866666666666667 0.0390625
0 0.32133333333333336 0.41796875 0.044 0.046875
0 0.7586666666666667 0.71640625 0.042666666666666665 0.0484375
0 0.22466666666666665 0.621875 0.04 0.0421875
0 0.4266666666666667 0.35625 0.04 0.0453125
0 0.16733333333333333 0.59765625 0.042666666666666665 0.04375
0 0.5633333333333334 0.3265625 0.04 0.0421875
0 0.514 0.375 0.042666666666666665 0.0453125
0 0.3353333333333333 0.5953125 0.044 0.046875
0 0.678 0.37265625 0.03866666666666667 0.0421875
0 0.696 0.6203125 0.03866666666666667 0.04375
0 0.728 0.325 0.04133333333333333 0.0453125
0 0.8433333333333334 0.37109375 0.042666666666666665 0.046875
0 0.64 0.596875 0.042666666666666665 0.0453125
0 0.6946666666666667 0.58359375 0.04133333333333333 0.04375
0 0.16933333333333334 0.6328125 0.04133333333333333 0.046875