0 0.4066666666666667 0.7068429237947123 0.037333333333333336 0.038880248833592534
0 0.33866666666666667 0.7068429237947123 0.02666666666666667 0.03576982892690513
0 0.11533333333333333 0.4510108864696734 0.028 0.03421461897356143
0 0.4086666666666667 0.34447900466562986 0.036 0.038880248833592534
0 0.128 0.5972006220839814 0.04 0.03421461897356143
0 0.406 0.8864696734059098 0.03866666666666667 0.03732503888024884
0 0.7053333333333334 0.7052877138413686 0.037333333333333336 0.03576982892690513
0 0.7073333333333334 0.6337480559875583 0.03866666666666667 0.038880248833592534
0 0.14333333333333334 0.37636080870917576 0.028 0.03421461897356143
0 0.18466666666666667 0.7052877138413686 0.036 0.03265940902021773
0 0.116 0.3771384136858476 0.02666666666666667 0.03576982892690513
0 0.11533333333333333 0.3048211508553655 0.030666666666666665 0.03732503888024884
0 0.24 0.5233281493001555 0.034666666666666665 0.03265940902021773
0 0.87 0.4510108864696734 0.03866666666666667 0.03732503888024884
0 0.8686666666666667 0.562208398133748 0.03866666666666667 0.03576982892690513
0 0.4066666666666667 0.4152410575427683 0.034666666666666665 0.03421461897356143
0 0.46 0.5606531881804043 0.034666666666666665 0.03265940902021773
0 0.29533333333333334 0.6679626749611197 0.036 0.03265940902021773
0 0.7606666666666667 0.3452566096423017 0.036 0.03421461897356143
0 0.3526666666666667 0.5629860031104199 0.036 0.03421461897356143
0 0.7053333333333334 0.5583203732503889 0.034666666666666665 0.03732503888024884
0 0.814 0.3849144634525661 0.04133333333333333 0.03576982892690513
0 0.35333333333333333 0.3452566096423017 0.034666666666666665 0.03732503888024884
0 0.814 0.3475894245723173 0.03866666666666667 0.038880248833592534
0 0.46066666666666667 0.37947122861586313 0.03333333333333333 0.03732503888024884
0 0.128 0.5598755832037325 0.04 0.03732503888024884
0 0.5446666666666666 0.343701399688958 0.036 0.03110419906687403
0 0.29533333333333334 0.7045101088646968 0.036 0.03732503888024884
0 0.7053333333333334 0.4175738724727838 0.034666666666666665 0.038880248833592534
0 0.352 0.416796267496112 0.034666666666666665 0.03421461897356143
0 0.76 0.48755832037325036 0.034666666666666665 0.03265940902021773
0 0.814 0.5256609642301711 0.03866666666666667 0.03732503888024884
0 0.8686666666666667 0.48833592534992226 0.03866666666666667 0.03421461897356143
0 0.7586666666666667 0.5964230171073095 0.037333333333333336 0.03576982892690513
0 0.462 0.6329704510108864 0.03866666666666667 0.03421461897356143
0 0.598 0.307153965785381 0.03333333333333333 0.03265940902021773
0 0.4073333333333333 0.5248833592534993 0.036 0.03576982892690513
0 0.706 0.6710730948678072 0.036 0.03265940902021773
0 0.706 0.5241057542768274 0.03333333333333333 0.03110419906687403
0 0.6513333333333333 0.30637636080870917 0.036 0.04043545878693624
0 0.596 0.7052877138413686 0.037333333333333336 0.03576982892690513
0 0.24 0.7068429237947123 0.04 0.038880248833592534
0 0.184 0.562208398133748 0.04 0.03576982892690513
0 0.5446666666666666 0.3771384136858476 0.03333333333333333 0.03265940902021773
0 0.5406666666666666 0.7045101088646968 0.036 0.03421461897356143
0 0.14333333333333334 0.45023328149300157 0.028 0.03576982892690513
0 0.8153333333333334 0.4525660964230171 0.036 0.03421461897356143
0 0.5966666666666667 0.6329704510108864 0.030666666666666665 0.03421461897356143
0 0.544 0.5217729393468118 0.034666666666666665 0.03265940902021773
0 0.7593333333333333 0.45178849144634525 0.036 0.03576982892690513
0 0.6513333333333333 0.5248833592534993 0.03333333333333333 0.03265940902021773
0 0.296 0.5606531881804043 0.037333333333333336 0.03265940902021773
0 0.87 0.30870917573872475 0.03866666666666667 0.038880248833592534
0 0.544 0.4860031104199067 0.032 0.03265940902021773
0 0.7046666666666667 0.5956454121306376 0.036 0.03421461897356143
0 0.3506666666666667 0.4906687402799378 0.037333333333333336 0.038880248833592534
0 0.184 0.6337480559875583 0.04 0.038880248833592534
0 0.184 0.48833592534992226 0.034666666666666665 0.03732503888024884
0 0.544 0.41368584758942456 0.037333333333333336 0.03732503888024884
0 0.24 0.4144634525660964 0.04 0.038880248833592534
0 0.298 0.30326594090202175 0.03866666666666667 0.04043545878693624
0 0.36466666666666664 0.7410575427682737 0.025333333333333333 0.029548989113530325
0 0.4593333333333333 0.3055987558320373 0.036 0.038880248833592534
0 0.172 0.8880248833592534 0.029333333333333333 0.03421461897356143
0 0.18333333333333332 0.8149300155520995 0.03866666666666667 0.03732503888024884
0 0.4073333333333333 0.7418351477449455 0.03333333333333333 0.03110419906687403
0 0.8673333333333333 0.885692068429238 0.03866666666666667 0.03265940902021773
0 0.5053333333333333 0.7776049766718507 0.024 0.027993779160186624
0 0.868 0.8491446345256609 0.037333333333333336 0.03421461897356143
0 0.2966666666666667 0.8491446345256609 0.036 0.03421461897356143
0 0.11533333333333333 0.3405909797822706 0.028 0.03110419906687403
0 0.296 0.8164852255054432 0.037333333333333336 0.03421461897356143
0 0.364 0.7776049766718507 0.02666666666666667 0.03421461897356143
0 0.3373333333333333 0.7783825816485226 0.02666666666666667 0.03265940902021773
0 0.502 0.19362363919129083 0.03333333333333333 0.026438569206842923
0 0.35133333333333333 0.5272161741835147 0.036 0.03732503888024884
0 0.184 0.8522550544323484 0.04 0.03732503888024884
0 0.706 0.8468118195956454 0.036 0.03576982892690513
0 0.2946666666666667 0.8841368584758943 0.04 0.03576982892690513
0 0.128 0.7021772939346812 0.034666666666666665 0.03265940902021773
0 0.5 0.432348367029549 0.029333333333333333 0.03421461897356143
0 0.14066666666666666 0.48755832037325036 0.028 0.029548989113530325
0 0.12733333333333333 0.7783825816485226 0.03866666666666667 0.038880248833592534
0 0.868 0.8133748055987559 0.04 0.03732503888024884
0 0.8673333333333333 0.5256609642301711 0.03333333333333333 0.03732503888024884
0 0.4066666666666667 0.8499222395023328 0.037333333333333336 0.03576982892690513
0 0.706 0.7418351477449455 0.036 0.03732503888024884
0 0.4593333333333333 0.7783825816485226 0.036 0.03265940902021773
0 0.184 0.5972006220839814 0.037333333333333336 0.03421461897356143
0 0.8693333333333333 0.7045101088646968 0.04 0.03732503888024884
0 0.14266666666666666 0.30404354587869364 0.02666666666666667 0.03265940902021773
0 0.5426666666666666 0.5972006220839814 0.034666666666666665 0.03421461897356143
0 0.4073333333333333 0.6687402799377916 0.03866666666666667 0.03732503888024884
0 0.18533333333333332 0.4152410575427683 0.037333333333333336 0.03732503888024884
0 0.298 0.2667185069984448 0.036 0.02332814930015552
0 0.19733333333333333 0.8888024883359253 0.02666666666666667 0.029548989113530325
0 0.546 0.2690513219284603 0.03333333333333333 0.02177293934681182
0 0.186 0.26594090202177295 0.036 0.024883359253499222
0 0.87 0.34447900466562986 0.03866666666666667 0.02332814930015552
0 0.76 0.27060653188180406 0.037333333333333336 0.024883359253499222
0 0.128 0.7379471228615864 0.037333333333333336 0.038880248833592534
0 0.406 0.8141524105754276 0.036 0.03265940902021773
0 0.502 0.2223950233281493 0.03333333333333333 0.03110419906687403
0 0.758 0.8491446345256609 0.03866666666666667 0.03732503888024884
0 0.184 0.526438569206843 0.04 0.03576982892690513
0 0.5013333333333333 0.39813374805598756 0.029333333333333333 0.027993779160186624
0 0.8686666666666667 0.7768273716951789 0.03866666666666667 0.03265940902021773
0 0.4593333333333333 0.8118195956454122 0.036 0.03110419906687403
0 0.6506666666666666 0.8849144634525661 0.034666666666666665 0.03110419906687403
0 0.2966666666666667 0.7418351477449455 0.036 0.03110419906687403
0 0.5026666666666667 0.36391912908242613 0.032 0.03732503888024884
0 0.5426666666666666 0.6306376360808709 0.034666666666666665 0.03265940902021773
0 0.184 0.7776049766718507 0.037333333333333336 0.03421461897356143
0 0.8693333333333333 0.416796267496112 0.034666666666666665 0.03110419906687403
0 0.5413333333333333 0.8491446345256609 0.034666666666666665 0.03110419906687403
0 0.3373333333333333 0.7426127527216174 0.02666666666666667 0.03265940902021773
0 0.7586666666666667 0.6321928460342147 0.034666666666666665 0.03576982892690513
0 0.7033333333333334 0.812597200622084 0.036 0.03265940902021773
0 0.35133333333333333 0.6337480559875583 0.03866666666666667 0.038880248833592534
0 0.5413333333333333 0.8833592534992224 0.037333333333333336 0.03110419906687403
0 0.706 0.8841368584758943 0.03866666666666667 0.03576982892690513
0 0.296 0.6345256609642301 0.037333333333333336 0.03421461897356143
0 0.4593333333333333 0.8468118195956454 0.036 0.038880248833592534
0 0.7593333333333333 0.7410575427682737 0.036 0.03576982892690513
0 0.14266666666666666 0.4129082426127527 0.02666666666666667 0.029548989113530325
0 0.12866666666666668 0.6329704510108864 0.03866666666666667 0.03421461897356143
0 0.18466666666666667 0.7410575427682737 0.03866666666666667 0.038880248833592534
0 0.7593333333333333 0.7045101088646968 0.036 0.03421461897356143
0 0.8146666666666667 0.4191290824261275 0.037333333333333336 0.029548989113530325
0 0.2946666666666667 0.7768273716951789 0.037333333333333336 0.038880248833592534
0 0.5966666666666667 0.7426127527216174 0.03333333333333333 0.038880248833592534
0 0.24 0.6337480559875583 0.037333333333333336 0.03576982892690513
0 0.352 0.6702954898911353 0.037333333333333336 0.03110419906687403
0 0.116 0.4144634525660964 0.02666666666666667 0.029548989113530325
0 0.36533333333333334 0.7060653188180405 0.02666666666666667 0.03421461897356143
0 0.4073333333333333 0.6345256609642301 0.036 0.03421461897356143
0 0.8686666666666667 0.6679626749611197 0.03866666666666667 0.03576982892690513
0 0.5426666666666666 0.7402799377916018 0.037333333333333336 0.03732503888024884
0 0.46066666666666667 0.6671850699844479 0.03866666666666667 0.03421461897356143
0 0.7046666666666667 0.7783825816485226 0.036 0.03265940902021773
0 0.6513333333333333 0.7783825816485226 0.036 0.03576982892690513
0 0.6506666666666666 0.8506998444790047 0.034666666666666665 0.03732503888024884
0 0.8686666666666667 0.6321928460342147 0.036 0.03265940902021773
0 0.296 0.5241057542768274 0.032 0.03110419906687403
0 0.128 0.5217729393468118 0.037333333333333336 0.03576982892690513
0 0.7586666666666667 0.8133748055987559 0.037333333333333336 0.03421461897356143
0 0.7593333333333333 0.7783825816485226 0.036 0.03576982892690513
0 0.46 0.8864696734059098 0.034666666666666665 0.03421461897356143
0 0.6506666666666666 0.812597200622084 0.037333333333333336 0.03576982892690513
0 0.8673333333333333 0.5979782270606532 0.036 0.03576982892690513
0 0.814 0.30793157076205285 0.036 0.04043545878693624
0 0.5406666666666666 0.812597200622084 0.036 0.038880248833592534
0 0.502 0.291601866251944 0.030666666666666665 0.03265940902021773
0 0.4593333333333333 0.7426127527216174 0.03866666666666667 0.038880248833592534
0 0.4066666666666667 0.7768273716951789 0.037333333333333336 0.03576982892690513
0 0.128 0.6679626749611197 0.037333333333333336 0.03576982892690513
0 0.184 0.6702954898911353 0.037333333333333336 0.03421461897356143
0 0.7586666666666667 0.885692068429238 0.037333333333333336 0.03265940902021773
0 0.7593333333333333 0.6687402799377916 0.036 0.03732503888024884
0 0.458 0.45334370139968894 0.030666666666666665 0.03576982892690513
0 0.14266666666666666 0.3405909797822706 0.02666666666666667 0.03110419906687403
0 0.6513333333333333 0.5598755832037325 0.03333333333333333 0.03110419906687403
0 0.5426666666666666 0.776049766718507 0.034666666666666665 0.03421461897356143
0 0.652 0.7387247278382582 0.037333333333333336 0.04043545878693624
0 0.8686666666666667 0.7402799377916018 0.04133333333333333 0.03732503888024884
0 0.24 0.33981337480559876 0.037333333333333336 0.03576982892690513
0 0.3506666666666667 0.307153965785381 0.034666666666666665 0.038880248833592534
0 0.706 0.4891135303265941 0.036 0.03265940902021773
0 0.8693333333333333 0.3810264385692068 0.04 0.03732503888024884
0 0.24133333333333334 0.4525660964230171 0.037333333333333336 0.03421461897356143
0 0.45866666666666667 0.7037325038880249 0.037333333333333336 0.03576982892690513
0 0.24 0.6695178849144634 0.037333333333333336 0.03576982892690513
0 0.18466666666666667 0.45178849144634525 0.036 0.03576982892690513
0 0.5973333333333334 0.37947122861586313 0.034666666666666665 0.03421461897356143
0 0.6513333333333333 0.343701399688958 0.03866666666666667 0.03421461897356143
0 0.24 0.5979782270606532 0.034666666666666665 0.03265940902021773
0 0.4066666666666667 0.48989113530326595 0.034666666666666665 0.03421461897356143
0 0.352 0.5979782270606532 0.037333333333333336 0.03265940902021773
0 0.7606666666666667 0.307153965785381 0.036 0.038880248833592534
0 0.352 0.4525660964230171 0.037333333333333336 0.03421461897356143
0 0.652 0.4525660964230171 0.034666666666666665 0.03421461897356143
0 0.46 0.5256609642301711 0.034666666666666665 0.03421461897356143
0 0.706 0.30793157076205285 0.03333333333333333 0.04043545878693624
0 0.296 0.4906687402799378 0.037333333333333336 0.03576982892690513
0 0.706 0.34603421461897355 0.036 0.03576982892690513
0 0.6506666666666666 0.5972006220839814 0.037333333333333336 0.04043545878693624
0 0.7593333333333333 0.3810264385692068 0.036 0.03732503888024884
0 0.45866666666666667 0.48989113530326595 0.034666666666666665 0.03421461897356143
0 0.4073333333333333 0.3818040435458787 0.036 0.03576982892690513
0 0.8133333333333334 0.48833592534992226 0.04 0.03732503888024884
0 0.4066666666666667 0.4525660964230171 0.034666666666666665 0.03732503888024884
0 0.24 0.3048211508553655 0.037333333333333336 0.03421461897356143
0 0.7586666666666667 0.416796267496112 0.037333333333333336 0.03421461897356143
0 0.6506666666666666 0.37947122861586313 0.037333333333333336 0.03421461897356143
0 0.24 0.37636080870917576 0.034666666666666665 0.03732503888024884
0 0.502 0.2581648522550544 0.03333333333333333 0.03421461897356143
0 0.46 0.343701399688958 0.037333333333333336 0.03421461897356143
0 0.544 0.45334370139968894 0.034666666666666665 0.03576982892690513
0 0.5973333333333334 0.5979782270606532 0.034666666666666665 0.03576982892690513
0 0.7053333333333334 0.4548989113530327 0.037333333333333336 0.03576982892690513
0 0.4073333333333333 0.30404354587869364 0.036 0.038880248833592534
0 0.7053333333333334 0.3818040435458787 0.034666666666666665 0.03265940902021773
0 0.45866666666666667 0.416796267496112 0.034666666666666665 0.03421461897356143
0 0.4073333333333333 0.5987558320373251 0.03333333333333333 0.03732503888024884
0 0.5426666666666666 0.6671850699844479 0.037333333333333336 0.03732503888024884
0 0.7586666666666667 0.5583203732503889 0.04 0.03732503888024884
0 0.18533333333333332 0.3405909797822706 0.037333333333333336 0.03421461897356143
0 0.598 0.3429237947122862 0.036 0.03576982892690513
0 0.24 0.48833592534992226 0.037333333333333336 0.03732503888024884
0 0.76 0.5225505443234837 0.037333333333333336 0.03421461897356143
0 0.29733333333333334 0.45023328149300157 0.037333333333333336 0.03576982892690513
0 0.596 0.4891135303265941 0.037333333333333336 0.03576982892690513
0 0.4066666666666667 0.5614307931570762 0.037333333333333336 0.03421461897356143
0 0.3526666666666667 0.3818040435458787 0.036 0.03576982892690513
0 0.2966666666666667 0.3810264385692068 0.03866666666666667 0.03421461897356143
0 0.5446666666666666 0.307153965785381 0.036 0.038880248833592534
0 0.29533333333333334 0.5979782270606532 0.036 0.03576982892690513
0 0.5973333333333334 0.41368584758942456 0.037333333333333336 0.03421461897356143
0 0.29733333333333334 0.41601866251944014 0.037333333333333336 0.03265940902021773
0 0.46 0.5956454121306376 0.037333333333333336 0.03732503888024884
0 0.596 0.45178849144634525 0.04 0.038880248833592534
0 0.544 0.5614307931570762 0.037333333333333336 0.03732503888024884
0 0.5966666666666667 0.5248833592534993 0.036 0.03265940902021773
0 0.23866666666666667 0.5598755832037325 0.037333333333333336 0.04043545878693624
0 0.6513333333333333 0.48833592534992226 0.03866666666666667 0.03732503888024884
0 0.5966666666666667 0.5614307931570762 0.036 0.03732503888024884
0 0.596 0.6687402799377916 0.037333333333333336 0.03732503888024884
0 0.18466666666666667 0.30404354587869364 0.03333333333333333 0.038880248833592534
0 0.6506666666666666 0.41601866251944014 0.037333333333333336 0.03576982892690513
0 0.29733333333333334 0.34447900466562986 0.037333333333333336 0.038880248833592534
0 0.186 0.3771384136858476 0.036 0.03576982892690513