0 0.21888888888888888 0.30211726384364823 0.04 0.057003257328990226
0 0.3705555555555556 0.6824104234527687 0.03777777777777778 0.050488599348534204
0 0.23277777777777778 0.21661237785016288 0.03777777777777778 0.050488599348534204
0 0.5105555555555555 0.8118892508143323 0.04111111111111111 0.05374592833876222
0 0.1922222222222222 0.8013029315960912 0.04666666666666667 0.06188925081433225
0 0.25222222222222224 0.7711726384364821 0.04 0.05211726384364821
0 0.8811111111111111 0.46335504885993484 0.042222222222222223 0.05211726384364821
0 0.7572222222222222 0.9291530944625407 0.04 0.05374592833876222
0 0.6994444444444444 0.6172638436482085 0.04 0.05374592833876222
0 0.29555555555555557 0.8314332247557004 0.04111111111111111 0.05374592833876222
0 0.55 0.2271986970684039 0.05 0.05537459283387622
0 0.9444444444444444 0.3941368078175896 0.04 0.05211726384364821
0 0.8894444444444445 0.75814332247557 0.042222222222222223 0.05537459283387622
0 0.2127777777777778 0.6799674267100977 0.04111111111111111 0.05537459283387622
0 0.7638888888888888 0.8892508143322475 0.04 0.05374592833876222
0 0.16333333333333333 0.3249185667752443 0.03777777777777778 0.048859934853420196
0 0.5616666666666666 0.48778501628664495 0.03666666666666667 0.048859934853420196
0 0.47333333333333333 0.3770358306188925 0.03333333333333333 0.048859934853420196
0 0.605 0.5439739413680782 0.03666666666666667 0.050488599348534204
0 0.08166666666666667 0.506514657980456 0.04 0.05211726384364821
0 0.35333333333333333 0.8013029315960912 0.043333333333333335 0.05863192182410423
0 0.3466666666666667 0.8444625407166124 0.043333333333333335 0.06026058631921824
0 0.09833333333333333 0.38925081433224756 0.04 0.05374592833876222
0 0.12611111111111112 0.22394136807817588 0.03777777777777778 0.05374592833876222
0 0.5605555555555556 0.16368078175895764 0.051111111111111114 0.057003257328990226
0 0.245 0.8151465798045603 0.04666666666666667 0.06351791530944625
0 0.5411111111111111 0.2923452768729642 0.05 0.057003257328990226
0 0.2638888888888889 0.3542345276872964 0.04 0.048859934853420196
0 0.8016666666666666 0.6473941368078175 0.042222222222222223 0.057003257328990226
0 0.18222222222222223 0.1970684039087948 0.042222222222222223 0.05211726384364821
0 0.6361111111111111 0.6815960912052117 0.04111111111111111 0.05537459283387622
0 0.5494444444444444 0.5700325732899023 0.04 0.05374592833876222
0 0.8188888888888889 0.8648208469055375 0.044444444444444446 0.057003257328990226
0 0.6172222222222222 0.8021172638436482 0.04 0.05374592833876222
0 0.2638888888888889 0.6938110749185668 0.04111111111111111 0.05537459283387622
0 0.21 0.033387622149837134 0.03888888888888889 0.05537459283387622
0 0.195 0.12133550488599348 0.03888888888888889 0.050488599348534204
0 0.23777777777777778 0.1758957654723127 0.03888888888888889 0.05537459283387622
0 0.8688888888888889 0.5399022801302932 0.04111111111111111 0.05374592833876222
0 0.8938888888888888 0.3802931596091205 0.04111111111111111 0.05374592833876222
0 0.7827777777777778 0.7695439739413681 0.044444444444444446 0.05863192182410423
0 0.16833333333333333 0.28827361563517917 0.03888888888888889 0.048859934853420196
0 0.8555555555555555 0.6205211726384365 0.04 0.05374592833876222
0 0.9511111111111111 0.3574918566775244 0.042222222222222223 0.05537459283387622
0 0.11166666666666666 0.30863192182410426 0.042222222222222223 0.05537459283387622
0 0.10611111111111111 0.3477198697068404 0.04111111111111111 0.05374592833876222
0 0.5922222222222222 0.6245928338762216 0.042222222222222223 0.05863192182410423
0 0.605 0.8835504885993485 0.044444444444444446 0.05863192182410423
0 0.7805555555555556 0.43078175895765475 0.043333333333333335 0.06188925081433225
0 0.5733333333333334 0.746742671009772 0.04111111111111111 0.05537459283387622
0 0.6 0.24592833876221498 0.04 0.05211726384364821
0 0.27 0.6530944625407166 0.04111111111111111 0.05537459283387622
0 0.895 0.7174267100977199 0.042222222222222223 0.057003257328990226
0 0.7888888888888889 0.7280130293159609 0.043333333333333335 0.05537459283387622
0 0.7116666666666667 0.5325732899022801 0.03777777777777778 0.050488599348534204
0 0.6111111111111112 0.8420195439739414 0.042222222222222223 0.057003257328990226
0 0.37666666666666665 0.6441368078175895 0.03777777777777778 0.05211726384364821
0 0.32722222222222225 0.6302931596091205 0.04111111111111111 0.05537459283387622
0 0.5166666666666667 0.7719869706840391 0.04 0.05374592833876222
0 0.9194444444444444 0.5561889250814332 0.04111111111111111 0.05211726384364821
0 0.18888888888888888 0.15960912052117263 0.03888888888888889 0.050488599348534204
0 0.5855555555555556 0.6644951140065146 0.04 0.050488599348534204
0 0.8377777777777777 0.744299674267101 0.044444444444444446 0.05863192182410423
0 0.5127777777777778 0.46986970684039087 0.044444444444444446 0.04723127035830619
0 0.09222222222222222 0.42752442996742673 0.03777777777777778 0.03745928338762215
0 0.49 0.6986970684039088 0.024444444444444446 0.03257328990228013
0 0.415 0.4014657980456026 0.04111111111111111 0.05374592833876222
0 0.6305555555555555 0.38192182410423453 0.04 0.05537459283387622
0 0.365 0.38843648208469056 0.04111111111111111 0.05374592833876222
0 0.4022222222222222 0.4828990228013029 0.03888888888888889 0.05211726384364821
0 0.40944444444444444 0.44218241042345274 0.04 0.05374592833876222
0 0.5933333333333334 0.28827361563517917 0.042222222222222223 0.057003257328990226
0 0.8594444444444445 0.2687296416938111 0.03666666666666667 0.04071661237785016
0 0.7155555555555555 0.1775244299674267 0.03888888888888889 0.04234527687296417
0 0.9077777777777778 0.28338762214983715 0.03666666666666667 0.035830618892508145
0 0.4872222222222222 0.7166123778501629 0.023333333333333334 0.026058631921824105
0 0.5555555555555556 0.5293159609120521 0.04 0.05374592833876222
0 0.34 0.5488599348534202 0.04111111111111111 0.05537459283387622
0 0.42833333333333334 0.31921824104234525 0.04 0.05374592833876222
0 0.6105555555555555 0.504071661237785 0.04111111111111111 0.05537459283387622
0 0.7116666666666667 0.2011400651465798 0.028888888888888888 0.029315960912052116
0 0.8561111111111112 0.2923452768729642 0.028888888888888888 0.02768729641693811
0 0.9083333333333333 0.30456026058631924 0.03 0.029315960912052116
0 0.48388888888888887 0.7304560260586319 0.021111111111111112 0.021172638436482084
0 0.6005555555555555 0.9250814332247557 0.04111111111111111 0.043973941368078175
0 0.8322222222222222 0.44543973941368076 0.042222222222222223 0.057003257328990226
0 0.5866666666666667 0.3281758957654723 0.04111111111111111 0.05374592833876222
0 0.24444444444444444 0.4780130293159609 0.043333333333333335 0.057003257328990226
0 0.34055555555555556 0.20684039087947884 0.04111111111111111 0.057003257328990226
0 0.5805555555555556 0.3697068403908795 0.042222222222222223 0.05863192182410423
0 0.8205555555555556 0.5252442996742671 0.042222222222222223 0.057003257328990226
0 0.5677777777777778 0.44869706840390877 0.03888888888888889 0.05374592833876222
0 0.655 0.5586319218241043 0.042222222222222223 0.06026058631921824
0 0.7477777777777778 0.2923452768729642 0.042222222222222223 0.057003257328990226
0 0.37666666666666665 0.30537459283387625 0.04111111111111111 0.05211726384364821
0 0.6433333333333333 0.30130293159609123 0.04111111111111111 0.06026058631921824
0 0.8505555555555555 0.32328990228013027 0.044444444444444446 0.05863192182410423
0 0.37166666666666665 0.34609120521172637 0.042222222222222223 0.05863192182410423
0 0.68 0.3982084690553746 0.042222222222222223 0.05537459283387622
0 0.5811111111111111 0.7052117263843648 0.042222222222222223 0.06026058631921824
0 0.5183333333333333 0.4258957654723127 0.04888888888888889 0.06351791530944625
0 0.35333333333333333 0.46498371335504884 0.04 0.05374592833876222
0 0.7872222222222223 0.3916938110749186 0.043333333333333335 0.05863192182410423
0 0.46555555555555556 0.4177524429967427 0.04111111111111111 0.057003257328990226
0 0.725 0.4519543973941368 0.04111111111111111 0.05374592833876222
0 0.6744444444444444 0.43973941368078173 0.04111111111111111 0.05537459283387622
0 0.3138888888888889 0.3705211726384365 0.042222222222222223 0.05537459283387622
0 0.23722222222222222 0.5187296416938111 0.04 0.05374592833876222
0 0.3022222222222222 0.4503257328990228 0.04111111111111111 0.05374592833876222
0 0.6877777777777778 0.3583061889250814 0.04111111111111111 0.05537459283387622
0 0.7188888888888889 0.494299674267101 0.04111111111111111 0.05374592833876222
0 0.4216666666666667 0.36074918566775244 0.04 0.05374592833876222
0 0.39 0.5610749185667753 0.04111111111111111 0.05537459283387622
0 0.5427777777777778 0.6115635179153095 0.04 0.05374592833876222
0 0.6566666666666666 0.21661237785016288 0.04111111111111111 0.057003257328990226
0 0.30722222222222223 0.40960912052117265 0.04111111111111111 0.05537459283387622
0 0.8383333333333334 0.40472312703583063 0.04 0.05374592833876222
0 0.27666666666666667 0.2736156351791531 0.042222222222222223 0.057003257328990226
0 0.27055555555555555 0.31433224755700323 0.04 0.05374592833876222
0 0.8444444444444444 0.36482084690553745 0.044444444444444446 0.05537459283387622
0 0.17555555555555555 0.23941368078175895 0.044444444444444446 0.06514657980456026
0 0.3827777777777778 0.26547231270358307 0.03888888888888889 0.050488599348534204
0 0.7422222222222222 0.3338762214983713 0.04111111111111111 0.05374592833876222
0 0.7544444444444445 0.250814332247557 0.043333333333333335 0.05863192182410423
0 0.35944444444444446 0.4258957654723127 0.04111111111111111 0.050488599348534204
0 0.07222222222222222 0.5521172638436482 0.04555555555555556 0.06026058631921824
0 0.3327777777777778 0.5887622149837134 0.04 0.05374592833876222
0 0.6422222222222222 0.6400651465798045 0.03888888888888889 0.05211726384364821
0 0.3277777777777778 0.28827361563517917 0.04111111111111111 0.05537459283387622
0 0.22555555555555556 0.25895765472312704 0.04 0.05537459283387622
0 0.8077777777777778 0.6058631921824105 0.042222222222222223 0.05537459283387622
0 0.6938888888888889 0.31514657980456023 0.04111111111111111 0.05537459283387622
0 0.2827777777777778 0.5732899022801303 0.04111111111111111 0.05537459283387622
0 0.28944444444444445 0.5309446254071661 0.042222222222222223 0.06026058631921824
0 0.7061111111111111 0.23208469055374592 0.042222222222222223 0.05863192182410423
0 0.8261111111111111 0.48697068403908794 0.04111111111111111 0.05374592833876222
0 0.48 0.3346905537459283 0.03888888888888889 0.05374592833876222
0 0.705 0.5741042345276873 0.04111111111111111 0.057003257328990226
0 0.5988888888888889 0.5822475570032574 0.03888888888888889 0.05374592833876222
0 0.8 0.30863192182410426 0.042222222222222223 0.06026058631921824
0 0.7944444444444444 0.6881107491856677 0.043333333333333335 0.057003257328990226
0 0.9383333333333334 0.4372964169381108 0.04111111111111111 0.05374592833876222
0 0.7366666666666667 0.3762214983713355 0.04111111111111111 0.05537459283387622
0 0.6372222222222222 0.34283387622149836 0.03888888888888889 0.048859934853420196
0 0.9588888888888889 0.31026058631921827 0.044444444444444446 0.06677524429967427
0 0.8133333333333334 0.5667752442996743 0.04111111111111111 0.05374592833876222
0 0.39611111111111114 0.5211726384364821 0.04 0.05211726384364821
0 0.7627777777777778 0.20276872964169382 0.04555555555555556 0.06514657980456026
0 0.6061111111111112 0.20276872964169382 0.04111111111111111 0.06188925081433225
0 0.6494444444444445 0.25895765472312704 0.03888888888888889 0.048859934853420196
0 0.5533333333333333 0.8672638436482085 0.042222222222222223 0.057003257328990226
0 0.3461111111111111 0.505700325732899 0.04 0.05374592833876222
0 0.23166666666666666 0.5594462540716613 0.042222222222222223 0.05863192182410423
0 0.22 0.6368078175895765 0.04 0.05374592833876222
0 0.4338888888888889 0.2776872964169381 0.04 0.05374592833876222
0 0.8877777777777778 0.4218241042345277 0.043333333333333335 0.06188925081433225
0 0.39 0.22312703583061888 0.042222222222222223 0.06351791530944625
0 0.5738888888888889 0.40960912052117265 0.03888888888888889 0.048859934853420196
0 0.7922222222222223 0.3493485342019544 0.03888888888888889 0.050488599348534204
0 0.6183333333333333 0.46172638436482083 0.042222222222222223 0.05863192182410423
0 0.8444444444444444 0.7035830618892508 0.043333333333333335 0.057003257328990226
0 0.5666666666666667 0.7874592833876222 0.04 0.05211726384364821
0 0.7311111111111112 0.4153094462540717 0.04 0.05211726384364821
0 0.2511111111111111 0.4364820846905538 0.042222222222222223 0.05863192182410423
0 0.6238888888888889 0.4218241042345277 0.04 0.050488599348534204
0 0.6622222222222223 0.5171009771986971 0.04 0.050488599348534204
0 0.77 0.8477198697068404 0.042222222222222223 0.057003257328990226
0 0.48777777777777775 0.2931596091205212 0.03888888888888889 0.05374592833876222
0 0.25722222222222224 0.3957654723127036 0.042222222222222223 0.05863192182410423
0 0.2761111111111111 0.6131921824104235 0.03888888888888889 0.048859934853420196
0 0.4411111111111111 0.24185667752442996 0.03777777777777778 0.048859934853420196
0 0.3338888888888889 0.249185667752443 0.03888888888888889 0.050488599348534204
0 0.8633333333333333 0.5806188925081434 0.042222222222222223 0.057003257328990226
0 0.8066666666666666 0.26547231270358307 0.042222222222222223 0.06026058631921824
0 0.2833333333333333 0.23127035830618892 0.042222222222222223 0.05374592833876222
0 0.38222222222222224 0.6026058631921825 0.043333333333333335 0.057003257328990226
0 0.56 0.8273615635179153 0.04 0.05374592833876222
0 0.3211111111111111 0.3314332247557003 0.042222222222222223 0.05863192182410423
0 0.6677777777777778 0.4788273615635179 0.04 0.05211726384364821
0 0.3022222222222222 0.7907166123778502 0.043333333333333335 0.05863192182410423
0 0.9316666666666666 0.4780130293159609 0.04111111111111111 0.05537459283387622
0 0.29555555555555557 0.49104234527687296 0.03888888888888889 0.05211726384364821
0 0.5461111111111111 0.9096091205211726 0.043333333333333335 0.05863192182410423
0 0.8305555555555556 0.7866449511400652 0.042222222222222223 0.057003257328990226
0 0.9077777777777778 0.6376221498371335 0.042222222222222223 0.057003257328990226
0 0.63 0.7239413680781759 0.042222222222222223 0.05863192182410423
0 0.4483333333333333 0.20195439739413681 0.04111111111111111 0.05537459283387622
0 0.9005555555555556 0.33631921824104233 0.04555555555555556 0.06514657980456026
0 0.85 0.6612377850162866 0.042222222222222223 0.05537459283387622
0 0.9255555555555556 0.5187296416938111 0.04111111111111111 0.050488599348534204
0 0.29 0.18973941368078176 0.04 0.05374592833876222
0 0.9144444444444444 0.5969055374592834 0.04111111111111111 0.05537459283387622
0 0.20333333333333334 0.0781758957654723 0.04111111111111111 0.057003257328990226
0 0.5666666666666667 0.13029315960912052 0.04888888888888889 0.05211726384364821
0 0.46166666666666667 0.10993485342019543 0.042222222222222223 0.06026058631921824
0 0.865 0.9201954397394136 0.043333333333333335 0.057003257328990226
0 0.8255555555555556 0.8257328990228013 0.04111111111111111 0.05374592833876222
0 0.11777777777777777 0.2671009771986971 0.03888888888888889 0.05374592833876222
0 0.20666666666666667 0.7214983713355049 0.042222222222222223 0.05374592833876222
0 0.8761111111111111 0.5 0.04111111111111111 0.050488599348534204
0 0.25833333333333336 0.7337133550488599 0.04 0.050488599348534204
0 0.22555555555555556 0.5977198697068404 0.03888888888888889 0.04723127035830619
0 0.32055555555555554 0.6693811074918566 0.04 0.05211726384364821
0 0.5294444444444445 0.6897394136807817 0.03777777777777778 0.05374592833876222
0 0.30833333333333335 0.749185667752443 0.04111111111111111 0.05211726384364821
0 0.6994444444444444 0.2736156351791531 0.03888888888888889 0.05211726384364821
0 0.6238888888888889 0.7646579804560261 0.04111111111111111 0.050488599348534204
0 0.3638888888888889 0.7239413680781759 0.043333333333333335 0.05863192182410423
0 0.5366666666666666 0.6490228013029316 0.04111111111111111 0.050488599348534204
0 0.8722222222222222 0.8786644951140065 0.043333333333333335 0.05863192182410423
0 0.8116666666666666 0.9055374592833876 0.04555555555555556 0.05863192182410423
0 0.4938888888888889 0.254071661237785 0.03666666666666667 0.043973941368078175
0 0.49944444444444447 0.8892508143322475 0.04111111111111111 0.06026058631921824
0 0.20055555555555554 0.758957654723127 0.04111111111111111 0.05374592833876222
0 0.6477777777777778 0.5985342019543974 0.04111111111111111 0.05211726384364821
0 0.8583333333333333 0.9421824104234527 0.04 0.016286644951140065
0 0.7488888888888889 0.9503257328990228 0.03888888888888889 0.013029315960912053
0 0.9011111111111111 0.6775244299674267 0.04 0.05211726384364821
0 0.8061111111111111 0.9356677524429967 0.04 0.035830618892508145
0 0.35944444444444446 0.7630293159609121 0.04111111111111111 0.048859934853420196
0 0.315 0.7109120521172638 0.042222222222222223 0.05863192182410423
0 0.8822222222222222 0.7996742671009772 0.03666666666666667 0.048859934853420196
0 0.5311111111111111 0.3550488599348534 0.04888888888888889 0.05211726384364821
0 0.4538888888888889 0.15798045602605862 0.043333333333333335 0.06026058631921824
0 0.08666666666666667 0.46335504885993484 0.034444444444444444 0.050488599348534204
0 0.5238888888888888 0.7296416938110749 0.04 0.05374592833876222
0 0.5366666666666666 0.3273615635179153 0.04777777777777778 0.050488599348534204
0 0.7761111111111111 0.8094462540716613 0.042222222222222223 0.05211726384364821
0 0.15166666666666667 0.1465798045602606 0.027777777777777776 0.043973941368078175
0 0.8783333333333333 0.8371335504885994 0.04 0.05211726384364821
0 0.165 0.06351791530944625 0.028888888888888888 0.04234527687296417
0 0.17166666666666666 0.02280130293159609 0.03111111111111111 0.04560260586319218
0 0.5444444444444444 0.26058631921824105 0.04777777777777778 0.04723127035830619
0 0.5544444444444444 0.1962540716612378 0.04777777777777778 0.04723127035830619
0 0.16777777777777778 0.36563517915309446 0.028888888888888888 0.043973941368078175
0 0.14333333333333334 0.18485342019543974 0.02666666666666667 0.04071661237785016
0 0.15777777777777777 0.10504885993485343 0.027777777777777776 0.04560260586319218
0 0.5055555555555555 0.8501628664495114 0.03888888888888889 0.03908794788273615