0 0.22111111111111112 0.774671052631579 0.034444444444444444 0.04111842105263158
0 0.4911111111111111 0.31743421052631576 0.04888888888888889 0.03618421052631579
0 0.4922222222222222 0.28125 0.044444444444444446 0.04111842105263158
0 0.4905555555555556 0.34868421052631576 0.044444444444444446 0.03618421052631579
0 0.4866666666666667 0.4629934210526316 0.044444444444444446 0.03289473684210526
0 0.8977777777777778 0.4440789473684211 0.035555555555555556 0.039473684210526314
0 0.4961111111111111 0.11595394736842106 0.042222222222222223 0.03618421052631579
0 0.9011111111111111 0.2779605263157895 0.03666666666666667 0.039473684210526314
0 0.7944444444444444 0.4506578947368421 0.03333333333333333 0.04276315789473684
0 0.49166666666666664 0.24835526315789475 0.042222222222222223 0.03125
0 0.22666666666666666 0.4868421052631579 0.03333333333333333 0.039473684210526314
0 0.49333333333333335 0.7162828947368421 0.025555555555555557 0.03125
0 0.23 0.359375 0.03666666666666667 0.02631578947368421
0 0.495 0.14802631578947367 0.042222222222222223 0.04111842105263158
0 0.4938888888888889 0.18174342105263158 0.04555555555555556 0.03289473684210526
0 0.8888888888888888 0.8601973684210527 0.03333333333333333 0.049342105263157895
0 0.22166666666666668 0.7360197368421053 0.035555555555555556 0.04276315789473684
0 0.7866666666666666 0.8240131578947368 0.035555555555555556 0.039473684210526314
0 0.21944444444444444 0.9029605263157895 0.03666666666666667 0.047697368421052634
0 0.22 0.8626644736842105 0.035555555555555556 0.039473684210526314
0 0.7888888888888889 0.7401315789473685 0.035555555555555556 0.046052631578947366
0 0.8911111111111111 0.8166118421052632 0.035555555555555556 0.03782894736842105
0 0.6844444444444444 0.8297697368421053 0.03333333333333333 0.04276315789473684
0 0.38333333333333336 0.43667763157894735 0.03666666666666667 0.05098684210526316
0 0.5927777777777777 0.29605263157894735 0.03777777777777778 0.047697368421052634
0 0.7894444444444444 0.6998355263157895 0.035555555555555556 0.04111842105263158
0 0.06777777777777778 0.5814144736842105 0.03333333333333333 0.046052631578947366
0 0.5905555555555555 0.3815789473684211 0.03333333333333333 0.03782894736842105
0 0.6327777777777778 0.8322368421052632 0.034444444444444444 0.03782894736842105
0 0.8955555555555555 0.524671052631579 0.035555555555555556 0.039473684210526314
0 0.4922222222222222 0.21463815789473684 0.043333333333333335 0.04276315789473684
0 0.7983333333333333 0.28536184210526316 0.035555555555555556 0.044407894736842105
0 0.8955555555555555 0.5649671052631579 0.034444444444444444 0.044407894736842105
0 0.8944444444444445 0.6060855263157895 0.03222222222222222 0.04111842105263158
0 0.12222222222222222 0.5756578947368421 0.035555555555555556 0.044407894736842105
0 0.22444444444444445 0.6513157894736842 0.034444444444444444 0.04111842105263158
0 0.79 0.6587171052631579 0.034444444444444444 0.044407894736842105
0 0.22166666666666668 0.819078947368421 0.03666666666666667 0.05098684210526316
0 0.635 0.7080592105263158 0.035555555555555556 0.039473684210526314
0 0.07611111111111112 0.2886513157894737 0.035555555555555556 0.039473684210526314
0 0.8977777777777778 0.4037828947368421 0.035555555555555556 0.044407894736842105
0 0.7844444444444445 0.8634868421052632 0.035555555555555556 0.04276315789473684
0 0.22555555555555556 0.5682565789473685 0.035555555555555556 0.04276315789473684
0 0.07666666666666666 0.203125 0.03777777777777778 0.049342105263157895
0 0.8927777777777778 0.6916118421052632 0.03777777777777778 0.03782894736842105
0 0.2338888888888889 0.14802631578947367 0.034444444444444444 0.05263157894736842
0 0.13111111111111112 0.1513157894736842 0.035555555555555556 0.044407894736842105
0 0.5316666666666666 0.7138157894736842 0.03111111111111111 0.04111842105263158
0 0.6883333333333334 0.6225328947368421 0.03333333333333333 0.04276315789473684
0 0.6911111111111111 0.4564144736842105 0.03333333333333333 0.046052631578947366
0 0.8922222222222222 0.7327302631578947 0.035555555555555556 0.047697368421052634
0 0.7927777777777778 0.5328947368421053 0.034444444444444444 0.04276315789473684
0 0.07555555555555556 0.25 0.04 0.044407894736842105
0 0.22444444444444445 0.6101973684210527 0.035555555555555556 0.044407894736842105
0 0.8988888888888888 0.36019736842105265 0.034444444444444444 0.04276315789473684
0 0.7916666666666666 0.5764802631578947 0.034444444444444444 0.04111842105263158
0 0.7388888888888889 0.6603618421052632 0.03666666666666667 0.04111842105263158
0 0.3877777777777778 0.30838815789473684 0.03222222222222222 0.04111842105263158
0 0.8966666666666666 0.48519736842105265 0.035555555555555556 0.04276315789473684
0 0.7877777777777778 0.7837171052631579 0.035555555555555556 0.044407894736842105
0 0.12333333333333334 0.4942434210526316 0.035555555555555556 0.04276315789473684
0 0.7355555555555555 0.8273026315789473 0.035555555555555556 0.04276315789473684
0 0.905 0.10526315789473684 0.03666666666666667 0.046052631578947366
0 0.7905555555555556 0.615953947368421 0.035555555555555556 0.044407894736842105
0 0.2238888888888889 0.694078947368421 0.035555555555555556 0.047697368421052634
0 0.7377777777777778 0.7450657894736842 0.034444444444444444 0.046052631578947366
0 0.5277777777777778 0.8848684210526315 0.03777777777777778 0.044407894736842105
0 0.6405555555555555 0.5016447368421053 0.03222222222222222 0.03453947368421053
0 0.12333333333333334 0.5353618421052632 0.03333333333333333 0.04276315789473684
0 0.07333333333333333 0.4128289473684211 0.03666666666666667 0.044407894736842105
0 0.6833333333333333 0.8717105263157895 0.035555555555555556 0.044407894736842105
0 0.8011111111111111 0.11101973684210527 0.03333333333333333 0.047697368421052634
0 0.6911111111111111 0.5370065789473685 0.03111111111111111 0.04276315789473684
0 0.685 0.7894736842105263 0.03666666666666667 0.04111842105263158
0 0.6872222222222222 0.7064144736842105 0.035555555555555556 0.04276315789473684
0 0.5422222222222223 0.29851973684210525 0.034444444444444444 0.039473684210526314
0 0.17833333333333334 0.28042763157894735 0.03111111111111111 0.046052631578947366
0 0.8905555555555555 0.7779605263157895 0.03666666666666667 0.04276315789473684
0 0.07833333333333334 0.15625 0.03888888888888889 0.047697368421052634
0 0.6416666666666667 0.41776315789473684 0.034444444444444444 0.03453947368421053
0 0.695 0.2902960526315789 0.035555555555555556 0.04276315789473684
0 0.07055555555555555 0.5411184210526315 0.034444444444444444 0.04111842105263158
0 0.6366666666666667 0.6669407894736842 0.034444444444444444 0.049342105263157895
0 0.23277777777777778 0.19161184210526316 0.03222222222222222 0.03782894736842105
0 0.3844444444444444 0.3930921052631579 0.03222222222222222 0.04276315789473684
0 0.1288888888888889 0.19572368421052633 0.03777777777777778 0.047697368421052634
0 0.6338888888888888 0.7935855263157895 0.03666666666666667 0.04276315789473684
0 0.7938888888888889 0.4925986842105263 0.034444444444444444 0.04111842105263158
0 0.8944444444444445 0.6504934210526315 0.03666666666666667 0.047697368421052634
0 0.125 0.41118421052631576 0.035555555555555556 0.044407894736842105
0 0.5466666666666666 0.12417763157894737 0.035555555555555556 0.049342105263157895
0 0.7361111111111112 0.7870065789473685 0.034444444444444444 0.04111842105263158
0 0.5433333333333333 0.21546052631578946 0.03333333333333333 0.047697368421052634
0 0.8505555555555555 0.15213815789473684 0.03666666666666667 0.047697368421052634
0 0.5316666666666666 0.6735197368421053 0.03333333333333333 0.04276315789473684
0 0.5294444444444445 0.7985197368421053 0.03666666666666667 0.039473684210526314
0 0.5277777777777778 0.8396381578947368 0.035555555555555556 0.046052631578947366
0 0.7405555555555555 0.5764802631578947 0.035555555555555556 0.044407894736842105
0 0.7977777777777778 0.32648026315789475 0.03222222222222222 0.04111842105263158
0 0.795 0.3667763157894737 0.035555555555555556 0.04276315789473684
0 0.34055555555555556 0.13733552631578946 0.034444444444444444 0.047697368421052634
0 0.85 0.23848684210526316 0.03222222222222222 0.04276315789473684
0 0.12611111111111112 0.3692434210526316 0.03333333333333333 0.04276315789473684
0 0.3861111111111111 0.3495065789473684 0.03111111111111111 0.044407894736842105
0 0.735 0.8700657894736842 0.03888888888888889 0.046052631578947366
0 0.23 0.3199013157894737 0.034444444444444444 0.044407894736842105
0 0.9016666666666666 0.2393092105263158 0.03666666666666667 0.04111842105263158
0 0.6372222222222222 0.625 0.035555555555555556 0.04111842105263158
0 0.6427777777777778 0.3347039473684211 0.035555555555555556 0.04276315789473684
0 0.7455555555555555 0.3314144736842105 0.034444444444444444 0.04111842105263158
0 0.22611111111111112 0.5263157894736842 0.034444444444444444 0.044407894736842105
0 0.2288888888888889 0.3996710526315789 0.03666666666666667 0.047697368421052634
0 0.7422222222222222 0.49588815789473684 0.035555555555555556 0.044407894736842105
0 0.7416666666666667 0.5353618421052632 0.034444444444444444 0.04111842105263158
0 0.6872222222222222 0.665296052631579 0.035555555555555556 0.04276315789473684
0 0.59 0.4194078947368421 0.03111111111111111 0.04111842105263158
0 0.7994444444444444 0.20148026315789475 0.03666666666666667 0.044407894736842105
0 0.7388888888888889 0.6192434210526315 0.03666666666666667 0.044407894736842105
0 0.07166666666666667 0.4564144736842105 0.035555555555555556 0.046052631578947366
0 0.28833333333333333 0.14226973684210525 0.03666666666666667 0.047697368421052634
0 0.39166666666666666 0.1356907894736842 0.03666666666666667 0.047697368421052634
0 0.07166666666666667 0.5 0.03666666666666667 0.044407894736842105
0 0.12444444444444444 0.453125 0.03666666666666667 0.04276315789473684
0 0.5433333333333333 0.26069078947368424 0.034444444444444444 0.04276315789473684
0 0.3372222222222222 0.2689144736842105 0.03333333333333333 0.04111842105263158
0 0.8505555555555555 0.19572368421052633 0.03666666666666667 0.04276315789473684
0 0.8522222222222222 0.1069078947368421 0.035555555555555556 0.046052631578947366
0 0.48777777777777775 0.42105263157894735 0.04 0.049342105263157895
0 0.8466666666666667 0.3667763157894737 0.034444444444444444 0.049342105263157895
0 0.7988888888888889 0.24342105263157895 0.03666666666666667 0.04276315789473684
0 0.6916666666666667 0.4967105263157895 0.034444444444444444 0.03782894736842105
0 0.12833333333333333 0.24259868421052633 0.03666666666666667 0.046052631578947366
0 0.6338888888888888 0.75 0.03777777777777778 0.047697368421052634
0 0.6894444444444444 0.5805921052631579 0.03333333333333333 0.044407894736842105
0 0.1272222222222222 0.32648026315789475 0.035555555555555556 0.04276315789473684
0 0.7955555555555556 0.4095394736842105 0.03333333333333333 0.046052631578947366
0 0.3372222222222222 0.22861842105263158 0.034444444444444444 0.04276315789473684
0 0.07444444444444444 0.32976973684210525 0.03666666666666667 0.046052631578947366
0 0.9044444444444445 0.15213815789473684 0.03777777777777778 0.044407894736842105
0 0.6444444444444445 0.24917763157894737 0.034444444444444444 0.049342105263157895
0 0.5355555555555556 0.5912828947368421 0.035555555555555556 0.04276315789473684
0 0.6861111111111111 0.7483552631578947 0.035555555555555556 0.044407894736842105
0 0.9016666666666666 0.19736842105263158 0.03666666666666667 0.046052631578947366
0 0.6316666666666667 0.875 0.03888888888888889 0.05098684210526316
0 0.6922222222222222 0.4152960526315789 0.03333333333333333 0.039473684210526314
0 0.9 0.3182565789473684 0.03666666666666667 0.044407894736842105
0 0.5344444444444445 0.631578947368421 0.034444444444444444 0.044407894736842105
0 0.43833333333333335 0.30756578947368424 0.03333333333333333 0.046052631578947366
0 0.7438888888888889 0.41118421052631576 0.03666666666666667 0.04276315789473684
0 0.23166666666666666 0.23355263157894737 0.034444444444444444 0.046052631578947366
0 0.07388888888888889 0.37335526315789475 0.035555555555555556 0.044407894736842105
0 0.7372222222222222 0.703125 0.03777777777777778 0.044407894736842105
0 0.12833333333333333 0.28536184210526316 0.035555555555555556 0.04276315789473684
0 0.5944444444444444 0.25164473684210525 0.034444444444444444 0.047697368421052634
0 0.8005555555555556 0.15871710526315788 0.034444444444444444 0.044407894736842105
0 0.5388888888888889 0.42680921052631576 0.034444444444444444 0.04276315789473684
0 0.7444444444444445 0.37088815789473684 0.03666666666666667 0.04111842105263158
0 0.5305555555555556 0.7574013157894737 0.03777777777777778 0.046052631578947366
0 0.2816666666666667 0.35855263157894735 0.035555555555555556 0.046052631578947366
0 0.33555555555555555 0.31085526315789475 0.034444444444444444 0.046052631578947366
0 0.8494444444444444 0.28042763157894735 0.035555555555555556 0.044407894736842105
0 0.5372222222222223 0.5074013157894737 0.034444444444444444 0.04276315789473684
0 0.6377777777777778 0.584703947368421 0.035555555555555556 0.046052631578947366
0 0.39055555555555554 0.18174342105263158 0.03666666666666667 0.044407894736842105
0 0.5455555555555556 0.17023026315789475 0.035555555555555556 0.046052631578947366
0 0.6938888888888889 0.3305921052631579 0.03333333333333333 0.04111842105263158
0 0.7433333333333333 0.45230263157894735 0.035555555555555556 0.04276315789473684
0 0.5377777777777778 0.46710526315789475 0.035555555555555556 0.04111842105263158
0 0.8477777777777777 0.3215460526315789 0.034444444444444444 0.044407894736842105
0 0.22722222222222221 0.4457236842105263 0.035555555555555556 0.046052631578947366
0 0.6438888888888888 0.29276315789473684 0.035555555555555556 0.044407894736842105
0 0.5355555555555556 0.5493421052631579 0.035555555555555556 0.044407894736842105
0 0.2872222222222222 0.18914473684210525 0.03666666666666667 0.046052631578947366
0 0.7477777777777778 0.24424342105263158 0.03222222222222222 0.047697368421052634
0 0.3883333333333333 0.22450657894736842 0.03666666666666667 0.044407894736842105
0 0.7466666666666667 0.2894736842105263 0.034444444444444444 0.046052631578947366
0 0.6922222222222222 0.3725328947368421 0.034444444444444444 0.046052631578947366
0 0.6383333333333333 0.5411184210526315 0.03666666666666667 0.044407894736842105
0 0.44 0.2623355263157895 0.034444444444444444 0.047697368421052634
0 0.33444444444444443 0.35526315789473684 0.034444444444444444 0.04276315789473684
0 0.5927777777777777 0.3404605263157895 0.03777777777777778 0.047697368421052634
0 0.6961111111111111 0.24588815789473684 0.03333333333333333 0.049342105263157895
0 0.5411111111111111 0.3404605263157895 0.03222222222222222 0.044407894736842105
0 0.2861111111111111 0.23190789473684212 0.03666666666666667 0.04276315789473684
0 0.2833333333333333 0.31661184210526316 0.03666666666666667 0.044407894736842105
0 0.2311111111111111 0.27713815789473684 0.034444444444444444 0.044407894736842105
0 0.3383333333333333 0.18503289473684212 0.03666666666666667 0.047697368421052634
0 0.6405555555555555 0.4597039473684211 0.03666666666666667 0.049342105263157895
0 0.3338888888888889 0.3972039473684211 0.035555555555555556 0.047697368421052634
0 0.28555555555555556 0.2746710526315789 0.03888888888888889 0.046052631578947366
0 0.3894444444444444 0.26726973684210525 0.035555555555555556 0.044407894736842105
0 0.6416666666666667 0.3774671052631579 0.035555555555555556 0.046052631578947366
0 0.5394444444444444 0.3848684210526316 0.03333333333333333 0.044407894736842105