0 0.7561111111111111 0.18698517298187808 0.03888888888888889 0.047775947281713346
0 0.9105555555555556 0.1902800658978583 0.03666666666666667 0.044481054365733116
0 0.295 0.1441515650741351 0.03666666666666667 0.047775947281713346
0 0.45111111111111113 0.2784184514003295 0.03333333333333333 0.039538714991762765
0 0.7588888888888888 0.8278418451400329 0.035555555555555556 0.04118616144975288
0 0.7588888888888888 0.7833607907742999 0.035555555555555556 0.044481054365733116
0 0.6533333333333333 0.14497528830313014 0.035555555555555556 0.04942339373970346
0 0.1922222222222222 0.2397034596375618 0.035555555555555556 0.044481054365733116
0 0.81 0.8649093904448105 0.035555555555555556 0.042833607907743
0 0.4 0.4085667215815486 0.035555555555555556 0.042833607907743
0 0.7572222222222222 0.23393739703459637 0.034444444444444444 0.04612850082372323
0 0.7055555555555556 0.3616144975288303 0.035555555555555556 0.044481054365733116
0 0.7077777777777777 0.6565074135090609 0.035555555555555556 0.04118616144975288
0 0.39944444444444444 0.48846787479406917 0.03222222222222222 0.044481054365733116
0 0.6044444444444445 0.48929159802306427 0.03333333333333333 0.042833607907743
0 0.7038888888888889 0.18945634266886327 0.03222222222222222 0.04942339373970346
0 0.6544444444444445 0.19192751235584843 0.03333333333333333 0.04118616144975288
0 0.7061111111111111 0.32042833607907745 0.034444444444444444 0.04118616144975288
0 0.3983333333333333 0.2808896210873147 0.034444444444444444 0.04118616144975288
0 0.7066666666666667 0.4464579901153213 0.03333333333333333 0.039538714991762765
0 0.6044444444444445 0.4489291598023064 0.03333333333333333 0.04118616144975288
0 0.7066666666666667 0.4876441515650741 0.035555555555555556 0.04612850082372323
0 0.3983333333333333 0.1927512355848435 0.03666666666666667 0.04612850082372323
0 0.86 0.40444810543657334 0.035555555555555556 0.044481054365733116
0 0.8088888888888889 0.3640856672158155 0.03333333333333333 0.042833607907743
0 0.8577777777777778 0.31960461285008235 0.03333333333333333 0.042833607907743
0 0.8077777777777778 0.27924217462932455 0.03333333333333333 0.04118616144975288
0 0.7077777777777777 0.6144975288303131 0.035555555555555556 0.042833607907743
0 0.7072222222222222 0.5313014827018122 0.034444444444444444 0.044481054365733116
0 0.45166666666666666 0.3649093904448105 0.034444444444444444 0.04118616144975288
0 0.7577777777777778 0.44481054365733114 0.03333333333333333 0.042833607907743
0 0.81 0.7405271828665568 0.035555555555555556 0.04118616144975288
0 0.2961111111111111 0.19110378912685339 0.034444444444444444 0.042833607907743
0 0.7588888888888888 0.657331136738056 0.035555555555555556 0.042833607907743
0 0.7588888888888888 0.6153212520593081 0.035555555555555556 0.04118616144975288
0 0.2966666666666667 0.2355848434925865 0.03333333333333333 0.04612850082372323
0 0.5522222222222222 0.2800658978583196 0.03333333333333333 0.04612850082372323
0 0.3988888888888889 0.14332784184514002 0.03777777777777778 0.05271828665568369
0 0.6038888888888889 0.19192751235584843 0.034444444444444444 0.04118616144975288
0 0.19277777777777777 0.18945634266886327 0.03666666666666667 0.05271828665568369
0 0.6038888888888889 0.2800658978583196 0.034444444444444444 0.042833607907743
0 0.7588888888888888 0.4868204283360791 0.03333333333333333 0.04118616144975288
0 0.8094444444444444 0.7841845140032949 0.03666666666666667 0.042833607907743
0 0.24388888888888888 0.1902800658978583 0.03222222222222222 0.044481054365733116
0 0.24388888888888888 0.2355848434925865 0.034444444444444444 0.042833607907743
0 0.5533333333333333 0.1441515650741351 0.035555555555555556 0.047775947281713346
0 0.7061111111111111 0.4052718286655684 0.03222222222222222 0.042833607907743
0 0.5022222222222222 0.4415156507413509 0.042222222222222223 0.04612850082372323
0 0.6044444444444445 0.32207578253706753 0.035555555555555556 0.04118616144975288
0 0.7588888888888888 0.7421746293245469 0.035555555555555556 0.04118616144975288
0 0.6544444444444445 0.2775947281713344 0.03333333333333333 0.03789126853377265
0 0.3477777777777778 0.3245469522240527 0.03333333333333333 0.04942339373970346
0 0.45166666666666666 0.32042833607907745 0.034444444444444444 0.044481054365733116
0 0.3477777777777778 0.1902800658978583 0.03333333333333333 0.044481054365733116
0 0.7077777777777777 0.699341021416804 0.035555555555555556 0.044481054365733116
0 0.8594444444444445 0.4464579901153213 0.03666666666666667 0.042833607907743
0 0.24388888888888888 0.2784184514003295 0.034444444444444444 0.042833607907743
0 0.7572222222222222 0.3187808896210873 0.034444444444444444 0.044481054365733116
0 0.8083333333333333 0.4060955518945634 0.034444444444444444 0.04118616144975288
0 0.8088888888888889 0.32207578253706753 0.03333333333333333 0.04118616144975288
0 0.8583333333333333 0.23805601317957167 0.034444444444444444 0.04118616144975288
0 0.8077777777777778 0.2355848434925865 0.03333333333333333 0.042833607907743
0 0.45055555555555554 0.19110378912685339 0.034444444444444444 0.04942339373970346
0 0.7588888888888888 0.5280065897858319 0.03333333333333333 0.04118616144975288
0 0.45055555555555554 0.2372322899505766 0.034444444444444444 0.039538714991762765
0 0.8588888888888889 0.3616144975288303 0.03333333333333333 0.04118616144975288
0 0.7583333333333333 0.699341021416804 0.03666666666666667 0.04118616144975288
0 0.7577777777777778 0.36326194398682043 0.035555555555555556 0.044481054365733116
0 0.81 0.6556836902800659 0.035555555555555556 0.04612850082372323
0 0.8583333333333333 0.19110378912685339 0.034444444444444444 0.05271828665568369
0 0.3472222222222222 0.2800658978583196 0.03222222222222222 0.039538714991762765
0 0.3988888888888889 0.23805601317957167 0.035555555555555556 0.044481054365733116
0 0.6033333333333334 0.1441515650741351 0.035555555555555556 0.051070840197693576
0 0.3477777777777778 0.2372322899505766 0.03111111111111111 0.042833607907743
0 0.655 0.4052718286655684 0.034444444444444444 0.042833607907743
0 0.5522222222222222 0.23393739703459637 0.035555555555555556 0.04612850082372323
0 0.6038888888888889 0.4060955518945634 0.034444444444444444 0.044481054365733116
0 0.8083333333333333 0.1902800658978583 0.034444444444444444 0.047775947281713346
0 0.6038888888888889 0.3624382207578254 0.034444444444444444 0.042833607907743
0 0.6544444444444445 0.2355848434925865 0.03333333333333333 0.04612850082372323
0 0.6038888888888889 0.23476112026359144 0.03666666666666667 0.047775947281713346
0 0.5522222222222222 0.19110378912685339 0.03333333333333333 0.042833607907743
0 0.5033333333333333 0.36655683690280066 0.044444444444444446 0.032948929159802305
0 0.5033333333333333 0.33772652388797364 0.042222222222222223 0.029654036243822075
0 0.5144444444444445 0.7504118616144976 0.02666666666666667 0.02471169686985173
0 0.515 0.7265238879736409 0.027777777777777776 0.026359143327841845
0 0.9116666666666666 0.5741350906095551 0.034444444444444444 0.044481054365733116
0 0.5022222222222222 0.48352553542009885 0.04 0.03130148270181219
0 0.3988888888888889 0.8294892915980231 0.03333333333333333 0.04118616144975288
0 0.6555555555555556 0.32042833607907745 0.03333333333333333 0.047775947281713346
0 0.3988888888888889 0.8690280065897859 0.03333333333333333 0.044481054365733116
0 0.08944444444444444 0.2784184514003295 0.034444444444444444 0.036243822075782535
0 0.39944444444444444 0.7026359143327842 0.034444444444444444 0.03459637561779242
0 0.9122222222222223 0.613673805601318 0.035555555555555556 0.04118616144975288
0 0.4 0.7891268533772653 0.035555555555555556 0.042833607907743
0 0.08833333333333333 0.3649093904448105 0.03888888888888889 0.044481054365733116
0 0.08833333333333333 0.31795716639209226 0.03666666666666667 0.042833607907743
0 0.5033333333333333 0.20098846787479407 0.044444444444444446 0.026359143327841845
0 0.9122222222222223 0.658154859967051 0.035555555555555556 0.044481054365733116
0 0.1922222222222222 0.49093904448105435 0.035555555555555556 0.039538714991762765
0 0.86 0.7405271828665568 0.035555555555555556 0.04118616144975288
0 0.81 0.700164744645799 0.035555555555555556 0.042833607907743
0 0.9111111111111111 0.32207578253706753 0.035555555555555556 0.044481054365733116
0 0.8594444444444445 0.4868204283360791 0.034444444444444444 0.04118616144975288
0 0.45 0.40691927512355847 0.03333333333333333 0.039538714991762765
0 0.7072222222222222 0.7825370675453048 0.034444444444444444 0.04612850082372323
0 0.9111111111111111 0.2775947281713344 0.035555555555555556 0.04118616144975288
0 0.24333333333333335 0.7874794069192751 0.035555555555555556 0.042833607907743
0 0.24333333333333335 0.4052718286655684 0.03333333333333333 0.042833607907743
0 0.7561111111111111 0.27677100494233936 0.034444444444444444 0.039538714991762765
0 0.14166666666666666 0.28171334431630973 0.034444444444444444 0.042833607907743
0 0.7588888888888888 0.57166392092257 0.035555555555555556 0.04612850082372323
0 0.705 0.27924217462932455 0.034444444444444444 0.04118616144975288
0 0.5044444444444445 0.30230642504118616 0.042222222222222223 0.04118616144975288
0 0.8088888888888889 0.49093904448105435 0.03333333333333333 0.042833607907743
0 0.24388888888888888 0.4464579901153213 0.034444444444444444 0.042833607907743
0 0.86 0.5296540362438221 0.035555555555555556 0.044481054365733116
0 0.86 0.7825370675453048 0.035555555555555556 0.042833607907743
0 0.9111111111111111 0.23476112026359144 0.03333333333333333 0.044481054365733116
0 0.24333333333333335 0.3187808896210873 0.03333333333333333 0.04118616144975288
0 0.295 0.2784184514003295 0.03222222222222222 0.039538714991762765
0 0.5027777777777778 0.23393739703459637 0.043333333333333335 0.039538714991762765
0 0.45 0.14332784184514002 0.03333333333333333 0.04612850082372323
0 0.4 0.5757825370675453 0.03777777777777778 0.044481054365733116
0 0.6044444444444445 0.5304777594728172 0.035555555555555556 0.039538714991762765
0 0.24444444444444444 0.14497528830313014 0.035555555555555556 0.04612850082372323
0 0.39944444444444444 0.7438220757825371 0.03666666666666667 0.044481054365733116
0 0.8083333333333333 0.44810543657331137 0.034444444444444444 0.042833607907743
0 0.24388888888888888 0.7438220757825371 0.03888888888888889 0.044481054365733116
0 0.24388888888888888 0.6589785831960461 0.03666666666666667 0.042833607907743
0 0.19166666666666668 0.32207578253706753 0.034444444444444444 0.04118616144975288
0 0.24333333333333335 0.3599670510708402 0.03333333333333333 0.044481054365733116
0 0.24388888888888888 0.5321252059308073 0.034444444444444444 0.042833607907743
0 0.39944444444444444 0.5313014827018122 0.03666666666666667 0.04118616144975288
0 0.24444444444444444 0.5733113673805601 0.035555555555555556 0.042833607907743
0 0.7044444444444444 0.23887973640856672 0.03333333333333333 0.042833607907743
0 0.655 0.36326194398682043 0.034444444444444444 0.03789126853377265
0 0.7072222222222222 0.5741350906095551 0.034444444444444444 0.04118616144975288
0 0.7583333333333333 0.40444810543657334 0.03222222222222222 0.03789126853377265
0 0.9122222222222223 0.5329489291598023 0.035555555555555556 0.04118616144975288
0 0.09 0.1441515650741351 0.035555555555555556 0.044481054365733116
0 0.08944444444444444 0.4472817133443163 0.034444444444444444 0.03789126853377265
0 0.08888888888888889 0.2372322899505766 0.03777777777777778 0.042833607907743
0 0.08944444444444444 0.19110378912685339 0.03666666666666667 0.04942339373970346
0 0.9122222222222223 0.7421746293245469 0.03777777777777778 0.044481054365733116
0 0.09055555555555556 0.40774299835255357 0.03888888888888889 0.04118616144975288
0 0.9111111111111111 0.36079077429983525 0.035555555555555556 0.036243822075782535
0 0.7594444444444445 0.8698517298187809 0.03666666666666667 0.042833607907743
0 0.9127777777777778 0.6976935749588138 0.03666666666666667 0.044481054365733116
0 0.3988888888888889 0.914332784184514 0.035555555555555556 0.04612850082372323
0 0.24388888888888888 0.914332784184514 0.03666666666666667 0.042833607907743
0 0.9133333333333333 0.7841845140032949 0.03777777777777778 0.039538714991762765
0 0.9105555555555556 0.4464579901153213 0.034444444444444444 0.036243822075782535
0 0.86 0.8245469522240527 0.03333333333333333 0.03789126853377265
0 0.5027777777777778 0.1326194398682043 0.04555555555555556 0.03789126853377265
0 0.5027777777777778 0.16803953871499178 0.043333333333333335 0.036243822075782535
0 0.39944444444444444 0.6161449752883031 0.03666666666666667 0.039538714991762765
0 0.8611111111111112 0.5724876441515651 0.035555555555555556 0.04118616144975288
0 0.4 0.3657331136738056 0.035555555555555556 0.042833607907743
0 0.1411111111111111 0.1441515650741351 0.03777777777777778 0.047775947281713346
0 0.9133333333333333 0.8690280065897859 0.03777777777777778 0.04118616144975288
0 0.6044444444444445 0.657331136738056 0.03333333333333333 0.042833607907743
0 0.08944444444444444 0.4917627677100494 0.03666666666666667 0.044481054365733116
0 0.7072222222222222 0.9118616144975288 0.03666666666666667 0.044481054365733116
0 0.5027777777777778 0.26935749588138386 0.043333333333333335 0.03130148270181219
0 0.9138888888888889 0.8261943986820428 0.03666666666666667 0.044481054365733116
0 0.9127777777777778 0.9126853377265239 0.03888888888888889 0.04612850082372323
0 0.6044444444444445 0.5700164744645799 0.035555555555555556 0.039538714991762765
0 0.6044444444444445 0.699341021416804 0.035555555555555556 0.044481054365733116
0 0.24333333333333335 0.8698517298187809 0.03777777777777778 0.042833607907743
0 0.6044444444444445 0.7405271828665568 0.035555555555555556 0.044481054365733116
0 0.9111111111111111 0.40444810543657334 0.035555555555555556 0.051070840197693576
0 0.24388888888888888 0.828665568369028 0.034444444444444444 0.039538714991762765
0 0.1922222222222222 0.45057660626029655 0.035555555555555556 0.04118616144975288
0 0.7588888888888888 0.913509060955519 0.035555555555555556 0.044481054365733116
0 0.19166666666666668 0.5337726523887973 0.034444444444444444 0.042833607907743
0 0.8088888888888889 0.9126853377265239 0.035555555555555556 0.04942339373970346
0 0.39944444444444444 0.4472817133443163 0.034444444444444444 0.03789126853377265
0 0.8605555555555555 0.9118616144975288 0.03666666666666667 0.047775947281713346
0 0.9116666666666666 0.4876441515650741 0.03666666666666667 0.04612850082372323
0 0.3983333333333333 0.3237232289950577 0.03222222222222222 0.04118616144975288
0 0.7072222222222222 0.8682042833607908 0.034444444444444444 0.042833607907743
0 0.1411111111111111 0.23805601317957167 0.035555555555555556 0.044481054365733116
0 0.3988888888888889 0.6614497528830313 0.035555555555555556 0.047775947281713346
0 0.7066666666666667 0.7405271828665568 0.03333333333333333 0.04118616144975288
0 0.8605555555555555 0.699341021416804 0.034444444444444444 0.03789126853377265
0 0.86 0.6153212520593081 0.035555555555555556 0.044481054365733116
0 0.1411111111111111 0.19192751235584843 0.03777777777777778 0.044481054365733116
0 0.1922222222222222 0.3616144975288303 0.035555555555555556 0.04118616144975288
0 0.8094444444444444 0.570840197693575 0.03666666666666667 0.044481054365733116
0 0.19277777777777777 0.40691927512355847 0.03666666666666667 0.04612850082372323
0 0.24333333333333335 0.7009884678747941 0.035555555555555556 0.04118616144975288
0 0.7083333333333334 0.8261943986820428 0.034444444444444444 0.04118616144975288
0 0.81 0.8245469522240527 0.03333333333333333 0.03789126853377265
0 0.86 0.657331136738056 0.03333333333333333 0.042833607907743
0 0.91 0.14332784184514002 0.035555555555555556 0.04942339373970346
0 0.8605555555555555 0.8649093904448105 0.03666666666666667 0.042833607907743
0 0.8094444444444444 0.5313014827018122 0.034444444444444444 0.04118616144975288
0 0.24388888888888888 0.6153212520593081 0.034444444444444444 0.04118616144975288
0 0.24388888888888888 0.48929159802306427 0.034444444444444444 0.042833607907743
0 0.605 0.6128500823723229 0.03666666666666667 0.04612850082372323
0 0.19166666666666668 0.28171334431630973 0.034444444444444444 0.039538714991762765
0 0.8094444444444444 0.613673805601318 0.034444444444444444 0.04118616144975288
0 0.8583333333333333 0.27924217462932455 0.03222222222222222 0.03789126853377265