0 0.5538888888888889 0.4942339373970346 0.03 0.036243822075782535
0 0.5527777777777778 0.24464579901153213 0.034444444444444444 0.044481054365733116
0 0.5527777777777778 0.28665568369028005 0.034444444444444444 0.042833607907743
0 0.3466666666666667 0.285831960461285 0.03333333333333333 0.044481054365733116
0 0.6044444444444445 0.3261943986820428 0.03333333333333333 0.042833607907743
0 0.3461111111111111 0.200164744645799 0.034444444444444444 0.044481054365733116
0 0.7061111111111111 0.24299835255354202 0.034444444444444444 0.044481054365733116
0 0.3461111111111111 0.24299835255354202 0.03222222222222222 0.04118616144975288
0 0.3466666666666667 0.15485996705107083 0.035555555555555556 0.04612850082372323
0 0.4494444444444444 0.19934102141680396 0.034444444444444444 0.042833607907743
0 0.5533333333333333 0.45551894563426687 0.03333333333333333 0.04118616144975288
0 0.3988888888888889 0.28665568369028005 0.03333333333333333 0.042833607907743
0 0.5538888888888889 0.4126853377265239 0.034444444444444444 0.044481054365733116
0 0.3477777777777778 0.45304777594728174 0.03333333333333333 0.042833607907743
0 0.7583333333333333 0.24217462932454695 0.034444444444444444 0.04612850082372323
0 0.4494444444444444 0.28500823723228996 0.034444444444444444 0.04612850082372323
0 0.45 0.3698517298187809 0.035555555555555556 0.047775947281713346
0 0.6044444444444445 0.3698517298187809 0.035555555555555556 0.044481054365733116
0 0.7577777777777778 0.15403624382207579 0.035555555555555556 0.047775947281713346
0 0.5161111111111111 0.7364085667215815 0.023333333333333334 0.029654036243822075
0 0.5033333333333333 0.34349258649093906 0.044444444444444446 0.03130148270181219
0 0.5022222222222222 0.4950576606260296 0.042222222222222223 0.03459637561779242
0 0.8627777777777778 0.7018121911037891 0.034444444444444444 0.039538714991762765
0 0.2961111111111111 0.7009884678747941 0.034444444444444444 0.044481054365733116
0 0.8633333333333333 0.8690280065897859 0.035555555555555556 0.04118616144975288
0 0.08777777777777777 0.9184514003294892 0.03777777777777778 0.04118616144975288
0 0.5016666666666667 0.20840197693574958 0.04555555555555556 0.02800658978583196
0 0.3977777777777778 0.5354200988467874 0.035555555555555556 0.042833607907743
0 0.08777777777777777 0.8747940691927513 0.03777777777777778 0.04612850082372323
0 0.5016666666666667 0.17545304777594728 0.043333333333333335 0.03459637561779242
0 0.5044444444444445 0.3731466227347611 0.04666666666666667 0.03789126853377265
0 0.08888888888888889 0.19769357495881384 0.03333333333333333 0.04612850082372323
0 0.8627777777777778 0.8278418451400329 0.03222222222222222 0.03459637561779242
0 0.5033333333333333 0.2751235584843493 0.04 0.032948929159802305
0 0.8616666666666667 0.36820428336079075 0.03222222222222222 0.04118616144975288
0 0.8633333333333333 0.7446457990115322 0.028888888888888888 0.039538714991762765
0 0.08722222222222223 0.7874794069192751 0.034444444444444444 0.039538714991762765
0 0.8611111111111112 0.32784184514003295 0.035555555555555556 0.042833607907743
0 0.6566666666666666 0.8690280065897859 0.03333333333333333 0.044481054365733116
0 0.08777777777777777 0.8303130148270181 0.035555555555555556 0.042833607907743
0 0.8627777777777778 0.5354200988467874 0.034444444444444444 0.039538714991762765
0 0.6566666666666666 0.7051070840197694 0.03333333333333333 0.039538714991762765
0 0.6561111111111111 0.914332784184514 0.03222222222222222 0.042833607907743
0 0.24388888888888888 0.4942339373970346 0.03222222222222222 0.039538714991762765
0 0.9122222222222223 0.19769357495881384 0.03333333333333333 0.04612850082372323
0 0.9144444444444444 0.4514003294892916 0.03333333333333333 0.039538714991762765
0 0.3477777777777778 0.6606260296540363 0.028888888888888888 0.039538714991762765
0 0.13944444444444445 0.6210873146622735 0.034444444444444444 0.039538714991762765
0 0.9127777777777778 0.40939044481054365 0.03666666666666667 0.044481054365733116
0 0.5022222222222222 0.1400329489291598 0.04666666666666667 0.039538714991762765
0 0.7055555555555556 0.3673805601317957 0.03111111111111111 0.036243822075782535
0 0.9122222222222223 0.2413509060955519 0.035555555555555556 0.044481054365733116
0 0.6572222222222223 0.828665568369028 0.03222222222222222 0.039538714991762765
0 0.6566666666666666 0.7438220757825371 0.03333333333333333 0.04118616144975288
0 0.6577777777777778 0.785831960461285 0.03333333333333333 0.042833607907743
0 0.295 0.1985172981878089 0.034444444444444444 0.04118616144975288
0 0.08888888888888889 0.28500823723228996 0.03333333333333333 0.039538714991762765
0 0.6555555555555556 0.32784184514003295 0.03333333333333333 0.042833607907743
0 0.8644444444444445 0.914332784184514 0.035555555555555556 0.04612850082372323
0 0.9122222222222223 0.2841845140032949 0.035555555555555556 0.044481054365733116
0 0.9127777777777778 0.36655683690280066 0.03666666666666667 0.04118616144975288
0 0.08888888888888889 0.24299835255354202 0.03333333333333333 0.04118616144975288
0 0.29555555555555557 0.5362438220757826 0.035555555555555556 0.047775947281713346
0 0.08777777777777777 0.6186161449752883 0.03333333333333333 0.03789126853377265
0 0.1388888888888889 0.5807248764415156 0.035555555555555556 0.04118616144975288
0 0.13944444444444445 0.6622734761120264 0.03666666666666667 0.039538714991762765
0 0.6561111111111111 0.2833607907742998 0.03 0.04612850082372323
0 0.8616666666666667 0.4514003294892916 0.034444444444444444 0.039538714991762765
0 0.9122222222222223 0.3261943986820428 0.035555555555555556 0.042833607907743
0 0.2961111111111111 0.6614497528830313 0.03222222222222222 0.03789126853377265
0 0.8611111111111112 0.4102141680395387 0.035555555555555556 0.042833607907743
0 0.3477777777777778 0.6194398682042833 0.03111111111111111 0.039538714991762765
0 0.08833333333333333 0.7051070840197694 0.03666666666666667 0.042833607907743
0 0.08833333333333333 0.7471169686985173 0.034444444444444444 0.04118616144975288
0 0.8105555555555556 0.4925864909390445 0.03 0.039538714991762765
0 0.14 0.19934102141680396 0.035555555555555556 0.04612850082372323
0 0.8111111111111111 0.5757825370675453 0.03111111111111111 0.03789126853377265
0 0.19166666666666668 0.200164744645799 0.034444444444444444 0.04118616144975288
0 0.7061111111111111 0.4514003294892916 0.03222222222222222 0.039538714991762765
0 0.19055555555555556 0.3270181219110379 0.03222222222222222 0.03789126853377265
0 0.8605555555555555 0.285831960461285 0.034444444444444444 0.044481054365733116
0 0.6566666666666666 0.4950576606260296 0.028888888888888888 0.03789126853377265
0 0.8622222222222222 0.7883031301482701 0.03333333333333333 0.044481054365733116
0 0.08777777777777777 0.4110378912685338 0.03333333333333333 0.03789126853377265
0 0.08777777777777777 0.4958813838550247 0.03111111111111111 0.039538714991762765
0 0.86 0.19934102141680396 0.03333333333333333 0.042833607907743
0 0.295 0.4942339373970346 0.034444444444444444 0.039538714991762765
0 0.6561111111111111 0.5345963756177924 0.03222222222222222 0.04118616144975288
0 0.9144444444444444 0.4950576606260296 0.035555555555555556 0.044481054365733116
0 0.19166666666666668 0.15238879736408567 0.034444444444444444 0.047775947281713346
0 0.9122222222222223 0.14991762767710048 0.03333333333333333 0.04942339373970346
0 0.14 0.5395387149917628 0.035555555555555556 0.047775947281713346
0 0.6555555555555556 0.24217462932454695 0.028888888888888888 0.036243822075782535
0 0.8622222222222222 0.49341021416803954 0.03333333333333333 0.04118616144975288
0 0.08888888888888889 0.15074135090609556 0.035555555555555556 0.047775947281713346
0 0.6044444444444445 0.4126853377265239 0.03111111111111111 0.04118616144975288
0 0.08888888888888889 0.32784184514003295 0.035555555555555556 0.042833607907743
0 0.3983333333333333 0.40939044481054365 0.034444444444444444 0.03789126853377265
0 0.08833333333333333 0.5790774299835255 0.034444444444444444 0.04118616144975288
0 0.295 0.7471169686985173 0.034444444444444444 0.044481054365733116
0 0.24222222222222223 0.285831960461285 0.03333333333333333 0.04118616144975288
0 0.08777777777777777 0.37067545304777594 0.03333333333333333 0.042833607907743
0 0.14166666666666666 0.1515650741350906 0.03666666666666667 0.04942339373970346
0 0.19055555555555556 0.24217462932454695 0.03 0.042833607907743
0 0.8094444444444444 0.32784184514003295 0.03222222222222222 0.039538714991762765
0 0.86 0.24217462932454695 0.035555555555555556 0.042833607907743
0 0.8105555555555556 0.5345963756177924 0.03222222222222222 0.044481054365733116
0 0.8105555555555556 0.6622734761120264 0.03222222222222222 0.042833607907743
0 0.5538888888888889 0.32784184514003295 0.03 0.036243822075782535
0 0.86 0.15321252059308071 0.035555555555555556 0.04942339373970346
0 0.8088888888888889 0.45304777594728174 0.03111111111111111 0.042833607907743
0 0.655 0.15321252059308071 0.03222222222222222 0.04942339373970346
0 0.5038888888888889 0.3088962108731466 0.04111111111111111 0.04118616144975288
0 0.2961111111111111 0.5799011532125206 0.03222222222222222 0.039538714991762765
0 0.7055555555555556 0.15238879736408567 0.035555555555555556 0.047775947281713346
0 0.1388888888888889 0.32784184514003295 0.03333333333333333 0.039538714991762765
0 0.08833333333333333 0.5378912685337727 0.03666666666666667 0.044481054365733116
0 0.8105555555555556 0.6177924217462932 0.03222222222222222 0.04612850082372323
0 0.08777777777777777 0.6622734761120264 0.035555555555555556 0.042833607907743
0 0.5027777777777778 0.24217462932454695 0.04555555555555556 0.039538714991762765
0 0.13944444444444445 0.7051070840197694 0.03666666666666667 0.04942339373970346
0 0.14 0.24382207578253706 0.035555555555555556 0.042833607907743
0 0.13944444444444445 0.4950576606260296 0.034444444444444444 0.04118616144975288
0 0.295 0.15321252059308071 0.034444444444444444 0.04612850082372323
0 0.6572222222222223 0.6202635914332785 0.034444444444444444 0.044481054365733116
0 0.14 0.41186161449752884 0.035555555555555556 0.042833607907743
0 0.14 0.28665568369028005 0.03333333333333333 0.042833607907743
0 0.8616666666666667 0.6622734761120264 0.034444444444444444 0.039538714991762765
0 0.08777777777777777 0.4538714991762768 0.03333333333333333 0.044481054365733116
0 0.7583333333333333 0.28500823723228996 0.03 0.036243822075782535
0 0.8622222222222222 0.5774299835255354 0.03333333333333333 0.04118616144975288
0 0.3472222222222222 0.7034596375617792 0.034444444444444444 0.04612850082372323
0 0.5027777777777778 0.4472817133443163 0.043333333333333335 0.044481054365733116
0 0.6555555555555556 0.19934102141680396 0.03333333333333333 0.04612850082372323
0 0.24388888888888888 0.45304777594728174 0.03666666666666667 0.039538714991762765
0 0.29555555555555557 0.4546952224052718 0.03333333333333333 0.042833607907743
0 0.7588888888888888 0.36902800658978585 0.03111111111111111 0.039538714991762765
0 0.3977777777777778 0.4514003294892916 0.035555555555555556 0.042833607907743
0 0.29555555555555557 0.6202635914332785 0.03333333333333333 0.044481054365733116
0 0.8616666666666667 0.6194398682042833 0.034444444444444444 0.042833607907743
0 0.6566666666666666 0.6639209225700164 0.035555555555555556 0.042833607907743
0 0.295 0.41186161449752884 0.03222222222222222 0.039538714991762765
0 0.4494444444444444 0.3270181219110379 0.034444444444444444 0.03789126853377265
0 0.13944444444444445 0.45551894563426687 0.034444444444444444 0.04118616144975288
0 0.8094444444444444 0.36820428336079075 0.03222222222222222 0.044481054365733116
0 0.5538888888888889 0.15403624382207579 0.034444444444444444 0.047775947281713346
0 0.3983333333333333 0.5782537067545305 0.03666666666666667 0.042833607907743
0 0.24333333333333335 0.5354200988467874 0.035555555555555556 0.042833607907743
0 0.45 0.15238879736408567 0.035555555555555556 0.047775947281713346
0 0.7066666666666667 0.49341021416803954 0.035555555555555556 0.044481054365733116
0 0.3988888888888889 0.15321252059308071 0.03333333333333333 0.04942339373970346
0 0.6566666666666666 0.5766062602965404 0.03333333333333333 0.042833607907743
0 0.3472222222222222 0.32948929159802304 0.03222222222222222 0.039538714991762765
0 0.5533333333333333 0.5790774299835255 0.035555555555555556 0.044481054365733116
0 0.3477777777777778 0.49341021416803954 0.03333333333333333 0.04118616144975288
0 0.5538888888888889 0.5345963756177924 0.03222222222222222 0.044481054365733116
0 0.605 0.2841845140032949 0.03222222222222222 0.04118616144975288
0 0.7588888888888888 0.4126853377265239 0.035555555555555556 0.044481054365733116
0 0.24222222222222223 0.24629324546952225 0.03111111111111111 0.04118616144975288
0 0.7066666666666667 0.40939044481054365 0.03333333333333333 0.044481054365733116
0 0.345 0.5782537067545305 0.034444444444444444 0.042833607907743
0 0.7061111111111111 0.200164744645799 0.034444444444444444 0.04118616144975288
0 0.605 0.4546952224052718 0.03222222222222222 0.042833607907743
0 0.8094444444444444 0.4110378912685338 0.03222222222222222 0.04118616144975288
0 0.7577777777777778 0.200164744645799 0.03333333333333333 0.04118616144975288
0 0.655 0.3673805601317957 0.03222222222222222 0.039538714991762765
0 0.3983333333333333 0.4925864909390445 0.034444444444444444 0.039538714991762765
0 0.24333333333333335 0.4135090609555189 0.035555555555555556 0.042833607907743
0 0.3472222222222222 0.4126853377265239 0.03222222222222222 0.04118616144975288
0 0.3472222222222222 0.3698517298187809 0.034444444444444444 0.044481054365733116
0 0.7061111111111111 0.28665568369028005 0.034444444444444444 0.042833607907743
0 0.3977777777777778 0.24299835255354202 0.03333333333333333 0.044481054365733116
0 0.2427777777777778 0.15321252059308071 0.034444444444444444 0.04942339373970346
0 0.81 0.2833607907742998 0.03333333333333333 0.04612850082372323
0 0.2427777777777778 0.20098846787479407 0.034444444444444444 0.04612850082372323
0 0.5538888888888889 0.36820428336079075 0.034444444444444444 0.044481054365733116
0 0.7066666666666667 0.328665568369028 0.03333333333333333 0.04118616144975288
0 0.14 0.36902800658978585 0.035555555555555556 0.042833607907743
0 0.29388888888888887 0.28665568369028005 0.034444444444444444 0.039538714991762765
0 0.7588888888888888 0.3261943986820428 0.03333333333333333 0.04612850082372323
0 0.24333333333333335 0.5774299835255354 0.035555555555555556 0.04118616144975288
0 0.4488888888888889 0.24217462932454695 0.03333333333333333 0.039538714991762765
0 0.6561111111111111 0.4538714991762768 0.03222222222222222 0.04118616144975288
0 0.2427777777777778 0.3270181219110379 0.034444444444444444 0.04118616144975288
0 0.5527777777777778 0.19934102141680396 0.034444444444444444 0.042833607907743
0 0.3977777777777778 0.328665568369028 0.03333333333333333 0.04118616144975288
0 0.29555555555555557 0.3698517298187809 0.03333333333333333 0.04118616144975288
0 0.295 0.3270181219110379 0.034444444444444444 0.04118616144975288
0 0.3466666666666667 0.5345963756177924 0.035555555555555556 0.044481054365733116
0 0.3988888888888889 0.20098846787479407 0.03333333333333333 0.042833607907743
0 0.3983333333333333 0.3698517298187809 0.03222222222222222 0.04118616144975288
0 0.19 0.285831960461285 0.03333333333333333 0.044481054365733116
0 0.295 0.24382207578253706 0.034444444444444444 0.04612850082372323
0 0.6561111111111111 0.4110378912685338 0.03222222222222222 0.044481054365733116
0 0.2427777777777778 0.3698517298187809 0.034444444444444444 0.044481054365733116