0 0.47833333333333333 0.484375 0.04888888888888889 0.04276315789473684
0 0.7177777777777777 0.20559210526315788 0.04 0.04111842105263158
0 0.2011111111111111 0.9473684210526315 0.043333333333333335 0.05592105263157895
0 0.6655555555555556 0.22532894736842105 0.03888888888888889 0.05098684210526316
0 0.5077777777777778 0.22861842105263158 0.03888888888888889 0.049342105263157895
0 0.6494444444444445 0.647203947368421 0.04111111111111111 0.047697368421052634
0 0.3411111111111111 0.7376644736842105 0.042222222222222223 0.05263157894736842
0 0.8355555555555556 0.3832236842105263 0.04111111111111111 0.049342105263157895
0 0.1511111111111111 0.37911184210526316 0.04 0.049342105263157895
0 0.35333333333333333 0.2730263157894737 0.042222222222222223 0.05098684210526316
0 0.065 0.5723684210526315 0.043333333333333335 0.054276315789473686
0 0.12777777777777777 0.7171052631578947 0.04 0.049342105263157895
0 0.8072222222222222 0.6398026315789473 0.04111111111111111 0.05098684210526316
0 0.8333333333333334 0.33963815789473684 0.042222222222222223 0.05263157894736842
0 0.06777777777777778 0.6143092105263158 0.04111111111111111 0.049342105263157895
0 0.34555555555555556 0.7787828947368421 0.04111111111111111 0.049342105263157895
0 0.9161111111111111 0.6924342105263158 0.042222222222222223 0.05263157894736842
0 0.8216666666666667 0.8050986842105263 0.044444444444444446 0.054276315789473686
0 0.7355555555555555 0.41118421052631576 0.042222222222222223 0.05098684210526316
0 0.6044444444444445 0.1118421052631579 0.043333333333333335 0.05756578947368421
0 0.8116666666666666 0.6817434210526315 0.04 0.047697368421052634
0 0.405 0.2590460526315789 0.03888888888888889 0.049342105263157895
0 0.125 0.6776315789473685 0.03777777777777778 0.047697368421052634
0 0.4088888888888889 0.3001644736842105 0.04111111111111111 0.047697368421052634
0 0.19666666666666666 0.90625 0.04111111111111111 0.049342105263157895
0 0.06111111111111111 0.5279605263157895 0.042222222222222223 0.05263157894736842
0 0.34944444444444445 0.23273026315789475 0.043333333333333335 0.05098684210526316
0 0.3788888888888889 0.5592105263157895 0.042222222222222223 0.05098684210526316
0 0.7038888888888889 0.6726973684210527 0.044444444444444446 0.054276315789473686
0 0.1938888888888889 0.8634868421052632 0.043333333333333335 0.05098684210526316
0 0.7988888888888889 0.5575657894736842 0.043333333333333335 0.054276315789473686
0 0.5883333333333334 0.5394736842105263 0.04111111111111111 0.05098684210526316
0 0.5011111111111111 0.14391447368421054 0.043333333333333335 0.05921052631578947
0 0.3711111111111111 0.4777960526315789 0.042222222222222223 0.054276315789473686
0 0.9022222222222223 0.5304276315789473 0.042222222222222223 0.05098684210526316
0 0.7788888888888889 0.31332236842105265 0.04 0.049342105263157895
0 0.8222222222222222 0.22039473684210525 0.03888888888888889 0.046052631578947366
0 0.8294444444444444 0.29851973684210525 0.04111111111111111 0.049342105263157895
0 0.20944444444444443 0.4440789473684211 0.04111111111111111 0.049342105263157895
0 0.305 0.328125 0.042222222222222223 0.054276315789473686
0 0.3161111111111111 0.453125 0.03777777777777778 0.049342105263157895
0 0.4255555555555556 0.5008223684210527 0.04 0.05098684210526316
0 0.8388888888888889 0.42269736842105265 0.04111111111111111 0.05098684210526316
0 0.8144444444444444 0.7212171052631579 0.04111111111111111 0.049342105263157895
0 0.8811111111111111 0.2837171052631579 0.042222222222222223 0.05263157894736842
0 0.5527777777777778 0.12911184210526316 0.043333333333333335 0.05756578947368421
0 0.8988888888888888 0.48848684210526316 0.043333333333333335 0.054276315789473686
0 0.6316666666666667 0.4407894736842105 0.042222222222222223 0.047697368421052634
0 0.40166666666666667 0.21546052631578946 0.042222222222222223 0.05263157894736842
0 0.6761111111111111 0.3462171052631579 0.04 0.047697368421052634
0 0.36 0.35444078947368424 0.043333333333333335 0.054276315789473686
0 0.8427777777777777 0.46381578947368424 0.04111111111111111 0.049342105263157895
0 0.17555555555555555 0.6603618421052632 0.04 0.05098684210526316
0 0.9238888888888889 0.774671052631579 0.04555555555555556 0.05756578947368421
0 0.7483333333333333 0.5731907894736842 0.043333333333333335 0.054276315789473686
0 0.6894444444444444 0.5082236842105263 0.042222222222222223 0.05098684210526316
0 0.3372222222222222 0.6949013157894737 0.043333333333333335 0.054276315789473686
0 0.6116666666666667 0.19983552631578946 0.04 0.05098684210526316
0 0.24166666666666667 0.8083881578947368 0.04111111111111111 0.049342105263157895
0 0.3188888888888889 0.4942434210526316 0.04 0.049342105263157895
0 0.9061111111111111 0.5699013157894737 0.042222222222222223 0.05263157894736842
0 0.15888888888888889 0.4597039473684211 0.042222222222222223 0.05263157894736842
0 0.6088888888888889 0.15707236842105263 0.043333333333333335 0.054276315789473686
0 0.24833333333333332 0.890625 0.042222222222222223 0.05098684210526316
0 0.6827777777777778 0.4251644736842105 0.03888888888888889 0.049342105263157895
0 0.3572222222222222 0.3125 0.042222222222222223 0.049342105263157895
0 0.5677777777777778 0.29523026315789475 0.04111111111111111 0.049342105263157895
0 0.19055555555555556 0.8240131578947368 0.04111111111111111 0.047697368421052634
0 0.7977777777777778 0.5164473684210527 0.04111111111111111 0.047697368421052634
0 0.8783333333333333 0.24259868421052633 0.042222222222222223 0.05098684210526316
0 0.19166666666666668 0.23684210526315788 0.043333333333333335 0.05592105263157895
0 0.7866666666666666 0.3996710526315789 0.04 0.046052631578947366
0 0.38333333333333336 0.5986842105263158 0.04111111111111111 0.046052631578947366
0 0.14722222222222223 0.9194078947368421 0.04111111111111111 0.049342105263157895
0 0.5816666666666667 0.4588815789473684 0.042222222222222223 0.047697368421052634
0 0.21333333333333335 0.484375 0.04111111111111111 0.049342105263157895
0 0.885 0.32648026315789475 0.04111111111111111 0.049342105263157895
0 0.25222222222222224 0.930921052631579 0.044444444444444446 0.054276315789473686
0 0.5111111111111111 0.71875 0.022222222222222223 0.019736842105263157
0 0.5116666666666667 0.7014802631578947 0.02666666666666667 0.027960526315789474
0 0.23833333333333334 0.7680921052631579 0.04111111111111111 0.046052631578947366
0 0.7216666666666667 0.24753289473684212 0.042222222222222223 0.05263157894736842
0 0.42944444444444446 0.5419407894736842 0.04 0.049342105263157895
0 0.08166666666666667 0.774671052631579 0.042222222222222223 0.05263157894736842
0 0.6694444444444444 0.265625 0.04111111111111111 0.047697368421052634
0 0.1988888888888889 0.3215460526315789 0.04111111111111111 0.05098684210526316
0 0.21722222222222223 0.5238486842105263 0.04 0.047697368421052634
0 0.2061111111111111 0.9802631578947368 0.043333333333333335 0.03125
0 0.08833333333333333 0.8552631578947368 0.043333333333333335 0.05263157894736842
0 0.30833333333333335 0.37006578947368424 0.03666666666666667 0.047697368421052634
0 0.79 0.43585526315789475 0.03777777777777778 0.044407894736842105
0 0.8044444444444444 0.5986842105263158 0.04111111111111111 0.047697368421052634
0 0.3672222222222222 0.43667763157894735 0.043333333333333335 0.05098684210526316
0 0.63 0.40131578947368424 0.04111111111111111 0.049342105263157895
0 0.8172222222222222 0.7631578947368421 0.042222222222222223 0.05263157894736842
0 0.09666666666666666 0.3519736842105263 0.04111111111111111 0.05098684210526316
0 0.595 0.6200657894736842 0.042222222222222223 0.05263157894736842
0 0.15388888888888888 0.4185855263157895 0.04111111111111111 0.047697368421052634
0 0.2577777777777778 0.38898026315789475 0.043333333333333335 0.05263157894736842
0 0.9088888888888889 0.6110197368421053 0.04111111111111111 0.047697368421052634
0 0.6922222222222222 0.5476973684210527 0.04111111111111111 0.047697368421052634
0 0.17166666666666666 0.6208881578947368 0.04111111111111111 0.046052631578947366
0 0.32222222222222224 0.5345394736842105 0.04 0.049342105263157895
0 0.10055555555555555 0.39555921052631576 0.04111111111111111 0.05098684210526316
0 0.195 0.28125 0.04111111111111111 0.047697368421052634
0 0.7455555555555555 0.5328947368421053 0.042222222222222223 0.044407894736842105
0 0.07166666666666667 0.6554276315789473 0.04111111111111111 0.047697368421052634
0 0.24444444444444444 0.8486842105263158 0.042222222222222223 0.05098684210526316
0 0.12277777777777778 0.6356907894736842 0.04111111111111111 0.05263157894736842
0 0.07388888888888889 0.694078947368421 0.04111111111111111 0.047697368421052634
0 0.775 0.2754934210526316 0.03888888888888889 0.047697368421052634
0 0.14777777777777779 0.3371710526315789 0.04 0.049342105263157895
0 0.25333333333333335 0.34457236842105265 0.043333333333333335 0.054276315789473686
0 0.14333333333333334 0.29276315789473684 0.04111111111111111 0.05592105263157895
0 0.39611111111111114 0.7615131578947368 0.044444444444444446 0.054276315789473686
0 0.34555555555555556 0.18832236842105263 0.044444444444444446 0.05756578947368421
0 0.25722222222222224 0.9712171052631579 0.043333333333333335 0.047697368421052634
0 0.7277777777777777 0.3305921052631579 0.04111111111111111 0.046052631578947366
0 0.8544444444444445 0.5855263157894737 0.04111111111111111 0.047697368421052634
0 0.37444444444444447 0.5197368421052632 0.04 0.047697368421052634
0 0.5127777777777778 0.27055921052631576 0.04111111111111111 0.049342105263157895
0 0.6866666666666666 0.4654605263157895 0.042222222222222223 0.05263157894736842
0 0.4738888888888889 0.44243421052631576 0.04888888888888889 0.05592105263157895
0 0.3638888888888889 0.3980263157894737 0.04111111111111111 0.049342105263157895
0 0.17888888888888888 0.6998355263157895 0.04111111111111111 0.049342105263157895
0 0.115 0.5567434210526315 0.042222222222222223 0.05263157894736842
0 0.8261111111111111 0.2582236842105263 0.04 0.046052631578947366
0 0.6533333333333333 0.6858552631578947 0.044444444444444446 0.05098684210526316
0 0.7016666666666667 0.6299342105263158 0.043333333333333335 0.054276315789473686
0 0.8583333333333333 0.6266447368421053 0.043333333333333335 0.05263157894736842
0 0.5644444444444444 0.2565789473684211 0.04111111111111111 0.049342105263157895
0 0.3972222222222222 0.17105263157894737 0.042222222222222223 0.05592105263157895
0 0.22055555555555556 0.5641447368421053 0.042222222222222223 0.05263157894736842
0 0.23333333333333334 0.7286184210526315 0.04111111111111111 0.05098684210526316
0 0.8716666666666667 0.16365131578947367 0.044444444444444446 0.05592105263157895
0 0.165 0.5386513157894737 0.043333333333333335 0.054276315789473686
0 0.85 0.5460526315789473 0.042222222222222223 0.05098684210526316
0 0.635 0.47944078947368424 0.042222222222222223 0.05098684210526316
0 0.1688888888888889 0.5814144736842105 0.04 0.05098684210526316
0 0.6161111111111112 0.24177631578947367 0.042222222222222223 0.05263157894736842
0 0.5622222222222222 0.21463815789473684 0.04 0.047697368421052634
0 0.5788888888888889 0.4185855263157895 0.043333333333333335 0.054276315789473686
0 0.5188888888888888 0.3536184210526316 0.04111111111111111 0.05098684210526316
0 0.4166666666666667 0.3807565789473684 0.04 0.047697368421052634
0 0.8194444444444444 0.17927631578947367 0.04111111111111111 0.054276315789473686
0 0.8477777777777777 0.5032894736842105 0.042222222222222223 0.05263157894736842
0 0.5755555555555556 0.3774671052631579 0.04111111111111111 0.049342105263157895
0 0.6794444444444444 0.3848684210526316 0.03888888888888889 0.049342105263157895
0 0.505 0.18914473684210525 0.04 0.047697368421052634
0 0.7933333333333333 0.4761513157894737 0.042222222222222223 0.05263157894736842
0 0.41055555555555556 0.9259868421052632 0.044444444444444446 0.05756578947368421
0 0.6183333333333333 0.28125 0.04 0.049342105263157895
0 0.31166666666666665 0.4120065789473684 0.03888888888888889 0.05098684210526316
0 0.585 0.4975328947368421 0.042222222222222223 0.05263157894736842
0 0.4127777777777778 0.34210526315789475 0.03888888888888889 0.049342105263157895
0 0.22722222222222221 0.6455592105263158 0.042222222222222223 0.05263157894736842
0 0.42055555555555557 0.421875 0.043333333333333335 0.054276315789473686
0 0.18722222222222223 0.7837171052631579 0.042222222222222223 0.049342105263157895
0 0.7383333333333333 0.45148026315789475 0.04111111111111111 0.049342105263157895
0 0.5577777777777778 0.17351973684210525 0.04111111111111111 0.049342105263157895
0 0.13277777777777777 0.759046052631579 0.042222222222222223 0.05098684210526316
0 0.5927777777777777 0.5797697368421053 0.04 0.049342105263157895
0 0.7316666666666667 0.37006578947368424 0.042222222222222223 0.05263157894736842
0 0.6727777777777778 0.3050986842105263 0.04111111111111111 0.05263157894736842
0 0.5155555555555555 0.31167763157894735 0.04 0.05098684210526316
0 0.7822222222222223 0.3569078947368421 0.042222222222222223 0.054276315789473686
0 0.6222222222222222 0.3215460526315789 0.04 0.049342105263157895
0 0.7255555555555555 0.2911184210526316 0.042222222222222223 0.05098684210526316
0 0.5716666666666667 0.3363486842105263 0.04111111111111111 0.05098684210526316
0 0.6972222222222222 0.5879934210526315 0.04111111111111111 0.05098684210526316
0 0.1827777777777778 0.740953947368421 0.043333333333333335 0.054276315789473686
0 0.7411111111111112 0.4942434210526316 0.043333333333333335 0.054276315789473686
0 0.6422222222222222 0.5641447368421053 0.042222222222222223 0.05263157894736842
0 0.6261111111111111 0.3618421052631579 0.04111111111111111 0.049342105263157895
0 0.6461111111111111 0.6060855263157895 0.042222222222222223 0.05263157894736842
0 0.6388888888888888 0.522203947368421 0.04111111111111111 0.05098684210526316
0 0.8922222222222222 0.40625 0.042222222222222223 0.046052631578947366
0 0.09444444444444444 0.9375 0.04111111111111111 0.047697368421052634
0 0.42277777777777775 0.4613486842105263 0.03666666666666667 0.04276315789473684
0 0.85 0.6710526315789473 0.025555555555555557 0.03782894736842105
0 0.39222222222222225 0.7203947368421053 0.04111111111111111 0.05098684210526316
0 0.4572222222222222 0.24177631578947367 0.05 0.05263157894736842
0 0.04611111111111111 0.3659539473684211 0.043333333333333335 0.05098684210526316
0 0.4061111111111111 0.884046052631579 0.04111111111111111 0.046052631578947366
0 0.09888888888888889 0.975328947368421 0.042222222222222223 0.044407894736842105
0 0.6583333333333333 0.14473684210526316 0.044444444444444446 0.05592105263157895
0 0.6022222222222222 0.7023026315789473 0.04 0.05098684210526316
0 0.6055555555555555 0.7401315789473685 0.04 0.046052631578947366
0 0.049444444444444444 0.4087171052631579 0.042222222222222223 0.05098684210526316
0 0.6088888888888889 0.7804276315789473 0.035555555555555556 0.049342105263157895
0 0.3988888888888889 0.8018092105263158 0.042222222222222223 0.046052631578947366
0 0.8588888888888889 0.7927631578947368 0.03111111111111111 0.04111842105263158
0 0.20166666666666666 0.36101973684210525 0.04 0.047697368421052634
0 0.8844444444444445 0.7845394736842105 0.03 0.04276315789473684
0 0.5983333333333334 0.6620065789473685 0.04111111111111111 0.05098684210526316
0 0.45222222222222225 0.17845394736842105 0.04777777777777778 0.047697368421052634
0 0.15055555555555555 0.9613486842105263 0.043333333333333335 0.054276315789473686
0 0.4494444444444444 0.14309210526315788 0.04888888888888889 0.046052631578947366
0 0.46 0.2738486842105263 0.05 0.04276315789473684
0 0.8816666666666667 0.743421052631579 0.02666666666666667 0.03453947368421053
0 0.45444444444444443 0.20888157894736842 0.05 0.04276315789473684
0 0.4672222222222222 0.33881578947368424 0.05 0.044407894736842105
0 0.8738888888888889 0.6636513157894737 0.025555555555555557 0.03618421052631579
0 0.47055555555555556 0.3692434210526316 0.05 0.05098684210526316
0 0.76 0.23684210526315788 0.02666666666666667 0.03782894736842105
0 0.8555555555555555 0.7516447368421053 0.03 0.044407894736842105
0 0.20666666666666667 0.40542763157894735 0.03888888888888889 0.04276315789473684
0 0.1361111111111111 0.7985197368421053 0.042222222222222223 0.05098684210526316
0 0.6544444444444445 0.09868421052631579 0.043333333333333335 0.05756578947368421
0 0.1527777777777778 0.9876644736842105 0.043333333333333335 0.018092105263157895
0 0.05277777777777778 0.44819078947368424 0.044444444444444446 0.05098684210526316
0 0.33111111111111113 0.6151315789473685 0.03888888888888889 0.044407894736842105
0 0.8527777777777777 0.7105263157894737 0.03 0.04276315789473684
0 0.3883333333333333 0.6800986842105263 0.042222222222222223 0.046052631578947366
0 0.785 0.23026315789473684 0.02666666666666667 0.03782894736842105
0 0.10833333333333334 0.4769736842105263 0.04111111111111111 0.047697368421052634
0 0.38555555555555554 0.6381578947368421 0.042222222222222223 0.054276315789473686
0 0.8788888888888889 0.7039473684210527 0.027777777777777776 0.039473684210526314
0 0.7522222222222222 0.615953947368421 0.042222222222222223 0.05263157894736842
0 0.09388888888888888 0.3092105263157895 0.043333333333333335 0.054276315789473686
0 0.6622222222222223 0.18585526315789475 0.03888888888888889 0.04276315789473684
0 0.92 0.7327302631578947 0.04111111111111111 0.046052631578947366
0 0.2238888888888889 0.6036184210526315 0.043333333333333335 0.05098684210526316
0 0.3522222222222222 0.859375 0.042222222222222223 0.05098684210526316
0 0.09166666666666666 0.8955592105263158 0.043333333333333335 0.05263157894736842
0 0.34944444444444445 0.8182565789473685 0.04111111111111111 0.047697368421052634
0 0.43333333333333335 0.5814144736842105 0.03666666666666667 0.049342105263157895
0 0.35555555555555557 0.899671052631579 0.042222222222222223 0.05098684210526316
0 0.8877777777777778 0.3659539473684211 0.042222222222222223 0.05263157894736842
0 0.32611111111111113 0.5756578947368421 0.04111111111111111 0.054276315789473686
0 0.8744444444444445 0.203125 0.042222222222222223 0.049342105263157895
0 0.08444444444444445 0.8149671052631579 0.043333333333333335 0.049342105263157895
0 0.105 0.4375 0.042222222222222223 0.05263157894736842
0 0.14333333333333334 0.8799342105263158 0.04111111111111111 0.047697368421052634
0 0.33444444444444443 0.6521381578947368 0.03888888888888889 0.047697368421052634
0 0.041666666666666664 0.32319078947368424 0.043333333333333335 0.054276315789473686
0 0.23055555555555557 0.6866776315789473 0.03888888888888889 0.044407894736842105
0 0.7572222222222222 0.19490131578947367 0.02666666666666667 0.04276315789473684
0 0.11777777777777777 0.5953947368421053 0.04 0.046052631578947366
0 0.07722222222222222 0.7319078947368421 0.04111111111111111 0.049342105263157895
0 0.05722222222222222 0.4876644736842105 0.04111111111111111 0.047697368421052634
0 0.5133333333333333 0.7327302631578947 0.024444444444444446 0.019736842105263157
0 0.35888888888888887 0.9416118421052632 0.044444444444444446 0.05756578947368421
0 0.9116666666666666 0.6504934210526315 0.04 0.049342105263157895
0 0.7805555555555556 0.18667763157894737 0.027777777777777776 0.04111842105263158
0 0.895 0.4457236842105263 0.04 0.047697368421052634
0 0.1622222222222222 0.49835526315789475 0.04111111111111111 0.046052631578947366
0 0.11166666666666666 0.515625 0.04111111111111111 0.047697368421052634
0 0.46444444444444444 0.3059210526315789 0.04888888888888889 0.049342105263157895
0 0.1388888888888889 0.8404605263157895 0.042222222222222223 0.05263157894736842
0 0.4033333333333333 0.8412828947368421 0.044444444444444446 0.05592105263157895