0 0.708 0.80859375 0.04 0.0421875
0 0.8093333333333333 0.74375 0.04133333333333333 0.0453125
0 0.898 0.57578125 0.04 0.0453125
0 0.47333333333333333 0.23046875 0.037333333333333336 0.0421875
0 0.348 0.82890625 0.042666666666666665 0.0453125
0 0.894 0.54140625 0.04 0.0421875
0 0.48933333333333334 0.646875 0.036 0.040625
0 0.122 0.44140625 0.04 0.0453125
0 0.4653333333333333 0.16640625 0.03333333333333333 0.0328125
0 0.872 0.4 0.037333333333333336 0.040625
0 0.6546666666666666 0.81875 0.04 0.0421875
0 0.702 0.77421875 0.03866666666666667 0.046875
0 0.3586666666666667 0.89765625 0.04133333333333333 0.0453125
0 0.6833333333333333 0.6328125 0.04 0.046875
0 0.6633333333333333 0.49140625 0.03866666666666667 0.040625
0 0.4073333333333333 0.84921875 0.03866666666666667 0.0421875
0 0.4026666666666667 0.81328125 0.03866666666666667 0.0421875
0 0.468 0.87109375 0.04 0.0453125
0 0.5246666666666666 0.2671875 0.03866666666666667 0.046875
0 0.8586666666666667 0.29375 0.037333333333333336 0.046875
0 0.596 0.8015625 0.03866666666666667 0.0453125
0 0.7453333333333333 0.2859375 0.036 0.0421875
0 0.6266666666666667 0.240625 0.04 0.05
0 0.5153333333333333 0.821875 0.03866666666666667 0.0453125
0 0.322 0.65078125 0.036 0.04375
0 0.7426666666666667 0.653125 0.04 0.0421875
0 0.8673333333333333 0.36484375 0.03866666666666667 0.04375
0 0.172 0.3890625 0.042666666666666665 0.05
0 0.5773333333333334 0.65859375 0.042666666666666665 0.0484375
0 0.7566666666666667 0.75859375 0.04 0.046875
0 0.4633333333333333 0.8359375 0.037333333333333336 0.04375
0 0.8206666666666667 0.4140625 0.037333333333333336 0.0421875
0 0.38666666666666666 0.3 0.037333333333333336 0.046875
0 0.22066666666666668 0.340625 0.037333333333333336 0.046875
0 0.30333333333333334 0.509375 0.03866666666666667 0.0453125
0 0.6393333333333333 0.715625 0.04 0.040625
0 0.298 0.8765625 0.03866666666666667 0.04375
0 0.262 0.63046875 0.04133333333333333 0.04375
0 0.32666666666666666 0.68671875 0.03866666666666667 0.04375
0 0.648 0.784375 0.04 0.046875
0 0.388 0.7078125 0.04133333333333333 0.0453125
0 0.132 0.5171875 0.03866666666666667 0.04375
0 0.18133333333333335 0.46328125 0.04 0.0515625
0 0.11133333333333334 0.36953125 0.04 0.0453125
0 0.8446666666666667 0.590625 0.03866666666666667 0.04375
0 0.776 0.4984375 0.03866666666666667 0.0421875
0 0.22666666666666666 0.37734375 0.03866666666666667 0.0421875
0 0.5873333333333334 0.73046875 0.037333333333333336 0.0453125
0 0.572 0.621875 0.03866666666666667 0.0421875
0 0.724 0.5140625 0.04133333333333333 0.0453125
0 0.8433333333333334 0.18515625 0.037333333333333336 0.04375
0 0.198 0.571875 0.042666666666666665 0.046875
0 0.51 0.78828125 0.03866666666666667 0.04375
0 0.8006666666666666 0.675 0.04133333333333333 0.0453125
0 0.7466666666666667 0.68984375 0.03866666666666667 0.04375
0 0.2786666666666667 0.734375 0.03866666666666667 0.04375
0 0.6093333333333333 0.50234375 0.03866666666666667 0.0421875
0 0.36333333333333334 0.53046875 0.04 0.0484375
0 0.5753333333333334 0.25234375 0.037333333333333336 0.04375
0 0.12733333333333333 0.47890625 0.044 0.0484375
0 0.8153333333333334 0.37734375 0.04 0.0453125
0 0.13666666666666666 0.55390625 0.04133333333333333 0.05
0 0.79 0.2 0.04 0.0484375
0 0.5573333333333333 0.51796875 0.037333333333333336 0.0421875
0 0.294 0.43828125 0.04133333333333333 0.046875
0 0.43733333333333335 0.6609375 0.04 0.04375
0 0.3433333333333333 0.79453125 0.04133333333333333 0.0453125
0 0.3933333333333333 0.74375 0.04 0.046875
0 0.84 0.55546875 0.04 0.0453125
0 0.332 0.31328125 0.037333333333333336 0.0453125
0 0.7673333333333333 0.42890625 0.03866666666666667 0.04375
0 0.648 0.3828125 0.04 0.0453125
0 0.772 0.46328125 0.04 0.0453125
0 0.5673333333333334 0.5875 0.04 0.046875
0 0.59 0.3625 0.036 0.0421875
0 0.5053333333333333 0.7515625 0.03866666666666667 0.0453125
0 0.7273333333333334 0.55 0.04 0.0453125
0 0.6866666666666666 0.2625 0.04 0.04375
0 0.5953333333333334 0.39765625 0.03866666666666667 0.046875
0 0.6326666666666667 0.27734375 0.04 0.046875
0 0.7013333333333334 0.3703125 0.03866666666666667 0.0421875
0 0.4846666666666667 0.61171875 0.03866666666666667 0.04375
0 0.6926666666666667 0.70390625 0.04 0.046875
0 0.41733333333333333 0.51640625 0.04133333333333333 0.046875
0 0.6926666666666667 0.30078125 0.03866666666666667 0.04375
0 0.454 0.39609375 0.04 0.0484375
0 0.428 0.5875 0.04133333333333333 0.0453125
0 0.24733333333333332 0.525 0.04 0.046875
0 0.47933333333333333 0.57734375 0.03866666666666667 0.04375
0 0.338 0.35078125 0.04 0.046875
0 0.28733333333333333 0.40234375 0.03866666666666667 0.04375
0 0.4746666666666667 0.540625 0.03866666666666667 0.046875
0 0.268 0.665625 0.04 0.046875
0 0.368 0.5671875 0.037333333333333336 0.0453125
0 0.6 0.434375 0.04 0.046875
0 0.2833333333333333 0.77109375 0.04133333333333333 0.05
0 0.7073333333333334 0.4046875 0.04 0.04375
0 0.5473333333333333 0.44765625 0.03866666666666667 0.0453125
0 0.5273333333333333 0.30390625 0.037333333333333336 0.0453125
0 0.8046666666666666 0.30859375 0.04 0.0421875
0 0.7566666666666667 0.3578125 0.04 0.0453125
0 0.46 0.4328125 0.03866666666666667 0.04375
0 0.454 0.765625 0.04133333333333333 0.046875
0 0.6353333333333333 0.6828125 0.04133333333333333 0.046875
0 0.4493333333333333 0.359375 0.03866666666666667 0.04375
0 0.6246666666666667 0.609375 0.04133333333333333 0.046875
0 0.444 0.325 0.037333333333333336 0.04375
0 0.718 0.478125 0.04 0.04375
0 0.4066666666666667 0.446875 0.04 0.04375
0 0.3426666666666667 0.3890625 0.03866666666666667 0.046875
0 0.7866666666666666 0.5703125 0.042666666666666665 0.0484375
0 0.43933333333333335 0.28671875 0.04133333333333333 0.0484375
0 0.7126666666666667 0.4421875 0.04133333333333333 0.0484375
0 0.6586666666666666 0.45625 0.03866666666666667 0.0453125
0 0.5793333333333334 0.28984375 0.03866666666666667 0.046875
0 0.398 0.3734375 0.03866666666666667 0.0453125
0 0.5526666666666666 0.4828125 0.04 0.04375
0 0.2773333333333333 0.3265625 0.04 0.0484375
0 0.6533333333333333 0.4203125 0.04 0.0453125
0 0.5333333333333333 0.34140625 0.03866666666666667 0.0484375
0 0.5853333333333334 0.32734375 0.03866666666666667 0.046875
0 0.5426666666666666 0.41171875 0.03866666666666667 0.0453125
0 0.8773333333333333 0.43359375 0.03866666666666667 0.046875
0 0.644 0.74921875 0.03866666666666667 0.0453125
0 0.7326666666666667 0.58359375 0.037333333333333336 0.04375
0 0.8826666666666667 0.47109375 0.04133333333333333 0.0453125
0 0.562 0.55234375 0.036 0.0421875
0 0.5813333333333334 0.69609375 0.03866666666666667 0.04375
0 0.2966666666666667 0.475 0.04 0.0453125
0 0.242 0.48828125 0.04 0.046875
0 0.8633333333333333 0.3296875 0.04 0.0421875
0 0.458 0.80234375 0.04 0.0453125
0 0.20333333333333334 0.60703125 0.04 0.0453125
0 0.414 0.88515625 0.042666666666666665 0.0484375
0 0.762 0.39375 0.04 0.04375
0 0.38133333333333336 0.67421875 0.03866666666666667 0.04375
0 0.83 0.484375 0.03866666666666667 0.04375
0 0.338 0.75625 0.04133333333333333 0.046875
0 0.23066666666666666 0.41328125 0.04 0.046875
0 0.8106666666666666 0.34375 0.037333333333333336 0.0453125
0 0.888 0.50703125 0.04 0.04375
0 0.2886666666666667 0.809375 0.04 0.04375
0 0.25333333333333335 0.5609375 0.04133333333333333 0.046875
0 0.6733333333333333 0.5625 0.037333333333333336 0.0421875
0 0.4633333333333333 0.46875 0.03866666666666667 0.04375
0 0.19266666666666668 0.53515625 0.04 0.0453125
0 0.282 0.36484375 0.03866666666666667 0.046875
0 0.6186666666666667 0.5734375 0.037333333333333336 0.040625
0 0.444 0.696875 0.04133333333333333 0.0453125
0 0.304 0.9125 0.04133333333333333 0.0484375
0 0.25733333333333336 0.59609375 0.04 0.0453125
0 0.16666666666666666 0.35390625 0.04133333333333333 0.04375
0 0.6293333333333333 0.64609375 0.04 0.0453125
0 0.18733333333333332 0.50234375 0.03866666666666667 0.0421875
0 0.31266666666666665 0.5828125 0.04133333333333333 0.046875
0 0.37666666666666665 0.6390625 0.03866666666666667 0.0421875
0 0.35733333333333334 0.49453125 0.04 0.04375
0 0.4226666666666667 0.553125 0.03866666666666667 0.0453125
0 0.7993333333333333 0.27265625 0.04133333333333333 0.04375
0 0.6366666666666667 0.315625 0.037333333333333336 0.04375
0 0.6793333333333333 0.59609375 0.04133333333333333 0.046875
0 0.20866666666666667 0.64609375 0.042666666666666665 0.0484375
0 0.7506666666666667 0.32109375 0.03866666666666667 0.0453125
0 0.7946666666666666 0.23671875 0.04 0.0453125
0 0.8246666666666667 0.44921875 0.04 0.0453125
0 0.37266666666666665 0.60234375 0.03866666666666667 0.0453125
0 0.836 0.51953125 0.03866666666666667 0.0453125
0 0.5 0.7171875 0.03866666666666667 0.0453125
0 0.4726666666666667 0.21171875 0.028 0.0125
0 0.43266666666666664 0.625 0.04 0.0453125
0 0.538 0.378125 0.037333333333333336 0.040625
0 0.7913333333333333 0.60859375 0.03866666666666667 0.04375
0 0.6966666666666667 0.3359375 0.03866666666666667 0.046875
0 0.3973333333333333 0.78125 0.03866666666666667 0.04375
0 0.7413333333333333 0.24921875 0.03866666666666667 0.0453125
0 0.4693333333333333 0.50234375 0.04 0.0453125
0 0.6686666666666666 0.52578125 0.04133333333333333 0.046875
0 0.6146666666666667 0.53828125 0.03866666666666667 0.046875
0 0.6066666666666667 0.46953125 0.04 0.0421875
0 0.39266666666666666 0.3375 0.04 0.0453125
0 0.4126666666666667 0.48125 0.03866666666666667 0.0453125
0 0.49266666666666664 0.36328125 0.025333333333333333 0.025
0 0.488 0.33359375 0.036 0.0421875
0 0.49466666666666664 0.38515625 0.032 0.03125
0 0.29333333333333333 0.84140625 0.04133333333333333 0.04375
0 0.5506666666666666 0.73984375 0.024 0.034375
0 0.7513333333333333 0.72265625 0.037333333333333336 0.0421875
0 0.736 0.21484375 0.036 0.040625
0 0.11666666666666667 0.40546875 0.04 0.04375
0 0.9186666666666666 0.7171875 0.042666666666666665 0.04375
0 0.9133333333333333 0.68515625 0.04 0.0421875
0 0.23733333333333334 0.45078125 0.04 0.0484375
0 0.9226666666666666 0.7515625 0.04133333333333333 0.04375
0 0.7366666666666667 0.61953125 0.04133333333333333 0.046875
0 0.8533333333333334 0.2578125 0.036 0.04375
0 0.6006666666666667 0.8359375 0.03866666666666667 0.0421875
0 0.642 0.346875 0.036 0.0390625
0 0.5913333333333334 0.765625 0.037333333333333336 0.0453125
0 0.9086666666666666 0.65 0.04 0.046875
0 0.6826666666666666 0.2265625 0.037333333333333336 0.0421875
0 0.17666666666666667 0.425 0.036 0.040625
0 0.10533333333333333 0.334375 0.04133333333333333 0.0453125
0 0.102 0.2984375 0.03866666666666667 0.046875
0 0.4693333333333333 0.19375 0.03333333333333333 0.0359375
0 0.8166666666666667 0.77890625 0.03866666666666667 0.04375
0 0.31866666666666665 0.6171875 0.04 0.040625
0 0.846 0.22265625 0.036 0.0453125
0 0.4766666666666667 0.2609375 0.03333333333333333 0.0375
0 0.8493333333333334 0.6265625 0.03866666666666667 0.046875
0 0.52 0.85703125 0.03866666666666667 0.04375
0 0.49466666666666664 0.68125 0.036 0.04375
0 0.6986666666666667 0.7390625 0.03866666666666667 0.040625
0 0.2733333333333333 0.7 0.037333333333333336 0.040625
0 0.904 0.6140625 0.042666666666666665 0.05
0 0.308 0.5453125 0.03866666666666667 0.046875
0 0.35333333333333333 0.8640625 0.03866666666666667 0.040625
0 0.332 0.7203125 0.04 0.04375
0 0.8053333333333333 0.709375 0.04 0.0421875
0 0.348 0.42421875 0.03866666666666667 0.04375
0 0.7626666666666667 0.7953125 0.04133333333333333 0.04375
0 0.44733333333333336 0.73203125 0.03866666666666667 0.0421875
0 0.3526666666666667 0.46015625 0.03866666666666667 0.0421875
0 0.7953333333333333 0.640625 0.03866666666666667 0.0421875
0 0.7813333333333333 0.53203125 0.03866666666666667 0.0453125
0 0.6886666666666666 0.66875 0.037333333333333336 0.04375
0 0.7293333333333333 0.1765625 0.03866666666666667 0.05
0 0.4026666666666667 0.41015625 0.04 0.046875