0 0.6555555555555556 0.2981878088962109 0.03666666666666667 0.04612850082372323
0 0.4633333333333333 0.6762767710049423 0.035555555555555556 0.047775947281713346
0 0.6555555555555556 0.3393739703459638 0.035555555555555556 0.039538714991762765
0 0.5005555555555555 0.19110378912685339 0.044444444444444446 0.03789126853377265
0 0.5 0.1556836902800659 0.04888888888888889 0.03789126853377265
0 0.6538888888888889 0.25617792421746294 0.035555555555555556 0.03789126853377265
0 0.8088888888888889 0.2528830313014827 0.034444444444444444 0.03789126853377265
0 0.8111111111111111 0.33525535420098845 0.03666666666666667 0.03459637561779242
0 0.505 0.3237232289950577 0.043333333333333335 0.039538714991762765
0 0.5016666666666667 0.2586490939044481 0.044444444444444446 0.03789126853377265
0 0.5077777777777778 0.3904448105436573 0.044444444444444446 0.032948929159802305
0 0.5016666666666667 0.22652388797364087 0.04555555555555556 0.032948929159802305
0 0.76 0.3393739703459638 0.034444444444444444 0.03459637561779242
0 0.5116666666666667 0.542833607907743 0.03333333333333333 0.03789126853377265
0 0.5072222222222222 0.36079077429983525 0.042222222222222223 0.032948929159802305
0 0.53 0.7611202635914333 0.022222222222222223 0.023064250411861616
0 0.605 0.342668863261944 0.034444444444444444 0.04118616144975288
0 0.5033333333333333 0.29242174629324547 0.04111111111111111 0.032948929159802305
0 0.5105555555555555 0.5041186161449753 0.04 0.042833607907743
0 0.5655555555555556 0.6729818780889621 0.034444444444444444 0.04612850082372323
0 0.6572222222222223 0.38220757825370677 0.03666666666666667 0.04612850082372323
0 0.8116666666666666 0.37644151565074135 0.03666666666666667 0.047775947281713346
0 0.5094444444444445 0.4612850082372323 0.042222222222222223 0.04612850082372323
0 0.7061111111111111 0.29654036243822074 0.035555555555555556 0.04942339373970346
0 0.7588888888888888 0.2990115321252059 0.03222222222222222 0.04118616144975288
0 0.6516666666666666 0.2116968698517298 0.03666666666666667 0.054365733113673806
0 0.5294444444444445 0.7405271828665568 0.023333333333333334 0.02471169686985173
0 0.9138888888888889 0.3344316309719934 0.035555555555555556 0.02800658978583196
0 0.4627777777777778 0.6309719934102141 0.035555555555555556 0.04942339373970346
0 0.5627777777777778 0.6268533772652389 0.035555555555555556 0.04942339373970346
0 0.6044444444444445 0.30065897858319607 0.03222222222222222 0.04118616144975288
0 0.4538888888888889 0.34596375617792424 0.03666666666666667 0.04612850082372323
0 0.7577777777777778 0.25370675453047775 0.03666666666666667 0.047775947281713346
0 0.9105555555555556 0.2504118616144975 0.03888888888888889 0.047775947281713346
0 0.7166666666666667 0.6243822075782537 0.03666666666666667 0.04942339373970346
0 0.7072222222222222 0.3443163097199341 0.03777777777777778 0.04942339373970346
0 0.9122222222222223 0.29654036243822074 0.03333333333333333 0.044481054365733116
0 0.4533333333333333 0.29983525535420097 0.03222222222222222 0.044481054365733116
0 0.6033333333333334 0.25617792421746294 0.034444444444444444 0.04612850082372323
0 0.5516666666666666 0.29736408566721584 0.035555555555555556 0.047775947281713346
0 0.72 0.6688632619439868 0.03888888888888889 0.044481054365733116
0 0.8616666666666667 0.3385502471169687 0.03666666666666667 0.044481054365733116
0 0.7227777777777777 0.7512355848434926 0.03777777777777778 0.047775947281713346
0 0.8605555555555555 0.2940691927512356 0.035555555555555556 0.051070840197693576
0 0.7205555555555555 0.7108731466227347 0.035555555555555556 0.042833607907743
0 0.5527777777777778 0.3418451400329489 0.03222222222222222 0.042833607907743
0 0.8088888888888889 0.29489291598023065 0.03777777777777778 0.04612850082372323
0 0.8066666666666666 0.20757825370675453 0.03666666666666667 0.05601317957166392