0 0.265625 0.22626582278481014 0.02125 0.03164556962025317
0 0.663125 0.5981012658227848 0.03375 0.03164556962025317
0 0.55375 0.46914556962025317 0.0325 0.03322784810126582
0 0.278125 0.625 0.02875 0.03481012658227848
0 0.2225 0.5941455696202531 0.035 0.03322784810126582
0 0.38875 0.49920886075949367 0.0325 0.030063291139240507
0 0.55375 0.43829113924050633 0.0325 0.03164556962025317
0 0.663125 0.5664556962025317 0.03375 0.03164556962025317
0 0.609375 0.40822784810126583 0.03375 0.03164556962025317
0 0.1125 0.8813291139240507 0.0375 0.03481012658227848
0 0.775 0.5348101265822784 0.035 0.03164556962025317
0 0.210625 0.2602848101265823 0.02375 0.030063291139240507
0 0.66375 0.502373417721519 0.0325 0.030063291139240507
0 0.71875 0.5031645569620253 0.0325 0.03164556962025317
0 0.445625 0.43829113924050633 0.03125 0.03164556962025317
0 0.663125 0.8837025316455697 0.03625 0.03639240506329114
0 0.223125 0.6906645569620253 0.03375 0.03322784810126582
0 0.26625 0.2950949367088608 0.025 0.030063291139240507
0 0.77375 0.5031645569620253 0.0325 0.03164556962025317
0 0.553125 0.5015822784810127 0.03375 0.03164556962025317
0 0.551875 0.37341772151898733 0.03375 0.03481012658227848
0 0.609375 0.6930379746835443 0.03625 0.03481012658227848
0 0.388125 0.5324367088607594 0.03125 0.03322784810126582
0 0.553125 0.6598101265822784 0.03375 0.03481012658227848
0 0.6625 0.7563291139240507 0.035 0.03164556962025317
0 0.609375 0.43908227848101267 0.03625 0.030063291139240507
0 0.265 0.19224683544303797 0.025 0.030063291139240507
0 0.210625 0.29667721518987344 0.02375 0.03322784810126582
0 0.278125 0.40427215189873417 0.03625 0.03639240506329114
0 0.71875 0.5348101265822784 0.0325 0.03164556962025317
0 0.828125 0.37420886075949367 0.03375 0.03639240506329114
0 0.551875 0.6281645569620253 0.03375 0.03164556962025317
0 0.71875 0.7563291139240507 0.035 0.03481012658227848
0 0.61 0.47072784810126583 0.035 0.03322784810126582
0 0.5525 0.5656645569620253 0.0325 0.03322784810126582
0 0.663125 0.37579113924050633 0.03375 0.03639240506329114
0 0.718125 0.37341772151898733 0.03375 0.03481012658227848
0 0.663125 0.47072784810126583 0.03375 0.03322784810126582
0 0.719375 0.567246835443038 0.03375 0.03322784810126582
0 0.333125 0.4375 0.03625 0.03639240506329114
0 0.774375 0.40822784810126583 0.03375 0.03481012658227848
0 0.445 0.4699367088607595 0.0325 0.03164556962025317
0 0.553125 0.5340189873417721 0.03125 0.03322784810126582
0 0.223125 0.4026898734177215 0.03625 0.03639240506329114
0 0.5525 0.5973101265822784 0.035 0.030063291139240507
0 0.719375 0.6930379746835443 0.03625 0.03481012658227848
0 0.444375 0.627373417721519 0.03375 0.02689873417721519
0 0.111875 0.8164556962025317 0.03375 0.028481012658227847
0 0.87125 0.7539556962025317 0.02 0.023734177215189875
0 0.829375 0.47072784810126583 0.03375 0.03322784810126582
0 0.1125 0.6566455696202531 0.035 0.03164556962025317
0 0.29375 0.15664556962025317 0.02 0.02531645569620253
0 0.883125 0.8204113924050633 0.03375 0.03322784810126582
0 0.1825 0.15585443037974683 0.0225 0.030063291139240507
0 0.5525 0.8528481012658228 0.0325 0.03164556962025317
0 0.126875 0.15348101265822786 0.02125 0.028481012658227847
0 0.663125 0.8504746835443038 0.03375 0.030063291139240507
0 0.60875 0.5031645569620253 0.03 0.03164556962025317
0 0.27875 0.5609177215189873 0.035 0.03322784810126582
0 0.183125 0.22626582278481014 0.02375 0.028481012658227847
0 0.60875 0.6613924050632911 0.035 0.028481012658227847
0 0.55375 0.8829113924050633 0.035 0.03481012658227848
0 0.44375 0.7555379746835443 0.0325 0.030063291139240507
0 0.111875 0.370253164556962 0.03125 0.03164556962025317
0 0.099375 0.1518987341772152 0.02375 0.03164556962025317
0 0.883125 0.8528481012658228 0.03625 0.03481012658227848
0 0.126875 0.2587025316455696 0.02375 0.02689873417721519
0 0.884375 0.7254746835443038 0.03625 0.03322784810126582
0 0.775 0.7863924050632911 0.035 0.03164556962025317
0 0.1125 0.7531645569620253 0.035 0.03164556962025317
0 0.3325 0.6890822784810127 0.0325 0.030063291139240507
0 0.183125 0.29430379746835444 0.02125 0.02531645569620253
0 0.278125 0.6582278481012658 0.03125 0.03164556962025317
0 0.29375 0.2610759493670886 0.02 0.02531645569620253
0 0.111875 0.7848101265822784 0.03625 0.03481012658227848
0 0.55375 0.7871835443037974 0.0325 0.03322784810126582
0 0.774375 0.629746835443038 0.03625 0.03164556962025317
0 0.1125 0.5300632911392406 0.0325 0.03164556962025317
0 0.884375 0.6289556962025317 0.03625 0.03322784810126582
0 0.11125 0.49841772151898733 0.035 0.03164556962025317
0 0.44375 0.6590189873417721 0.035 0.03322784810126582
0 0.83 0.884493670886076 0.035 0.03164556962025317
0 0.183125 0.1906645569620253 0.02125 0.02689873417721519
0 0.829375 0.7863924050632911 0.03375 0.03164556962025317
0 0.830625 0.439873417721519 0.03125 0.03164556962025317
0 0.606875 0.7531645569620253 0.03625 0.0379746835443038
0 0.441875 0.819620253164557 0.03375 0.03481012658227848
0 0.293125 0.22705696202531644 0.02125 0.03322784810126582
0 0.349375 0.22705696202531644 0.02375 0.030063291139240507
0 0.829375 0.7231012658227848 0.03375 0.03164556962025317
0 0.389375 0.5917721518987342 0.03375 0.02531645569620253
0 0.098125 0.29430379746835444 0.02375 0.03164556962025317
0 0.154375 0.29430379746835444 0.02375 0.028481012658227847
0 0.885 0.5680379746835443 0.035 0.03164556962025317
0 0.278125 0.6890822784810127 0.03625 0.03322784810126582
0 0.12625 0.18908227848101267 0.0225 0.030063291139240507
0 0.4425 0.7238924050632911 0.0325 0.03322784810126582
0 0.278125 0.8504746835443038 0.03625 0.03322784810126582
0 0.34875 0.2610759493670886 0.025 0.03164556962025317
0 0.27875 0.4675632911392405 0.035 0.03322784810126582
0 0.774375 0.47072784810126583 0.03375 0.03322784810126582
0 0.333125 0.5957278481012658 0.03375 0.03322784810126582
0 0.884375 0.37579113924050633 0.03375 0.03639240506329114
0 0.349375 0.19145569620253164 0.02625 0.03164556962025317
0 0.111875 0.43433544303797467 0.03625 0.03322784810126582
0 0.66375 0.692246835443038 0.035 0.03322784810126582
0 0.1675 0.4050632911392405 0.035 0.03481012658227848
0 0.21 0.19224683544303797 0.0225 0.030063291139240507
0 0.663125 0.7871835443037974 0.03375 0.03322784810126582
0 0.66375 0.7246835443037974 0.035 0.03164556962025317
0 0.663125 0.43908227848101267 0.03375 0.030063291139240507
0 0.608125 0.5664556962025317 0.03375 0.03481012658227848
0 0.238125 0.19145569620253164 0.02375 0.03164556962025317
0 0.1675 0.3401898734177215 0.0375 0.03481012658227848
0 0.21125 0.22705696202531644 0.0225 0.03322784810126582
0 0.664375 0.5340189873417721 0.03375 0.03322784810126582
0 0.499375 0.33939873417721517 0.03375 0.030063291139240507
0 0.511875 0.6028481012658228 0.02125 0.022151898734177215
0 0.513125 0.6234177215189873 0.02125 0.0189873417721519
0 0.500625 0.5332278481012658 0.03375 0.022151898734177215
0 0.500625 0.41218354430379744 0.035 0.015822784810126583
0 0.5 0.44699367088607594 0.0325 0.01740506329113924
0 0.500625 0.3694620253164557 0.03375 0.030063291139240507
0 0.499375 0.3939873417721519 0.03625 0.020569620253164556
0 0.511875 0.8829113924050633 0.02 0.023734177215189875
0 0.500625 0.5498417721518988 0.02875 0.007911392405063292
0 0.500625 0.46360759493670883 0.0325 0.01740506329113924
0 0.499375 0.4295886075949367 0.0325 0.0189873417721519
0 0.333125 0.5292721518987342 0.03375 0.03322784810126582
0 0.896875 0.7863924050632911 0.02375 0.03164556962025317
0 0.443125 0.7863924050632911 0.03125 0.03164556962025317
0 0.511875 0.5806962025316456 0.02125 0.022151898734177215
0 0.27875 0.5933544303797469 0.0275 0.02531645569620253
0 0.883125 0.8829113924050633 0.03625 0.03481012658227848
0 0.871875 0.7848101265822784 0.02125 0.02531645569620253
0 0.155 0.1550632911392405 0.0225 0.028481012658227847
0 0.3875 0.8204113924050633 0.0325 0.030063291139240507
0 0.608125 0.8512658227848101 0.03625 0.03164556962025317
0 0.111875 0.6875 0.03375 0.030063291139240507
0 0.278125 0.5284810126582279 0.03625 0.028481012658227847
0 0.211875 0.15664556962025317 0.02125 0.02531645569620253
0 0.608125 0.7254746835443038 0.03375 0.02689873417721519
0 0.5 0.509493670886076 0.0325 0.02531645569620253
0 0.50125 0.7935126582278481 0.03 0.023734177215189875
0 0.898125 0.7539556962025317 0.02125 0.02689873417721519
0 0.60875 0.5340189873417721 0.03 0.030063291139240507
0 0.510625 0.8568037974683544 0.02125 0.023734177215189875
0 0.5125 0.6637658227848101 0.02 0.023734177215189875
0 0.333125 0.5545886075949367 0.03875 0.0490506329113924
0 0.82875 0.6305379746835443 0.0325 0.030063291139240507
0 0.386875 0.7879746835443038 0.03375 0.03164556962025317
0 0.5125 0.6424050632911392 0.02 0.0189873417721519
0 0.279375 0.5007911392405063 0.03625 0.03322784810126582
0 0.83 0.5988924050632911 0.035 0.03322784810126582
0 0.3325 0.6574367088607594 0.0325 0.03322784810126582
0 0.09875 0.18829113924050633 0.0225 0.028481012658227847
0 0.2225 0.8488924050632911 0.0325 0.030063291139240507
0 0.22375 0.435126582278481 0.0325 0.028481012658227847
0 0.608125 0.8204113924050633 0.03625 0.03322784810126582
0 0.82875 0.692246835443038 0.0325 0.030063291139240507
0 0.099375 0.22389240506329114 0.02375 0.030063291139240507
0 0.11375 0.6257911392405063 0.035 0.03322784810126582
0 0.884375 0.47072784810126583 0.03375 0.030063291139240507
0 0.88375 0.44066455696202533 0.035 0.03322784810126582
0 0.77375 0.7555379746835443 0.035 0.03322784810126582
0 0.774375 0.8829113924050633 0.03375 0.03164556962025317
0 0.238125 0.2958860759493671 0.02125 0.028481012658227847
0 0.333125 0.8829113924050633 0.03375 0.03164556962025317
0 0.389375 0.43591772151898733 0.03125 0.030063291139240507
0 0.386875 0.8829113924050633 0.03125 0.03164556962025317
0 0.125625 0.29430379746835444 0.02375 0.03164556962025317
0 0.098125 0.25949367088607594 0.02375 0.03481012658227848
0 0.60875 0.6313291139240507 0.0375 0.03481012658227848
0 0.885 0.5981012658227848 0.035 0.03164556962025317
0 0.2775 0.7223101265822784 0.035 0.03322784810126582
0 0.278125 0.43670886075949367 0.03375 0.03164556962025317
0 0.3325 0.627373417721519 0.0325 0.030063291139240507
0 0.71875 0.7887658227848101 0.035 0.030063291139240507
0 0.3875 0.7555379746835443 0.035 0.03322784810126582
0 0.111875 0.5625 0.03375 0.03322784810126582
0 0.32125 0.22626582278481014 0.0225 0.03164556962025317
0 0.389375 0.40189873417721517 0.03125 0.03481012658227848
0 0.23875 0.1574367088607595 0.025 0.030063291139240507
0 0.3875 0.8504746835443038 0.035 0.030063291139240507
0 0.126875 0.22468354430379747 0.02375 0.03164556962025317
0 0.71875 0.6281645569620253 0.0325 0.03164556962025317
0 0.2225 0.7863924050632911 0.035 0.03164556962025317
0 0.276875 0.7563291139240507 0.03375 0.03164556962025317
0 0.2225 0.879746835443038 0.035 0.03164556962025317
0 0.388125 0.6606012658227848 0.03625 0.03322784810126582
0 0.71875 0.819620253164557 0.035 0.03164556962025317
0 0.553125 0.821993670886076 0.03375 0.03322784810126582
0 0.221875 0.49841772151898733 0.03375 0.03164556962025317
0 0.445 0.5007911392405063 0.0325 0.030063291139240507
0 0.11375 0.5933544303797469 0.035 0.03164556962025317
0 0.82875 0.6606012658227848 0.0325 0.03322784810126582
0 0.168125 0.372626582278481 0.03375 0.030063291139240507
0 0.11125 0.8481012658227848 0.035 0.03164556962025317
0 0.719375 0.5981012658227848 0.03375 0.028481012658227847
0 0.333125 0.7539556962025317 0.03375 0.03322784810126582
0 0.155 0.18908227848101267 0.0225 0.030063291139240507
0 0.3325 0.5 0.035 0.03164556962025317
0 0.38875 0.5640822784810127 0.0325 0.030063291139240507
0 0.2225 0.5625 0.0325 0.030063291139240507
0 0.32125 0.2958860759493671 0.0225 0.028481012658227847
0 0.718125 0.8520569620253164 0.03375 0.030063291139240507
0 0.774375 0.44066455696202533 0.03375 0.030063291139240507
0 0.3325 0.7863924050632911 0.0325 0.03164556962025317
0 0.278125 0.817246835443038 0.03375 0.030063291139240507
0 0.83 0.7555379746835443 0.035 0.03322784810126582
0 0.3325 0.4699367088607595 0.035 0.028481012658227847
0 0.829375 0.8512658227848101 0.03375 0.03164556962025317
0 0.60875 0.8829113924050633 0.035 0.03481012658227848
0 0.82875 0.8204113924050633 0.035 0.03322784810126582
0 0.155 0.22468354430379747 0.0225 0.03164556962025317
0 0.885625 0.5356012658227848 0.03625 0.03322784810126582
0 0.22375 0.6582278481012658 0.0325 0.03164556962025317
0 0.4425 0.692246835443038 0.0325 0.03322784810126582
0 0.236875 0.22705696202531644 0.02375 0.030063291139240507
0 0.154375 0.25949367088607594 0.02375 0.03164556962025317
0 0.1125 0.4675632911392405 0.0375 0.03322784810126582
0 0.388125 0.6234177215189873 0.03625 0.0379746835443038
0 0.38875 0.46835443037974683 0.03 0.03164556962025317
0 0.608125 0.7871835443037974 0.03625 0.03322784810126582
0 0.32125 0.1574367088607595 0.025 0.030063291139240507
0 0.774375 0.8188291139240507 0.03625 0.03322784810126582
0 0.266875 0.15901898734177214 0.02375 0.030063291139240507
0 0.60875 0.5981012658227848 0.035 0.03164556962025317
0 0.71875 0.8829113924050633 0.0375 0.03481012658227848
0 0.884375 0.692246835443038 0.03375 0.03322784810126582
0 0.444375 0.5640822784810127 0.03375 0.030063291139240507
0 0.265625 0.2602848101265823 0.02125 0.030063291139240507
0 0.663125 0.8204113924050633 0.03375 0.03639240506329114
0 0.718125 0.6598101265822784 0.03375 0.03164556962025317
0 0.83 0.40822784810126583 0.0325 0.03164556962025317
0 0.553125 0.754746835443038 0.03375 0.03164556962025317
0 0.82875 0.5356012658227848 0.035 0.030063291139240507
0 0.71875 0.4699367088607595 0.0325 0.03481012658227848
0 0.333125 0.8504746835443038 0.03375 0.03322784810126582
0 0.2375 0.2610759493670886 0.0225 0.028481012658227847
0 0.111875 0.7199367088607594 0.03625 0.03481012658227848
0 0.1125 0.40189873417721517 0.035 0.03164556962025317
0 0.774375 0.37420886075949367 0.03125 0.03322784810126582
0 0.183125 0.2602848101265823 0.02375 0.02689873417721519
0 0.223125 0.7555379746835443 0.03375 0.03322784810126582
0 0.553125 0.7231012658227848 0.03375 0.03164556962025317
0 0.334375 0.40110759493670883 0.03625 0.03639240506329114
0 0.293125 0.2950949367088608 0.02375 0.030063291139240507
0 0.2775 0.7863924050632911 0.035 0.03164556962025317
0 0.77375 0.8512658227848101 0.035 0.03164556962025317
0 0.88375 0.4098101265822785 0.0325 0.03164556962025317
0 0.445 0.5965189873417721 0.035 0.028481012658227847
0 0.223125 0.46598101265822783 0.03375 0.03322784810126582
0 0.2775 0.882120253164557 0.035 0.03322784810126582
0 0.719375 0.43908227848101267 0.03375 0.02689873417721519
0 0.663125 0.4098101265822785 0.03375 0.03164556962025317
0 0.223125 0.7223101265822784 0.03375 0.03322784810126582
0 0.22375 0.627373417721519 0.0325 0.03322784810126582
0 0.775 0.6606012658227848 0.035 0.030063291139240507
0 0.349375 0.15664556962025317 0.02625 0.03164556962025317
0 0.2225 0.817246835443038 0.035 0.03322784810126582
0 0.3325 0.8180379746835443 0.035 0.03164556962025317
0 0.77375 0.7238924050632911 0.035 0.03322784810126582
0 0.333125 0.7223101265822784 0.03625 0.03322784810126582
0 0.29375 0.19145569620253164 0.0225 0.03164556962025317
0 0.553125 0.692246835443038 0.03375 0.030063291139240507
0 0.221875 0.5300632911392406 0.03125 0.03164556962025317
0 0.32125 0.1906645569620253 0.0225 0.030063291139240507
0 0.774375 0.5988924050632911 0.03625 0.03322784810126582
0 0.388125 0.6914556962025317 0.03375 0.03164556962025317
0 0.71875 0.7254746835443038 0.035 0.030063291139240507
0 0.77375 0.6930379746835443 0.035 0.03164556962025317
0 0.774375 0.5680379746835443 0.03625 0.03164556962025317
0 0.884375 0.5031645569620253 0.03375 0.03481012658227848
0 0.3875 0.7223101265822784 0.035 0.03322784810126582
0 0.32125 0.2602848101265823 0.0225 0.030063291139240507
0 0.884375 0.6613924050632911 0.03375 0.03164556962025317
0 0.66375 0.6281645569620253 0.03 0.03164556962025317
0 0.66375 0.6606012658227848 0.035 0.03322784810126582
0 0.34875 0.29667721518987344 0.025 0.030063291139240507
0 0.83 0.567246835443038 0.035 0.03322784810126582
0 0.82875 0.5039556962025317 0.035 0.03322784810126582
0 0.553125 0.4074367088607595 0.03375 0.03322784810126582
0 0.445625 0.37183544303797467 0.03625 0.03481012658227848
0 0.445 0.5332278481012658 0.035 0.03481012658227848
0 0.60875 0.375 0.035 0.0379746835443038
0 0.445 0.40664556962025317 0.035 0.03164556962025317
0 0.71875 0.40822784810126583 0.035 0.03481012658227848