0 0.49277777777777776 0.46381578947368424 0.042222222222222223 0.04111842105263158
0 0.8711111111111111 0.7557565789473685 0.03888888888888889 0.047697368421052634
0 0.7716666666666666 0.7804276315789473 0.04 0.047697368421052634
0 0.5194444444444445 0.7113486842105263 0.025555555555555557 0.03289473684210526
0 0.4622222222222222 0.7664473684210527 0.028888888888888888 0.046052631578947366
0 0.08222222222222222 0.5567434210526315 0.03888888888888889 0.047697368421052634
0 0.48777777777777775 0.3149671052631579 0.04555555555555556 0.04111842105263158
0 0.8433333333333334 0.22615131578947367 0.04111111111111111 0.049342105263157895
0 0.07333333333333333 0.38898026315789475 0.03666666666666667 0.047697368421052634
0 0.47888888888888886 0.18421052631578946 0.04666666666666667 0.039473684210526314
0 0.48333333333333334 0.25 0.043333333333333335 0.04111842105263158
0 0.7611111111111111 0.6167763157894737 0.04 0.05098684210526316
0 0.8694444444444445 0.7171052631578947 0.03666666666666667 0.046052631578947366
0 0.44666666666666666 0.5600328947368421 0.03666666666666667 0.044407894736842105
0 0.1988888888888889 0.8240131578947368 0.04 0.05263157894736842
0 0.1761111111111111 0.3659539473684211 0.03777777777777778 0.04111842105263158
0 0.2972222222222222 0.42351973684210525 0.023333333333333334 0.03618421052631579
0 0.48944444444444446 0.3470394736842105 0.04777777777777778 0.046052631578947366
0 0.47833333333333333 0.15296052631578946 0.04555555555555556 0.046052631578947366
0 0.8622222222222222 0.5953947368421053 0.03777777777777778 0.049342105263157895
0 0.7666666666666667 0.6998355263157895 0.03888888888888889 0.047697368421052634
0 0.5322222222222223 0.20641447368421054 0.03333333333333333 0.044407894736842105
0 0.8744444444444445 0.8009868421052632 0.04111111111111111 0.05263157894736842
0 0.7683333333333333 0.7401315789473685 0.03888888888888889 0.047697368421052634
0 0.8566666666666667 0.5082236842105263 0.03777777777777778 0.044407894736842105
0 0.06666666666666667 0.26151315789473684 0.04111111111111111 0.05263157894736842
0 0.8205555555555556 0.7680921052631579 0.042222222222222223 0.05098684210526316
0 0.7566666666666667 0.5328947368421053 0.03777777777777778 0.046052631578947366
0 0.48055555555555557 0.21628289473684212 0.04555555555555556 0.049342105263157895
0 0.8044444444444444 0.4810855263157895 0.03777777777777778 0.049342105263157895
0 0.8655555555555555 0.6365131578947368 0.03888888888888889 0.046052631578947366
0 0.8672222222222222 0.6751644736842105 0.04 0.049342105263157895
0 0.26722222222222225 0.34539473684210525 0.025555555555555557 0.039473684210526314
0 0.7983333333333333 0.359375 0.03666666666666667 0.04276315789473684
0 0.28555555555555556 0.46710526315789475 0.03333333333333333 0.046052631578947366
0 0.8183333333333334 0.7294407894736842 0.03888888888888889 0.044407894736842105
0 0.8505555555555555 0.38898026315789475 0.03777777777777778 0.046052631578947366
0 0.4494444444444444 0.6011513157894737 0.035555555555555556 0.047697368421052634
0 0.8605555555555555 0.5526315789473685 0.03888888888888889 0.054276315789473686
0 0.29444444444444445 0.3832236842105263 0.024444444444444446 0.039473684210526314
0 0.19722222222222222 0.7804276315789473 0.035555555555555556 0.047697368421052634
0 0.4761111111111111 0.11759868421052631 0.044444444444444446 0.04276315789473684
0 0.8527777777777777 0.4292763157894737 0.03777777777777778 0.047697368421052634
0 0.845 0.265625 0.03666666666666667 0.04276315789473684
0 0.29055555555555557 0.3034539473684211 0.024444444444444446 0.04111842105263158
0 0.7405555555555555 0.24753289473684212 0.035555555555555556 0.046052631578947366
0 0.4861111111111111 0.28125 0.04555555555555556 0.049342105263157895
0 0.5827777777777777 0.19654605263157895 0.034444444444444444 0.046052631578947366
0 0.7727777777777778 0.8223684210526315 0.042222222222222223 0.05098684210526316
0 0.35 0.7072368421052632 0.03222222222222222 0.04276315789473684
0 0.18 0.45148026315789475 0.03666666666666667 0.044407894736842105
0 0.8411111111111111 0.1825657894736842 0.03777777777777778 0.05098684210526316
0 0.3522222222222222 0.7467105263157895 0.03333333333333333 0.049342105263157895
0 0.3572222222222222 0.8297697368421053 0.03777777777777778 0.04276315789473684
0 0.2872222222222222 0.5106907894736842 0.035555555555555556 0.05098684210526316
0 0.8222222222222222 0.8116776315789473 0.04 0.049342105263157895
0 0.2644444444444444 0.30838815789473684 0.025555555555555557 0.04276315789473684
0 0.2922222222222222 0.3412828947368421 0.02666666666666667 0.04111842105263158
0 0.7905555555555556 0.23519736842105263 0.04 0.05098684210526316
0 0.8322222222222222 0.049342105263157895 0.04 0.05756578947368421
0 0.4905555555555556 0.42023026315789475 0.043333333333333335 0.05756578947368421
0 0.6838888888888889 0.17434210526315788 0.035555555555555556 0.047697368421052634
0 0.45111111111111113 0.6430921052631579 0.04111111111111111 0.049342105263157895
0 0.7961111111111111 0.3199013157894737 0.03888888888888889 0.046052631578947366
0 0.12444444444444444 0.3782894736842105 0.03666666666666667 0.046052631578947366
0 0.08666666666666667 0.640625 0.04 0.049342105263157895
0 0.35444444444444445 0.7886513157894737 0.03888888888888889 0.049342105263157895
0 0.06888888888888889 0.3042763157894737 0.03777777777777778 0.047697368421052634
0 0.8166666666666667 0.6875 0.04 0.049342105263157895
0 0.18944444444444444 0.618421052631579 0.04111111111111111 0.049342105263157895
0 0.26944444444444443 0.3881578947368421 0.028888888888888888 0.04276315789473684
0 0.07166666666666667 0.3470394736842105 0.04 0.05263157894736842
0 0.45666666666666667 0.7228618421052632 0.04 0.047697368421052634
0 0.22611111111111112 0.31743421052631576 0.035555555555555556 0.046052631578947366
0 0.43833333333333335 0.390625 0.03777777777777778 0.047697368421052634
0 0.38222222222222224 0.3215460526315789 0.03777777777777778 0.046052631578947366
0 0.6816666666666666 0.12746710526315788 0.03888888888888889 0.05592105263157895
0 0.06388888888888888 0.21546052631578946 0.04111111111111111 0.05263157894736842
0 0.7538888888888889 0.4901315789473684 0.04111111111111111 0.049342105263157895
0 0.6272222222222222 0.09375 0.04 0.054276315789473686
0 0.7383333333333333 0.20476973684210525 0.03666666666666667 0.05098684210526316
0 0.16777777777777778 0.19572368421052633 0.03777777777777778 0.054276315789473686
0 0.17833333333333334 0.4087171052631579 0.03888888888888889 0.054276315789473686
0 0.79 0.1924342105263158 0.04 0.05098684210526316
0 0.44222222222222224 0.4769736842105263 0.04 0.049342105263157895
0 0.7455555555555555 0.3692434210526316 0.03777777777777778 0.046052631578947366
0 0.38 0.28289473684210525 0.03888888888888889 0.049342105263157895
0 0.43444444444444447 0.31167763157894735 0.03777777777777778 0.047697368421052634
0 0.5794444444444444 0.15296052631578946 0.034444444444444444 0.05098684210526316
0 0.0811111111111111 0.5148026315789473 0.03888888888888889 0.049342105263157895
0 0.11666666666666667 0.20476973684210525 0.04 0.054276315789473686
0 0.8094444444444444 0.5633223684210527 0.03777777777777778 0.047697368421052634
0 0.07666666666666666 0.47286184210526316 0.03666666666666667 0.047697368421052634
0 0.135 0.5855263157894737 0.04111111111111111 0.049342105263157895
0 0.275 0.26151315789473684 0.03888888888888889 0.05098684210526316
0 0.5283333333333333 0.11759868421052631 0.03777777777777778 0.05592105263157895
0 0.08388888888888889 0.5986842105263158 0.03888888888888889 0.049342105263157895
0 0.3838888888888889 0.3626644736842105 0.03666666666666667 0.049342105263157895
0 0.6355555555555555 0.23026315789473684 0.04 0.054276315789473686
0 0.7933333333333333 0.2779605263157895 0.03888888888888889 0.05098684210526316
0 0.7444444444444445 0.328125 0.03888888888888889 0.049342105263157895
0 0.37333333333333335 0.14884868421052633 0.04111111111111111 0.05263157894736842
0 0.8133333333333334 0.6455592105263158 0.03888888888888889 0.049342105263157895
0 0.18611111111111112 0.5748355263157895 0.04 0.05098684210526316
0 0.7488888888888889 0.40789473684210525 0.03777777777777778 0.047697368421052634
0 0.12833333333333333 0.4621710526315789 0.03777777777777778 0.046052631578947366
0 0.3411111111111111 0.540296052631579 0.03666666666666667 0.047697368421052634
0 0.6866666666666666 0.21628289473684212 0.04 0.05263157894736842
0 0.34555555555555556 0.6233552631578947 0.03777777777777778 0.049342105263157895
0 0.4305555555555556 0.22779605263157895 0.03666666666666667 0.047697368421052634
0 0.13166666666666665 0.5460526315789473 0.03888888888888889 0.046052631578947366
0 0.7355555555555555 0.16282894736842105 0.03888888888888889 0.047697368421052634
0 0.445 0.5213815789473685 0.04 0.05263157894736842
0 0.33111111111111113 0.33305921052631576 0.035555555555555556 0.047697368421052634
0 0.11944444444444445 0.2532894736842105 0.03777777777777778 0.05263157894736842
0 0.5316666666666666 0.16447368421052633 0.04 0.05263157894736842
0 0.5783333333333334 0.10197368421052631 0.03888888888888889 0.05756578947368421
0 0.33944444444444444 0.5 0.03666666666666667 0.046052631578947366
0 0.4411111111111111 0.43338815789473684 0.04111111111111111 0.05098684210526316
0 0.1272222222222222 0.4185855263157895 0.04111111111111111 0.05098684210526316
0 0.7322222222222222 0.11677631578947369 0.04111111111111111 0.054276315789473686
0 0.2222222222222222 0.22861842105263158 0.03777777777777778 0.05098684210526316
0 0.3227777777777778 0.16365131578947367 0.03888888888888889 0.049342105263157895
0 0.22333333333333333 0.2738486842105263 0.03777777777777778 0.05263157894736842
0 0.32666666666666666 0.24835526315789475 0.03777777777777778 0.049342105263157895
0 0.6311111111111111 0.14144736842105263 0.03666666666666667 0.05263157894736842
0 0.13055555555555556 0.5032894736842105 0.04111111111111111 0.049342105263157895
0 0.3238888888888889 0.20559210526315788 0.03777777777777778 0.049342105263157895
0 0.3377777777777778 0.4605263157894737 0.03666666666666667 0.049342105263157895
0 0.42833333333333334 0.18585526315789475 0.04 0.05098684210526316
0 0.3761111111111111 0.19572368421052633 0.04 0.05098684210526316
0 0.27166666666666667 0.17434210526315788 0.04111111111111111 0.05263157894736842
0 0.21888888888888888 0.18503289473684212 0.04 0.054276315789473686
0 0.2727777777777778 0.21875 0.03888888888888889 0.049342105263157895
0 0.3894444444444444 0.44901315789473684 0.03777777777777778 0.049342105263157895
0 0.32944444444444443 0.29194078947368424 0.03666666666666667 0.049342105263157895
0 0.3333333333333333 0.37582236842105265 0.03777777777777778 0.047697368421052634
0 0.4255555555555556 0.13898026315789475 0.04111111111111111 0.054276315789473686
0 0.43166666666666664 0.27055921052631576 0.03888888888888889 0.047697368421052634
0 0.37833333333333335 0.2393092105263158 0.03888888888888889 0.05098684210526316
0 0.38722222222222225 0.40542763157894735 0.03777777777777778 0.05098684210526316
0 0.6327777777777778 0.18338815789473684 0.03888888888888889 0.049342105263157895
0 0.8072222222222222 0.522203947368421 0.03888888888888889 0.049342105263157895
0 0.7511111111111111 0.4498355263157895 0.03777777777777778 0.049342105263157895
0 0.7638888888888888 0.6570723684210527 0.04 0.047697368421052634
0 0.455 0.6842105263157895 0.03777777777777778 0.047697368421052634
0 0.28944444444444445 0.5542763157894737 0.04 0.05263157894736842
0 0.27111111111111114 0.4284539473684211 0.02666666666666667 0.039473684210526314
0 0.3438888888888889 0.5805921052631579 0.03666666666666667 0.046052631578947366
0 0.7994444444444444 0.3996710526315789 0.035555555555555556 0.047697368421052634
0 0.1811111111111111 0.4917763157894737 0.03333333333333333 0.046052631578947366
0 0.855 0.46957236842105265 0.03777777777777778 0.047697368421052634
0 0.8116666666666666 0.6044407894736842 0.03777777777777778 0.047697368421052634
0 0.35888888888888887 0.8725328947368421 0.04111111111111111 0.05756578947368421
0 0.7583333333333333 0.5731907894736842 0.03888888888888889 0.049342105263157895
0 0.18444444444444444 0.5328947368421053 0.03666666666666667 0.046052631578947366
0 0.6883333333333334 0.26151315789473684 0.04111111111111111 0.054276315789473686
0 0.33666666666666667 0.41694078947368424 0.034444444444444444 0.044407894736842105
0 0.07555555555555556 0.4309210526315789 0.03888888888888889 0.049342105263157895
0 0.8372222222222222 0.13898026315789475 0.03666666666666667 0.047697368421052634
0 0.12333333333333334 0.33881578947368424 0.035555555555555556 0.047697368421052634
0 0.8027777777777778 0.4399671052631579 0.03777777777777778 0.049342105263157895
0 0.7844444444444445 0.1069078947368421 0.035555555555555556 0.05263157894736842
0 0.19555555555555557 0.7401315789473685 0.034444444444444444 0.047697368421052634
0 0.34833333333333333 0.6661184210526315 0.03777777777777778 0.05263157894736842
0 0.12 0.296875 0.03777777777777778 0.05098684210526316
0 0.17222222222222222 0.2837171052631579 0.03888888888888889 0.05098684210526316
0 0.17333333333333334 0.32648026315789475 0.03666666666666667 0.044407894736842105
0 0.7872222222222223 0.14967105263157895 0.03666666666666667 0.047697368421052634
0 0.1938888888888889 0.6998355263157895 0.04 0.049342105263157895
0 0.85 0.3470394736842105 0.03777777777777778 0.047697368421052634
0 0.8355555555555556 0.09786184210526316 0.03777777777777778 0.049342105263157895
0 0.8461111111111111 0.3059210526315789 0.03888888888888889 0.049342105263157895
0 0.8861111111111111 0.08470394736842106 0.042222222222222223 0.06414473684210527
0 0.43666666666666665 0.3511513157894737 0.03666666666666667 0.049342105263157895
0 0.19111111111111112 0.6603618421052632 0.03777777777777778 0.047697368421052634
0 0.16944444444444445 0.24013157894736842 0.03888888888888889 0.05098684210526316
0 0.7422222222222222 0.2870065789473684 0.03333333333333333 0.046052631578947366