0 0.26266666666666666 0.40078125 0.037333333333333336 0.034375
0 0.8473333333333334 0.86953125 0.03866666666666667 0.0359375
0 0.8446666666666667 0.725 0.037333333333333336 0.034375
0 0.148 0.32421875 0.03866666666666667 0.0390625
0 0.218 0.86328125 0.03866666666666667 0.0359375
0 0.8453333333333334 0.79921875 0.03866666666666667 0.0359375
0 0.208 0.5046875 0.036 0.034375
0 0.15066666666666667 0.39609375 0.04 0.040625
0 0.44 0.86484375 0.03866666666666667 0.0359375
0 0.908 0.51328125 0.03333333333333333 0.0359375
0 0.156 0.68359375 0.037333333333333336 0.0390625
0 0.32866666666666666 0.86328125 0.03866666666666667 0.0390625
0 0.7366666666666667 0.83125 0.036 0.034375
0 0.9086666666666666 0.4765625 0.030666666666666665 0.034375
0 0.524 0.396875 0.029333333333333333 0.0375
0 0.15933333333333333 0.7921875 0.03866666666666667 0.040625
0 0.7373333333333333 0.8640625 0.037333333333333336 0.034375
0 0.21266666666666667 0.7171875 0.037333333333333336 0.0375
0 0.624 0.5796875 0.036 0.03125
0 0.9073333333333333 0.440625 0.030666666666666665 0.03125
0 0.16 0.82890625 0.04 0.0421875
0 0.5206666666666667 0.209375 0.032 0.0296875
0 0.154 0.6140625 0.03866666666666667 0.040625
0 0.20733333333333334 0.3984375 0.03866666666666667 0.0390625
0 0.15666666666666668 0.72109375 0.036 0.0359375
0 0.21066666666666667 0.61328125 0.04 0.0390625
0 0.566 0.3296875 0.037333333333333336 0.0234375
0 0.904 0.409375 0.034666666666666665 0.034375
0 0.52 0.1828125 0.029333333333333333 0.0265625
0 0.324 0.6828125 0.03866666666666667 0.025
0 0.6733333333333333 0.29609375 0.037333333333333336 0.0265625
0 0.524 0.34296875 0.034666666666666665 0.0265625
0 0.48 0.25625 0.034666666666666665 0.025
0 0.6273333333333333 0.759375 0.036 0.025
0 0.436 0.68515625 0.037333333333333336 0.0234375
0 0.8913333333333333 0.2625 0.03866666666666667 0.025
0 0.428 0.2546875 0.037333333333333336 0.0265625
0 0.21666666666666667 0.82578125 0.04133333333333333 0.0390625
0 0.728 0.26015625 0.037333333333333336 0.0265625
0 0.14866666666666667 0.25078125 0.03866666666666667 0.0265625
0 0.728 0.29609375 0.037333333333333336 0.0390625
0 0.8373333333333334 0.26171875 0.03866666666666667 0.0265625
0 0.15133333333333332 0.46796875 0.04 0.025
0 0.5233333333333333 0.3625 0.02666666666666667 0.025
0 0.31666666666666665 0.2546875 0.037333333333333336 0.0234375
0 0.15066666666666667 0.434375 0.04133333333333333 0.0453125
0 0.6786666666666666 0.58359375 0.03866666666666667 0.0359375
0 0.21133333333333335 0.65 0.04 0.0375
0 0.5726666666666667 0.68671875 0.034666666666666665 0.0359375
0 0.7333333333333333 0.65390625 0.037333333333333336 0.0359375
0 0.5686666666666667 0.58125 0.036 0.0375
0 0.5226666666666666 0.23203125 0.029333333333333333 0.021875
0 0.206 0.32734375 0.04 0.0390625
0 0.48133333333333334 0.33203125 0.03866666666666667 0.0390625
0 0.20533333333333334 0.3625 0.04 0.0390625
0 0.6246666666666667 0.61796875 0.04133333333333333 0.0421875
0 0.7286666666666667 0.36875 0.036 0.0375
0 0.374 0.4015625 0.03866666666666667 0.0375
0 0.322 0.57890625 0.037333333333333336 0.0390625
0 0.7313333333333333 0.51171875 0.036 0.0359375
0 0.6733333333333333 0.33046875 0.03866666666666667 0.0390625
0 0.7833333333333333 0.37265625 0.037333333333333336 0.0390625
0 0.7326666666666667 0.5828125 0.037333333333333336 0.0375
0 0.6753333333333333 0.43984375 0.037333333333333336 0.0390625
0 0.37866666666666665 0.61875 0.037333333333333336 0.0375
0 0.68 0.65234375 0.04133333333333333 0.0390625
0 0.5686666666666667 0.5109375 0.037333333333333336 0.0375
0 0.6773333333333333 0.5109375 0.037333333333333336 0.0375
0 0.31733333333333336 0.32734375 0.036 0.0375
0 0.786 0.475 0.037333333333333336 0.040625
0 0.48533333333333334 0.54453125 0.04 0.0390625
0 0.48 0.29296875 0.03866666666666667 0.0421875
0 0.5733333333333334 0.75859375 0.034666666666666665 0.0359375
0 0.6753333333333333 0.40390625 0.03333333333333333 0.0359375
0 0.734 0.61875 0.037333333333333336 0.0375
0 0.42933333333333334 0.36640625 0.034666666666666665 0.0359375
0 0.6833333333333333 0.865625 0.04133333333333333 0.034375
0 0.6206666666666667 0.47421875 0.037333333333333336 0.0359375
0 0.8406666666666667 0.475 0.04 0.0421875
0 0.20666666666666667 0.434375 0.03866666666666667 0.0390625
0 0.37266666666666665 0.290625 0.037333333333333336 0.0421875
0 0.62 0.403125 0.037333333333333336 0.0375
0 0.32666666666666666 0.75625 0.037333333333333336 0.040625
0 0.4846666666666667 0.47578125 0.03866666666666667 0.0390625
0 0.20466666666666666 0.2890625 0.03866666666666667 0.040625
0 0.73 0.43984375 0.036 0.0359375
0 0.8453333333333334 0.65625 0.04 0.040625
0 0.26866666666666666 0.68671875 0.04 0.0390625
0 0.43466666666666665 0.58046875 0.04 0.0390625
0 0.79 0.728125 0.03866666666666667 0.040625
0 0.48933333333333334 0.72265625 0.03866666666666667 0.0421875
0 0.79 0.690625 0.037333333333333336 0.0375
0 0.6773333333333333 0.546875 0.03866666666666667 0.040625
0 0.7873333333333333 0.58515625 0.03866666666666667 0.0390625
0 0.7306666666666667 0.475 0.036 0.0375
0 0.20933333333333334 0.53984375 0.037333333333333336 0.0421875
0 0.79 0.65546875 0.036 0.0359375
0 0.5673333333333334 0.43828125 0.036 0.0359375
0 0.264 0.57890625 0.036 0.0421875
0 0.5733333333333334 0.79375 0.037333333333333336 0.040625
0 0.782 0.296875 0.034666666666666665 0.0375
0 0.8433333333333334 0.61953125 0.03866666666666667 0.0390625
0 0.8413333333333334 0.51328125 0.04 0.0390625
0 0.5726666666666667 0.72265625 0.037333333333333336 0.0390625
0 0.31933333333333336 0.43828125 0.037333333333333336 0.0359375
0 0.43733333333333335 0.7546875 0.04 0.040625
0 0.43066666666666664 0.4390625 0.036 0.0375
0 0.786 0.5109375 0.036 0.0359375
0 0.6226666666666667 0.54609375 0.037333333333333336 0.0359375
0 0.31666666666666665 0.28984375 0.04 0.040625
0 0.89 0.22734375 0.03866666666666667 0.040625
0 0.57 0.6515625 0.037333333333333336 0.0375
0 0.7873333333333333 0.546875 0.037333333333333336 0.0421875
0 0.838 0.33671875 0.04 0.0390625
0 0.26066666666666666 0.2890625 0.034666666666666665 0.0390625
0 0.8446666666666667 0.76171875 0.04 0.0390625
0 0.37933333333333336 0.65234375 0.034666666666666665 0.0328125
0 0.6286666666666667 0.86484375 0.03866666666666667 0.0359375
0 0.31933333333333336 0.50390625 0.034666666666666665 0.0359375
0 0.32 0.54375 0.03866666666666667 0.034375
0 0.6273333333333333 0.7953125 0.04 0.0375
0 0.38133333333333336 0.72421875 0.037333333333333336 0.0359375
0 0.272 0.8625 0.036 0.0375
0 0.272 0.82578125 0.03866666666666667 0.0390625
0 0.8446666666666667 0.69140625 0.037333333333333336 0.0359375
0 0.6826666666666666 0.7953125 0.03866666666666667 0.0375
0 0.15466666666666667 0.6484375 0.03866666666666667 0.0375
0 0.21066666666666667 0.57734375 0.034666666666666665 0.0359375
0 0.438 0.82890625 0.03866666666666667 0.0390625
0 0.21333333333333335 0.68359375 0.037333333333333336 0.0359375
0 0.158 0.75625 0.03866666666666667 0.0375
0 0.5333333333333333 0.7546875 0.025333333333333333 0.025
0 0.5213333333333333 0.24921875 0.032 0.034375
0 0.5233333333333333 0.28046875 0.028 0.028125
0 0.626 0.653125 0.03866666666666667 0.0375
0 0.27 0.78984375 0.036 0.0359375
0 0.488 0.68515625 0.036 0.0359375
0 0.32266666666666666 0.61640625 0.034666666666666665 0.0359375
0 0.16 0.865625 0.037333333333333336 0.0375
0 0.214 0.75234375 0.037333333333333336 0.0390625
0 0.846 0.83515625 0.03866666666666667 0.0390625
0 0.838 0.3734375 0.03866666666666667 0.0421875
0 0.89 0.1921875 0.03866666666666667 0.0375
0 0.328 0.82734375 0.03866666666666667 0.0390625
0 0.486 0.58125 0.037333333333333336 0.0375
0 0.7366666666666667 0.79609375 0.04 0.0390625
0 0.492 0.79453125 0.037333333333333336 0.0390625
0 0.7353333333333333 0.7609375 0.03866666666666667 0.0375
0 0.262 0.4359375 0.034666666666666665 0.0375
0 0.4846666666666667 0.509375 0.036 0.034375
0 0.37666666666666665 0.54453125 0.03866666666666667 0.0390625
0 0.152 0.5015625 0.04 0.040625
0 0.3273333333333333 0.79296875 0.036 0.0359375
0 0.48733333333333334 0.65078125 0.037333333333333336 0.0359375
0 0.43666666666666665 0.79296875 0.037333333333333336 0.0390625
0 0.2693333333333333 0.7546875 0.036 0.0375
0 0.6273333333333333 0.72734375 0.04133333333333333 0.0390625
0 0.48733333333333334 0.61640625 0.037333333333333336 0.0390625
0 0.682 0.83125 0.03866666666666667 0.0375
0 0.5233333333333333 0.4359375 0.032 0.0375
0 0.628 0.8296875 0.03866666666666667 0.0390625
0 0.6806666666666666 0.72421875 0.03866666666666667 0.0390625
0 0.7853333333333333 0.4390625 0.036 0.034375
0 0.6793333333333333 0.6171875 0.037333333333333336 0.0375
0 0.736 0.72578125 0.04 0.0390625
0 0.5693333333333334 0.61640625 0.037333333333333336 0.0359375
0 0.2653333333333333 0.61640625 0.036 0.0359375
0 0.15333333333333332 0.57890625 0.04133333333333333 0.0390625
0 0.842 0.584375 0.03333333333333333 0.0375
0 0.5686666666666667 0.5453125 0.036 0.0375
0 0.15 0.36015625 0.04 0.0390625
0 0.21466666666666667 0.7890625 0.036 0.0375
0 0.42866666666666664 0.2921875 0.03866666666666667 0.0421875
0 0.26666666666666666 0.65078125 0.037333333333333336 0.0390625
0 0.26866666666666666 0.72109375 0.037333333333333336 0.0359375
0 0.264 0.5421875 0.034666666666666665 0.034375
0 0.892 0.33359375 0.037333333333333336 0.034375
0 0.148 0.2875 0.04 0.040625
0 0.6806666666666666 0.68828125 0.04 0.0390625
0 0.37666666666666665 0.50703125 0.037333333333333336 0.0390625
0 0.7886666666666666 0.6203125 0.036 0.0375
0 0.436 0.65234375 0.037333333333333336 0.0390625
0 0.6266666666666667 0.6890625 0.03866666666666667 0.040625
0 0.8426666666666667 0.5484375 0.03866666666666667 0.0375
0 0.3253333333333333 0.7171875 0.03866666666666667 0.040625
0 0.6806666666666666 0.76015625 0.037333333333333336 0.0359375
0 0.49133333333333334 0.75859375 0.036 0.0359375
0 0.2633333333333333 0.5078125 0.03866666666666667 0.040625
0 0.15333333333333332 0.5421875 0.037333333333333336 0.040625
0 0.8946666666666667 0.36953125 0.03866666666666667 0.040625
0 0.43666666666666665 0.71796875 0.04133333333333333 0.0390625
0 0.43466666666666665 0.6171875 0.034666666666666665 0.0375
0 0.208 0.46953125 0.037333333333333336 0.034375
0 0.43266666666666664 0.5421875 0.03866666666666667 0.040625
0 0.3233333333333333 0.65234375 0.04 0.0390625
0 0.378 0.58203125 0.03866666666666667 0.0390625
0 0.37933333333333336 0.68671875 0.037333333333333336 0.0390625
0 0.7846666666666666 0.40625 0.034666666666666665 0.034375
0 0.2613333333333333 0.328125 0.036 0.0359375
0 0.5666666666666667 0.4015625 0.04133333333333333 0.040625
0 0.7313333333333333 0.5484375 0.036 0.0375
0 0.568 0.47578125 0.04 0.0390625
0 0.43066666666666664 0.403125 0.03866666666666667 0.040625
0 0.37333333333333335 0.3671875 0.037333333333333336 0.0375
0 0.42933333333333334 0.3296875 0.037333333333333336 0.0390625
0 0.37466666666666665 0.43671875 0.037333333333333336 0.0390625
0 0.432 0.475 0.037333333333333336 0.0375
0 0.37266666666666665 0.3296875 0.03866666666666667 0.0390625
0 0.48333333333333334 0.4390625 0.036 0.0375
0 0.618 0.2953125 0.036 0.0375
0 0.6226666666666667 0.5109375 0.04 0.040625
0 0.6766666666666666 0.475 0.037333333333333336 0.0375
0 0.7826666666666666 0.334375 0.036 0.040625
0 0.32 0.47109375 0.03333333333333333 0.0359375
0 0.7286666666666667 0.40390625 0.03866666666666667 0.0390625
0 0.7286666666666667 0.33359375 0.037333333333333336 0.0390625
0 0.6193333333333333 0.33046875 0.03333333333333333 0.0359375
0 0.262 0.3640625 0.04 0.0390625
0 0.31733333333333336 0.3640625 0.03866666666666667 0.0390625
0 0.7346666666666667 0.68984375 0.04 0.0390625
0 0.566 0.365625 0.037333333333333336 0.0359375
0 0.674 0.36875 0.037333333333333336 0.0375
0 0.37533333333333335 0.47265625 0.036 0.0359375
0 0.8366666666666667 0.2984375 0.04133333333333333 0.04375
0 0.892 0.296875 0.04 0.0421875
0 0.482 0.36796875 0.036 0.0390625
0 0.318 0.4015625 0.04 0.040625
0 0.2633333333333333 0.471875 0.036 0.0375
0 0.4826666666666667 0.403125 0.037333333333333336 0.0375
0 0.6206666666666667 0.43828125 0.04 0.0390625
0 0.62 0.36796875 0.037333333333333336 0.0390625
0 0.564 0.29453125 0.04133333333333333 0.04375