0 0.9155555555555556 0.3836065573770492 0.035555555555555556 0.04262295081967213
0 0.5172222222222222 0.14918032786885246 0.04555555555555556 0.040983606557377046
0 0.7088888888888889 0.35737704918032787 0.03666666666666667 0.04426229508196721
0 0.7438888888888889 0.6549180327868852 0.04 0.047540983606557376
0 0.35944444444444446 0.1942622950819672 0.04 0.05081967213114754
0 0.3622222222222222 0.14672131147540984 0.04 0.05081967213114754
0 0.41388888888888886 0.15081967213114755 0.04111111111111111 0.04918032786885246
0 0.7416666666666667 0.6983606557377049 0.03888888888888889 0.04590163934426229
0 0.7933333333333333 0.7016393442622951 0.035555555555555556 0.04590163934426229
0 0.7366666666666667 0.780327868852459 0.03777777777777778 0.04590163934426229
0 0.4111111111111111 0.19918032786885245 0.042222222222222223 0.054098360655737705
0 0.75 0.5713114754098361 0.04111111111111111 0.047540983606557376
0 0.7638888888888888 0.32131147540983607 0.04 0.05081967213114754
0 0.7516666666666667 0.5286885245901639 0.04111111111111111 0.04426229508196721
0 0.8 0.5778688524590164 0.03888888888888889 0.04590163934426229
0 0.15611111111111112 0.12131147540983607 0.042222222222222223 0.05573770491803279
0 0.7472222222222222 0.6139344262295082 0.03777777777777778 0.04426229508196721
0 0.35055555555555556 0.3180327868852459 0.04 0.047540983606557376
0 0.6438888888888888 0.6032786885245902 0.03888888888888889 0.04918032786885246
0 0.8205555555555556 0.24344262295081967 0.04111111111111111 0.05573770491803279
0 0.255 0.17950819672131146 0.04 0.047540983606557376
0 0.245 0.35 0.04111111111111111 0.04918032786885246
0 0.30722222222222223 0.1860655737704918 0.042222222222222223 0.047540983606557376
0 0.20666666666666667 0.12786885245901639 0.04111111111111111 0.05245901639344262
0 0.8577777777777778 0.4598360655737705 0.04111111111111111 0.047540983606557376
0 0.19777777777777777 0.2598360655737705 0.043333333333333335 0.05081967213114754
0 0.6383333333333333 0.6860655737704918 0.03888888888888889 0.05081967213114754
0 0.8116666666666666 0.3737704918032787 0.03777777777777778 0.04590163934426229
0 0.6944444444444444 0.6081967213114754 0.03777777777777778 0.047540983606557376
0 0.6488888888888888 0.5180327868852459 0.04 0.04918032786885246
0 0.4627777777777778 0.20163934426229507 0.042222222222222223 0.04918032786885246
0 0.2577777777777778 0.13360655737704918 0.042222222222222223 0.05081967213114754
0 0.8088888888888889 0.41475409836065574 0.03777777777777778 0.04262295081967213
0 0.7344444444444445 0.8229508196721311 0.03888888888888889 0.04590163934426229
0 0.795 0.6598360655737705 0.03666666666666667 0.04426229508196721
0 0.8072222222222222 0.45491803278688525 0.03666666666666667 0.04426229508196721
0 0.46555555555555556 0.15737704918032788 0.04111111111111111 0.04918032786885246
0 0.6566666666666666 0.35327868852459016 0.03888888888888889 0.04590163934426229
0 0.6922222222222222 0.6524590163934426 0.03888888888888889 0.047540983606557376
0 0.6872222222222222 0.7336065573770492 0.03888888888888889 0.05081967213114754
0 0.6316666666666667 0.8106557377049181 0.04 0.047540983606557376
0 0.8527777777777777 0.5426229508196722 0.04 0.04918032786885246
0 0.7388888888888889 0.739344262295082 0.034444444444444444 0.04262295081967213
0 0.2477777777777778 0.30573770491803276 0.03777777777777778 0.04590163934426229
0 0.8138888888888889 0.330327868852459 0.03888888888888889 0.047540983606557376
0 0.6977777777777778 0.5655737704918032 0.035555555555555556 0.04426229508196721
0 0.7905555555555556 0.7426229508196721 0.03777777777777778 0.04590163934426229
0 0.23944444444444443 0.43278688524590164 0.04 0.047540983606557376
0 0.6994444444444444 0.5229508196721312 0.034444444444444444 0.04426229508196721
0 0.8683333333333333 0.2901639344262295 0.042222222222222223 0.054098360655737705
0 0.7605555555555555 0.3655737704918033 0.035555555555555556 0.04426229508196721
0 0.2922222222222222 0.4385245901639344 0.04 0.04590163934426229
0 0.2966666666666667 0.3549180327868853 0.04 0.04426229508196721
0 0.5583333333333333 0.2983606557377049 0.035555555555555556 0.047540983606557376
0 0.3477777777777778 0.36065573770491804 0.04 0.047540983606557376
0 0.7022222222222222 0.48360655737704916 0.03666666666666667 0.04426229508196721
0 0.3011111111111111 0.27377049180327867 0.03888888888888889 0.04590163934426229
0 0.20166666666666666 0.2122950819672131 0.04111111111111111 0.047540983606557376
0 0.6805555555555556 0.8565573770491803 0.04 0.04426229508196721
0 0.655 0.3942622950819672 0.03666666666666667 0.04590163934426229
0 0.30333333333333334 0.230327868852459 0.04 0.047540983606557376
0 0.25277777777777777 0.22295081967213115 0.04 0.047540983606557376
0 0.7033333333333334 0.44016393442622953 0.03666666666666667 0.04262295081967213
0 0.805 0.49508196721311476 0.03666666666666667 0.04426229508196721
0 0.6244444444444445 0.9336065573770492 0.03666666666666667 0.04918032786885246
0 0.7277777777777777 0.9450819672131148 0.04111111111111111 0.04918032786885246
0 0.29388888888888887 0.3942622950819672 0.03666666666666667 0.04590163934426229
0 0.5611111111111111 0.25245901639344265 0.035555555555555556 0.047540983606557376
0 0.6744444444444444 0.9401639344262295 0.04111111111111111 0.047540983606557376
0 0.8344444444444444 0.8745901639344262 0.03888888888888889 0.04918032786885246
0 0.6594444444444445 0.31065573770491806 0.03777777777777778 0.04590163934426229
0 0.23444444444444446 0.5131147540983606 0.04111111111111111 0.04590163934426229
0 0.7105555555555556 0.31721311475409836 0.03666666666666667 0.04590163934426229
0 0.7838888888888889 0.8663934426229508 0.03777777777777778 0.04426229508196721
0 0.8022222222222222 0.5352459016393443 0.03777777777777778 0.04590163934426229
0 0.7322222222222222 0.8622950819672132 0.03888888888888889 0.04426229508196721
0 0.8627777777777778 0.3778688524590164 0.04 0.04590163934426229
0 0.8433333333333334 0.7098360655737705 0.03888888888888889 0.04590163934426229
0 0.86 0.419672131147541 0.03777777777777778 0.040983606557377046
0 0.9105555555555556 0.4663934426229508 0.04111111111111111 0.047540983606557376
0 0.7588888888888888 0.40737704918032785 0.03888888888888889 0.04590163934426229
0 0.7811111111111111 0.9098360655737705 0.03888888888888889 0.04918032786885246
0 0.6333333333333333 0.7672131147540984 0.03777777777777778 0.04590163934426229
0 0.24166666666666667 0.39262295081967213 0.03888888888888889 0.04262295081967213
0 0.46 0.2459016393442623 0.04111111111111111 0.04590163934426229
0 0.8355555555555556 0.8327868852459016 0.035555555555555556 0.04426229508196721
0 0.8483333333333334 0.6270491803278688 0.03666666666666667 0.04426229508196721
0 0.6827777777777778 0.8155737704918032 0.04111111111111111 0.047540983606557376
0 0.2038888888888889 0.17049180327868851 0.04 0.04262295081967213
0 0.5544444444444444 0.3442622950819672 0.03777777777777778 0.05081967213114754
0 0.6533333333333333 0.4377049180327869 0.03888888888888889 0.047540983606557376
0 0.8466666666666667 0.6688524590163935 0.03777777777777778 0.04590163934426229
0 0.8372222222222222 0.7909836065573771 0.03666666666666667 0.04590163934426229
0 0.7972222222222223 0.6204918032786885 0.03777777777777778 0.04590163934426229
0 0.4583333333333333 0.289344262295082 0.03888888888888889 0.04426229508196721
0 0.7888888888888889 0.7844262295081967 0.04 0.047540983606557376
0 0.6411111111111111 0.6442622950819672 0.03333333333333333 0.03934426229508197
0 0.8977777777777778 0.7172131147540983 0.042222222222222223 0.04918032786885246
0 0.8505555555555555 0.5868852459016394 0.035555555555555556 0.04262295081967213
0 0.8405555555555555 0.7516393442622951 0.03777777777777778 0.04426229508196721
0 0.6461111111111111 0.5614754098360656 0.03666666666666667 0.040983606557377046
0 0.7566666666666667 0.4491803278688525 0.04 0.047540983606557376
0 0.6094444444444445 0.3040983606557377 0.03777777777777778 0.047540983606557376
0 0.865 0.3360655737704918 0.03777777777777778 0.04426229508196721
0 0.7538888888888889 0.4885245901639344 0.03777777777777778 0.04262295081967213
0 0.8544444444444445 0.5024590163934426 0.03666666666666667 0.040983606557377046
0 0.8177777777777778 0.28852459016393445 0.03777777777777778 0.04426229508196721
0 0.2877777777777778 0.5204918032786885 0.04 0.04918032786885246
0 0.6072222222222222 0.34918032786885245 0.03888888888888889 0.047540983606557376
0 0.9083333333333333 0.5098360655737705 0.04 0.04590163934426229
0 0.9183333333333333 0.3401639344262295 0.03666666666666667 0.04918032786885246
0 0.7788888888888889 0.9524590163934427 0.03888888888888889 0.04262295081967213
0 0.23 0.5983606557377049 0.043333333333333335 0.047540983606557376
0 0.6894444444444444 0.6918032786885245 0.03666666666666667 0.04262295081967213
0 0.7294444444444445 0.9016393442622951 0.03888888888888889 0.04426229508196721
0 0.6355555555555555 0.7278688524590164 0.03666666666666667 0.04262295081967213
0 0.7066666666666667 0.3975409836065574 0.03777777777777778 0.04590163934426229
0 0.28944444444444445 0.4786885245901639 0.04 0.04426229508196721
0 0.5072222222222222 0.3155737704918033 0.044444444444444446 0.04262295081967213
0 0.45166666666666666 0.3704918032786885 0.03888888888888889 0.047540983606557376
0 0.455 0.32868852459016396 0.04111111111111111 0.04262295081967213
0 0.49777777777777776 0.45737704918032784 0.03888888888888889 0.05081967213114754
0 0.5066666666666667 0.3516393442622951 0.042222222222222223 0.03770491803278689
0 0.4488888888888889 0.4155737704918033 0.03888888888888889 0.04918032786885246
0 0.31 0.13934426229508196 0.042222222222222223 0.05245901639344262
0 0.5094444444444445 0.2827868852459016 0.043333333333333335 0.03278688524590164
0 0.9144444444444444 0.6327868852459017 0.021111111111111112 0.03278688524590164
0 0.5044444444444445 0.37868852459016394 0.042222222222222223 0.040983606557377046
0 0.5138888888888888 0.2139344262295082 0.04555555555555556 0.036065573770491806
0 0.515 0.18360655737704917 0.043333333333333335 0.040983606557377046
0 0.9061111111111111 0.5516393442622951 0.042222222222222223 0.047540983606557376
0 0.9033333333333333 0.5934426229508196 0.04111111111111111 0.04590163934426229
0 0.10277777777777777 0.11311475409836065 0.03666666666666667 0.05245901639344262
0 0.23666666666666666 0.4745901639344262 0.04111111111111111 0.04590163934426229
0 0.24944444444444444 0.2647540983606557 0.03777777777777778 0.04590163934426229
0 0.29888888888888887 0.3139344262295082 0.04 0.04426229508196721
0 0.3527777777777778 0.2762295081967213 0.03777777777777778 0.04262295081967213
0 0.6288888888888889 0.8508196721311475 0.03666666666666667 0.040983606557377046
0 0.9 0.6721311475409836 0.04111111111111111 0.04918032786885246
0 0.9133333333333333 0.42295081967213116 0.04 0.04590163934426229
0 0.6505555555555556 0.47950819672131145 0.034444444444444444 0.03934426229508197
0 0.6861111111111111 0.7754098360655738 0.035555555555555556 0.03934426229508197
0 0.6772222222222222 0.8975409836065574 0.03888888888888889 0.04426229508196721
0 0.2311111111111111 0.5557377049180328 0.04111111111111111 0.047540983606557376
0 0.6261111111111111 0.889344262295082 0.035555555555555556 0.04262295081967213
0 0.22611111111111112 0.6409836065573771 0.042222222222222223 0.04426229508196721
0 0.7866666666666666 0.8254098360655737 0.03666666666666667 0.04426229508196721
0 0.5116666666666667 0.24918032786885247 0.04555555555555556 0.047540983606557376
0 0.355 0.23770491803278687 0.03777777777777778 0.040983606557377046