0 0.9127777777777778 0.24464579901153213 0.034444444444444444 0.047775947281713346
0 0.8616666666666667 0.9151565074135091 0.03666666666666667 0.047775947281713346
0 0.13777777777777778 0.4538714991762768 0.03333333333333333 0.04118616144975288
0 0.4488888888888889 0.7454695222405272 0.03111111111111111 0.04118616144975288
0 0.5522222222222222 0.7462932454695222 0.03333333333333333 0.039538714991762765
0 0.7055555555555556 0.4126853377265239 0.035555555555555556 0.04118616144975288
0 0.24055555555555555 0.4135090609555189 0.03222222222222222 0.039538714991762765
0 0.3972222222222222 0.19686985172981877 0.034444444444444444 0.051070840197693576
0 0.29333333333333333 0.36902800658978585 0.03333333333333333 0.039538714991762765
0 0.29333333333333333 0.2413509060955519 0.03333333333333333 0.044481054365733116
0 0.7066666666666667 0.8303130148270181 0.03333333333333333 0.039538714991762765
0 0.8605555555555555 0.20345963756177923 0.03222222222222222 0.044481054365733116
0 0.7594444444444445 0.8294892915980231 0.03666666666666667 0.04118616144975288
0 0.7072222222222222 0.7059308072487644 0.03666666666666667 0.04118616144975288
0 0.5005555555555555 0.4472817133443163 0.043333333333333335 0.04118616144975288
0 0.24222222222222223 0.7462932454695222 0.035555555555555556 0.042833607907743
0 0.7572222222222222 0.4950576606260296 0.03222222222222222 0.04118616144975288
0 0.18944444444444444 0.4102141680395387 0.034444444444444444 0.042833607907743
0 0.8605555555555555 0.371499176276771 0.034444444444444444 0.044481054365733116
0 0.7583333333333333 0.6210873146622735 0.03222222222222222 0.039538714991762765
0 0.2411111111111111 0.37067545304777594 0.03333333333333333 0.042833607907743
0 0.19055555555555556 0.5782537067545305 0.034444444444444444 0.042833607907743
0 0.13833333333333334 0.41186161449752884 0.034444444444444444 0.042833607907743
0 0.13833333333333334 0.36902800658978585 0.034444444444444444 0.042833607907743
0 0.3977777777777778 0.7067545304777595 0.03333333333333333 0.04612850082372323
0 0.7061111111111111 0.28912685337726524 0.03666666666666667 0.044481054365733116
0 0.7077777777777777 0.9151565074135091 0.03777777777777778 0.044481054365733116
0 0.13833333333333334 0.3270181219110379 0.034444444444444444 0.04118616144975288
0 0.24222222222222223 0.5378912685337727 0.035555555555555556 0.04118616144975288
0 0.19 0.15321252059308071 0.035555555555555556 0.04942339373970346
0 0.18888888888888888 0.49670510708401977 0.035555555555555556 0.04118616144975288
0 0.86 0.4975288303130148 0.03333333333333333 0.042833607907743
0 0.5516666666666666 0.78665568369028 0.034444444444444444 0.04118616144975288
0 0.4488888888888889 0.828665568369028 0.035555555555555556 0.042833607907743
0 0.19055555555555556 0.6622734761120264 0.034444444444444444 0.042833607907743
0 0.5527777777777778 0.6194398682042833 0.034444444444444444 0.039538714991762765
0 0.29388888888888887 0.5354200988467874 0.03666666666666667 0.04612850082372323
0 0.19 0.6210873146622735 0.035555555555555556 0.042833607907743
0 0.5516666666666666 0.8294892915980231 0.034444444444444444 0.04118616144975288
0 0.29444444444444445 0.6622734761120264 0.035555555555555556 0.04612850082372323
0 0.9116666666666666 0.15321252059308071 0.034444444444444444 0.04942339373970346
0 0.39611111111111114 0.24299835255354202 0.034444444444444444 0.03789126853377265
0 0.8094444444444444 0.28747940691927515 0.03222222222222222 0.04118616144975288
0 0.7588888888888888 0.45222405271828664 0.03333333333333333 0.04118616144975288
0 0.7588888888888888 0.6630971993410214 0.035555555555555556 0.044481054365733116
0 0.81 0.32948929159802304 0.03333333333333333 0.04612850082372323
0 0.4494444444444444 0.7034596375617792 0.034444444444444444 0.042833607907743
0 0.9127777777777778 0.4126853377265239 0.034444444444444444 0.044481054365733116
0 0.2411111111111111 0.5807248764415156 0.035555555555555556 0.044481054365733116
0 0.3977777777777778 0.8270181219110379 0.03111111111111111 0.042833607907743
0 0.18888888888888888 0.24382207578253706 0.035555555555555556 0.042833607907743
0 0.345 0.19686985172981877 0.034444444444444444 0.051070840197693576
0 0.18833333333333332 0.3270181219110379 0.03666666666666667 0.04118616144975288
0 0.3977777777777778 0.4950576606260296 0.03333333333333333 0.04118616144975288
0 0.6038888888888889 0.32948929159802304 0.03222222222222222 0.039538714991762765
0 0.18944444444444444 0.36902800658978585 0.03666666666666667 0.042833607907743
0 0.6033333333333334 0.2026359143327842 0.03333333333333333 0.042833607907743
0 0.7583333333333333 0.28912685337726524 0.034444444444444444 0.04118616144975288
0 0.8611111111111112 0.7067545304777595 0.03333333333333333 0.042833607907743
0 0.86 0.4546952224052718 0.03333333333333333 0.042833607907743
0 0.5522222222222222 0.7051070840197694 0.03111111111111111 0.042833607907743
0 0.39666666666666667 0.4135090609555189 0.03333333333333333 0.042833607907743
0 0.18944444444444444 0.285831960461285 0.034444444444444444 0.04118616144975288
0 0.7066666666666667 0.4950576606260296 0.03333333333333333 0.044481054365733116
0 0.8616666666666667 0.6227347611202636 0.034444444444444444 0.042833607907743
0 0.7072222222222222 0.871499176276771 0.034444444444444444 0.042833607907743
0 0.5011111111111111 0.49093904448105435 0.042222222222222223 0.036243822075782535
0 0.5138888888888888 0.7512355848434926 0.021111111111111112 0.023064250411861616
0 0.5133333333333333 0.728995057660626 0.022222222222222223 0.02800658978583196
0 0.29388888888888887 0.4942339373970346 0.03666666666666667 0.026359143327841845
0 0.3972222222222222 0.8690280065897859 0.03222222222222222 0.04118616144975288
0 0.5022222222222222 0.34349258649093906 0.044444444444444446 0.03130148270181219
0 0.29388888888888887 0.7034596375617792 0.034444444444444444 0.036243822075782535
0 0.5022222222222222 0.2751235584843493 0.044444444444444446 0.029654036243822075
0 0.5022222222222222 0.20840197693574958 0.04666666666666667 0.03130148270181219
0 0.13777777777777778 0.19934102141680396 0.035555555555555556 0.039538714991762765
0 0.19111111111111112 0.9159802306425041 0.035555555555555556 0.042833607907743
0 0.13833333333333334 0.7907742998352554 0.034444444444444444 0.04612850082372323
0 0.13833333333333334 0.8327841845140033 0.034444444444444444 0.04118616144975288
0 0.29444444444444445 0.9126853377265239 0.035555555555555556 0.04612850082372323
0 0.13944444444444445 0.8731466227347611 0.03666666666666667 0.042833607907743
0 0.5016666666666667 0.17627677100494235 0.043333333333333335 0.032948929159802305
0 0.7061111111111111 0.32948929159802304 0.034444444444444444 0.039538714991762765
0 0.08611111111111111 0.4126853377265239 0.034444444444444444 0.03789126853377265
0 0.19055555555555556 0.8731466227347611 0.03666666666666667 0.04612850082372323
0 0.29333333333333333 0.8682042833607908 0.03333333333333333 0.039538714991762765
0 0.08611111111111111 0.3311367380560132 0.034444444444444444 0.039538714991762765
0 0.9127777777777778 0.8294892915980231 0.03222222222222222 0.03789126853377265
0 0.5011111111111111 0.14250411861614498 0.04666666666666667 0.03459637561779242
0 0.5005555555555555 0.2413509060955519 0.043333333333333335 0.03789126853377265
0 0.1388888888888889 0.7059308072487644 0.035555555555555556 0.04118616144975288
0 0.29444444444444445 0.78500823723229 0.03111111111111111 0.03789126853377265
0 0.8611111111111112 0.8706754530477759 0.03333333333333333 0.04118616144975288
0 0.19055555555555556 0.8303130148270181 0.034444444444444444 0.039538714991762765
0 0.7588888888888888 0.8706754530477759 0.035555555555555556 0.04118616144975288
0 0.13833333333333334 0.7479406919275123 0.03666666666666667 0.042833607907743
0 0.29333333333333333 0.5774299835255354 0.03111111111111111 0.03789126853377265
0 0.9127777777777778 0.7059308072487644 0.03222222222222222 0.04118616144975288
0 0.9133333333333333 0.7874794069192751 0.03333333333333333 0.042833607907743
0 0.5027777777777778 0.37397034596375617 0.043333333333333335 0.036243822075782535
0 0.08611111111111111 0.19934102141680396 0.034444444444444444 0.042833607907743
0 0.7066666666666667 0.6614497528830313 0.035555555555555556 0.047775947281713346
0 0.9116666666666666 0.7462932454695222 0.03222222222222222 0.039538714991762765
0 0.45 0.8706754530477759 0.03333333333333333 0.03789126853377265
0 0.19 0.7051070840197694 0.03333333333333333 0.042833607907743
0 0.3977777777777778 0.7454695222405272 0.03333333333333333 0.03459637561779242
0 0.9122222222222223 0.5378912685337727 0.035555555555555556 0.04118616144975288
0 0.8611111111111112 0.7891268533772653 0.03333333333333333 0.039538714991762765
0 0.2427777777777778 0.7899505766062603 0.03666666666666667 0.047775947281713346
0 0.08611111111111111 0.24217462932454695 0.03666666666666667 0.042833607907743
0 0.7588888888888888 0.7462932454695222 0.03111111111111111 0.042833607907743
0 0.5516666666666666 0.8706754530477759 0.034444444444444444 0.04118616144975288
0 0.13777777777777778 0.28665568369028005 0.03333333333333333 0.039538714991762765
0 0.8611111111111112 0.24464579901153213 0.03333333333333333 0.03789126853377265
0 0.9127777777777778 0.37397034596375617 0.034444444444444444 0.036243822075782535
0 0.24166666666666667 0.7051070840197694 0.03222222222222222 0.039538714991762765
0 0.9122222222222223 0.4958813838550247 0.035555555555555556 0.042833607907743
0 0.13833333333333334 0.6639209225700164 0.03666666666666667 0.042833607907743
0 0.08611111111111111 0.28747940691927515 0.03666666666666667 0.047775947281713346
0 0.9127777777777778 0.6622734761120264 0.03222222222222222 0.039538714991762765
0 0.9122222222222223 0.45634266886326197 0.035555555555555556 0.039538714991762765
0 0.19055555555555556 0.7471169686985173 0.03666666666666667 0.044481054365733116
0 0.7055555555555556 0.37067545304777594 0.035555555555555556 0.042833607907743
0 0.9127777777777778 0.19934102141680396 0.034444444444444444 0.042833607907743
0 0.7061111111111111 0.5362438220757826 0.034444444444444444 0.04118616144975288
0 0.295 0.8278418451400329 0.034444444444444444 0.04118616144975288
0 0.8605555555555555 0.33031301482701814 0.034444444444444444 0.03789126853377265
0 0.5522222222222222 0.5815485996705108 0.035555555555555556 0.039538714991762765
0 0.08722222222222223 0.15238879736408567 0.034444444444444444 0.047775947281713346
0 0.3977777777777778 0.78500823723229 0.03333333333333333 0.04118616144975288
0 0.7077777777777777 0.78665568369028 0.035555555555555556 0.04118616144975288
0 0.8605555555555555 0.5782537067545305 0.03222222222222222 0.042833607907743
0 0.76 0.9151565074135091 0.035555555555555556 0.047775947281713346
0 0.1388888888888889 0.6219110378912686 0.035555555555555556 0.044481054365733116
0 0.7066666666666667 0.6210873146622735 0.035555555555555556 0.042833607907743
0 0.9127777777777778 0.8698517298187809 0.034444444444444444 0.042833607907743
0 0.18944444444444444 0.7899505766062603 0.03666666666666667 0.04118616144975288
0 0.4494444444444444 0.914332784184514 0.034444444444444444 0.04612850082372323
0 0.3977777777777778 0.9151565074135091 0.035555555555555556 0.047775947281713346
0 0.8605555555555555 0.5362438220757826 0.034444444444444444 0.03789126853377265
0 0.9116666666666666 0.5790774299835255 0.03222222222222222 0.04118616144975288
0 0.24166666666666667 0.6219110378912686 0.03666666666666667 0.04118616144975288
0 0.1388888888888889 0.5387149917627677 0.035555555555555556 0.039538714991762765
0 0.9138888888888889 0.9159802306425041 0.034444444444444444 0.04612850082372323
0 0.7588888888888888 0.24629324546952225 0.035555555555555556 0.044481054365733116
0 0.08666666666666667 0.3723228995057661 0.035555555555555556 0.042833607907743
0 0.29333333333333333 0.6186161449752883 0.03333333333333333 0.04118616144975288
0 0.3972222222222222 0.6202635914332785 0.03222222222222222 0.04118616144975288
0 0.8616666666666667 0.8294892915980231 0.034444444444444444 0.04118616144975288
0 0.7594444444444445 0.7891268533772653 0.03666666666666667 0.042833607907743
0 0.1388888888888889 0.5790774299835255 0.03777777777777778 0.044481054365733116
0 0.24166666666666667 0.6647446457990115 0.03666666666666667 0.044481054365733116
0 0.4483333333333333 0.78665568369028 0.034444444444444444 0.04118616144975288
0 0.9122222222222223 0.3311367380560132 0.03333333333333333 0.04612850082372323
0 0.13777777777777778 0.24299835255354202 0.035555555555555556 0.047775947281713346
0 0.29333333333333333 0.1985172981878089 0.03333333333333333 0.044481054365733116
0 0.29388888888888887 0.7438220757825371 0.034444444444444444 0.044481054365733116
0 0.9122222222222223 0.2883031301482702 0.03333333333333333 0.039538714991762765
0 0.8605555555555555 0.414332784184514 0.034444444444444444 0.03789126853377265
0 0.5522222222222222 0.914332784184514 0.035555555555555556 0.04612850082372323
0 0.9122222222222223 0.6219110378912686 0.03333333333333333 0.044481054365733116
0 0.13833333333333334 0.4958813838550247 0.034444444444444444 0.04612850082372323
0 0.7577777777777778 0.5362438220757826 0.03333333333333333 0.04118616144975288
0 0.5022222222222222 0.3088962108731466 0.042222222222222223 0.04118616144975288
0 0.7066666666666667 0.45304777594728174 0.03333333333333333 0.039538714991762765
0 0.2411111111111111 0.19604612850082373 0.03333333333333333 0.04612850082372323
0 0.7066666666666667 0.19769357495881384 0.035555555555555556 0.04612850082372323
0 0.3972222222222222 0.5362438220757826 0.034444444444444444 0.03789126853377265
0 0.19 0.5362438220757826 0.03333333333333333 0.04118616144975288
0 0.8616666666666667 0.6647446457990115 0.034444444444444444 0.04118616144975288
0 0.4488888888888889 0.6202635914332785 0.03333333333333333 0.04118616144975288
0 0.8605555555555555 0.2883031301482702 0.034444444444444444 0.042833607907743
0 0.7583333333333333 0.7059308072487644 0.03222222222222222 0.04118616144975288
0 0.8611111111111112 0.7495881383855024 0.035555555555555556 0.042833607907743
0 0.7588888888888888 0.20181219110378912 0.035555555555555556 0.044481054365733116
0 0.7066666666666667 0.7471169686985173 0.035555555555555556 0.04118616144975288
0 0.7055555555555556 0.5782537067545305 0.035555555555555556 0.042833607907743
0 0.7594444444444445 0.15650741350906094 0.03666666666666667 0.04612850082372323
0 0.18888888888888888 0.200164744645799 0.035555555555555556 0.044481054365733116
0 0.7061111111111111 0.24299835255354202 0.03666666666666667 0.044481054365733116
0 0.7583333333333333 0.37067545304777594 0.034444444444444444 0.039538714991762765
0 0.18944444444444444 0.45304777594728174 0.034444444444444444 0.04612850082372323
0 0.7583333333333333 0.5790774299835255 0.034444444444444444 0.044481054365733116
0 0.29333333333333333 0.1515650741350906 0.035555555555555556 0.04612850082372323
0 0.24055555555555555 0.24217462932454695 0.03666666666666667 0.04612850082372323
0 0.6538888888888889 0.200164744645799 0.034444444444444444 0.047775947281713346
0 0.29333333333333333 0.328665568369028 0.035555555555555556 0.04118616144975288
0 0.24166666666666667 0.45304777594728174 0.034444444444444444 0.042833607907743
0 0.2411111111111111 0.28665568369028005 0.03333333333333333 0.039538714991762765
0 0.6544444444444445 0.4135090609555189 0.035555555555555556 0.039538714991762765
0 0.6033333333333334 0.5395387149917628 0.035555555555555556 0.044481054365733116
0 0.6038888888888889 0.1556836902800659 0.03666666666666667 0.047775947281713346
0 0.39666666666666667 0.2841845140032949 0.035555555555555556 0.044481054365733116
0 0.5522222222222222 0.6606260296540363 0.03333333333333333 0.042833607907743
0 0.6033333333333334 0.4958813838550247 0.03333333333333333 0.042833607907743
0 0.81 0.200164744645799 0.03333333333333333 0.044481054365733116
0 0.4483333333333333 0.6598023064250412 0.034444444444444444 0.04118616144975288
0 0.6538888888888889 0.371499176276771 0.034444444444444444 0.04118616144975288
0 0.5522222222222222 0.49670510708401977 0.035555555555555556 0.04118616144975288
0 0.8094444444444444 0.41515650741350907 0.034444444444444444 0.042833607907743
0 0.6544444444444445 0.32948929159802304 0.03333333333333333 0.042833607907743
0 0.24166666666666667 0.32784184514003295 0.034444444444444444 0.042833607907743
0 0.7583333333333333 0.328665568369028 0.03666666666666667 0.04118616144975288
0 0.8094444444444444 0.3731466227347611 0.034444444444444444 0.04118616144975288
0 0.4488888888888889 0.4950576606260296 0.03333333333333333 0.04118616144975288
0 0.4477777777777778 0.36820428336079075 0.03111111111111111 0.04118616144975288
0 0.29388888888888887 0.28665568369028005 0.034444444444444444 0.042833607907743
0 0.4488888888888889 0.5354200988467874 0.035555555555555556 0.042833607907743
0 0.2927777777777778 0.4102141680395387 0.034444444444444444 0.042833607907743
0 0.5522222222222222 0.5378912685337727 0.035555555555555556 0.044481054365733116
0 0.39666666666666667 0.32784184514003295 0.035555555555555556 0.039538714991762765
0 0.3972222222222222 0.5782537067545305 0.03222222222222222 0.042833607907743
0 0.39666666666666667 0.45304777594728174 0.03333333333333333 0.039538714991762765
0 0.3972222222222222 0.6630971993410214 0.034444444444444444 0.04118616144975288
0 0.6038888888888889 0.28747940691927515 0.034444444444444444 0.044481054365733116
0 0.4494444444444444 0.1985172981878089 0.034444444444444444 0.044481054365733116
0 0.5527777777777778 0.24464579901153213 0.034444444444444444 0.04118616144975288
0 0.29388888888888887 0.4538714991762768 0.03666666666666667 0.044481054365733116
0 0.6038888888888889 0.24382207578253706 0.034444444444444444 0.042833607907743
0 0.24166666666666667 0.4950576606260296 0.034444444444444444 0.044481054365733116
0 0.8094444444444444 0.24464579901153213 0.034444444444444444 0.044481054365733116
0 0.7588888888888888 0.4110378912685338 0.035555555555555556 0.04118616144975288
0 0.39666666666666667 0.3698517298187809 0.035555555555555556 0.044481054365733116
0 0.4483333333333333 0.28500823723228996 0.03222222222222222 0.042833607907743
0 0.5522222222222222 0.15321252059308071 0.035555555555555556 0.05271828665568369
0 0.6033333333333334 0.371499176276771 0.03333333333333333 0.04118616144975288
0 0.4477777777777778 0.3270181219110379 0.03111111111111111 0.04118616144975288
0 0.6544444444444445 0.24546952224052718 0.03333333333333333 0.042833607907743
0 0.6033333333333334 0.4135090609555189 0.035555555555555556 0.042833607907743
0 0.5516666666666666 0.37067545304777594 0.034444444444444444 0.042833607907743
0 0.5522222222222222 0.4546952224052718 0.03333333333333333 0.042833607907743
0 0.4488888888888889 0.24217462932454695 0.03333333333333333 0.042833607907743
0 0.6038888888888889 0.45551894563426687 0.034444444444444444 0.04118616144975288
0 0.655 0.2883031301482702 0.034444444444444444 0.039538714991762765
0 0.4488888888888889 0.4102141680395387 0.03333333333333333 0.04612850082372323
0 0.5527777777777778 0.2026359143327842 0.034444444444444444 0.042833607907743
0 0.4483333333333333 0.45304777594728174 0.034444444444444444 0.042833607907743
0 0.4494444444444444 0.5782537067545305 0.034444444444444444 0.042833607907743
0 0.5522222222222222 0.4126853377265239 0.03333333333333333 0.04118616144975288
0 0.5527777777777778 0.328665568369028 0.03222222222222222 0.04118616144975288
0 0.5533333333333333 0.28665568369028005 0.03333333333333333 0.042833607907743
0 0.6538888888888889 0.4546952224052718 0.03666666666666667 0.04612850082372323