0 0.528125 0.5893987341772152 0.02625 0.03955696202531646
0 0.53375 0.6257911392405063 0.02625 0.03322784810126582
0 0.151875 0.8180379746835443 0.0375 0.04272151898734177
0 0.14875 0.7950949367088608 0.035 0.03481012658227848
0 0.49375 0.3924050632911392 0.04 0.04272151898734177
0 0.54 0.6669303797468354 0.0225 0.022151898734177215
0 0.155625 0.8504746835443038 0.04 0.04746835443037975
0 0.335625 0.47468354430379744 0.03625 0.03639240506329114
0 0.688125 0.6329113924050633 0.03625 0.03481012658227848
0 0.79 0.5506329113924051 0.03625 0.0379746835443038
0 0.193125 0.6867088607594937 0.03875 0.03955696202531646
0 0.185625 0.6242088607594937 0.0375 0.03955696202531646
0 0.355 0.6281645569620253 0.03625 0.03481012658227848
0 0.13625 0.6938291139240507 0.0375 0.0379746835443038
0 0.851875 0.6075949367088608 0.0325 0.03481012658227848
0 0.223125 0.939873417721519 0.035 0.03639240506329114
0 0.314375 0.7642405063291139 0.03375 0.03639240506329114
0 0.84875 0.5767405063291139 0.03625 0.0379746835443038
0 0.709375 0.8235759493670886 0.03875 0.0379746835443038
0 0.26625 0.8354430379746836 0.0375 0.03955696202531646
0 0.309375 0.7325949367088608 0.0375 0.03955696202531646
0 0.665625 0.4477848101265823 0.03625 0.03639240506329114
0 0.411875 0.6503164556962026 0.03625 0.03639240506329114
0 0.87375 0.3204113924050633 0.035 0.03639240506329114
0 0.3325 0.4430379746835443 0.03625 0.03639240506329114
0 0.651875 0.8014240506329114 0.0375 0.04113924050632911
0 0.859375 0.6693037974683544 0.035 0.03481012658227848
0 0.501875 0.46360759493670883 0.0375 0.04272151898734177
0 0.655 0.8322784810126582 0.03625 0.03639240506329114
0 0.41625 0.6811708860759493 0.0375 0.03955696202531646
0 0.828125 0.3884493670886076 0.0325 0.03481012658227848
0 0.34375 0.5387658227848101 0.03625 0.03639240506329114
0 0.325 0.377373417721519 0.03625 0.03639240506329114
0 0.130625 0.6337025316455697 0.03875 0.03955696202531646
0 0.2525 0.7104430379746836 0.03625 0.03955696202531646
0 0.73875 0.5941455696202531 0.035 0.03639240506329114
0 0.55375 0.43591772151898733 0.03625 0.03639240506329114
0 0.65875 0.8647151898734177 0.0375 0.03639240506329114
0 0.840625 0.5134493670886076 0.03375 0.03322784810126582
0 0.365 0.7246835443037974 0.03625 0.04113924050632911
0 0.441875 0.9026898734177216 0.03375 0.03322784810126582
0 0.219375 0.42800632911392406 0.0375 0.04272151898734177
0 0.10875 0.4454113924050633 0.0375 0.03955696202531646
0 0.423125 0.7444620253164557 0.035 0.03639240506329114
0 0.174375 0.5324367088607594 0.035 0.03639240506329114
0 0.435625 0.3599683544303797 0.03625 0.03955696202531646
0 0.87875 0.34968354430379744 0.035 0.03639240506329114
0 0.57 0.5909810126582279 0.03625 0.03639240506329114
0 0.4475 0.45569620253164556 0.035 0.03322784810126582
0 0.426875 0.7761075949367089 0.03625 0.0379746835443038
0 0.419375 0.7120253164556962 0.035 0.0379746835443038
0 0.20125 0.7515822784810127 0.0375 0.04113924050632911
0 0.35 0.5981012658227848 0.03875 0.0379746835443038
0 0.189375 0.6550632911392406 0.03875 0.0379746835443038
0 0.74625 0.6566455696202531 0.03375 0.03481012658227848
0 0.6375 0.6764240506329114 0.035 0.0379746835443038
0 0.259375 0.7721518987341772 0.0375 0.0379746835443038
0 0.7725 0.3987341772151899 0.0325 0.03481012658227848
0 0.845 0.5443037974683544 0.03625 0.03639240506329114
0 0.863125 0.7009493670886076 0.03625 0.03639240506329114
0 0.63375 0.6447784810126582 0.03625 0.03639240506329114
0 0.123125 0.571993670886076 0.03625 0.0379746835443038
0 0.36125 0.6906645569620253 0.03625 0.03639240506329114
0 0.885625 0.41060126582278483 0.0375 0.0379746835443038
0 0.2925 0.5767405063291139 0.03625 0.03955696202531646
0 0.2875 0.5458860759493671 0.035 0.03481012658227848
0 0.705625 0.7943037974683544 0.0375 0.0379746835443038
0 0.578125 0.6526898734177216 0.03625 0.03639240506329114
0 0.1675 0.4699367088607595 0.03875 0.04113924050632911
0 0.450625 0.4849683544303797 0.035 0.03639240506329114
0 0.32375 0.8583860759493671 0.03625 0.03639240506329114
0 0.581875 0.685126582278481 0.0375 0.04113924050632911
0 0.6625 0.4185126582278481 0.03625 0.03639240506329114
0 0.764375 0.8180379746835443 0.03625 0.0379746835443038
0 0.8125 0.7412974683544303 0.0375 0.03955696202531646
0 0.145625 0.759493670886076 0.0375 0.0379746835443038
0 0.793125 0.5830696202531646 0.035 0.03639240506329114
0 0.391875 0.4651898734177215 0.03625 0.03639240506329114
0 0.701875 0.7610759493670886 0.0375 0.03955696202531646
0 0.40125 0.5569620253164557 0.03375 0.0379746835443038
0 0.454375 0.5174050632911392 0.035 0.0379746835443038
0 0.28375 0.5142405063291139 0.035 0.03639240506329114
0 0.111875 0.4802215189873418 0.0375 0.03955696202531646
0 0.83125 0.4208860759493671 0.035 0.03955696202531646
0 0.56375 0.5292721518987342 0.03625 0.03639240506329114
0 0.17875 0.564873417721519 0.0325 0.03481012658227848
0 0.623125 0.5522151898734177 0.035 0.03639240506329114
0 0.48875 0.3536392405063291 0.03875 0.04588607594936709
0 0.60875 0.4264240506329114 0.035 0.03639240506329114
0 0.81625 0.7745253164556962 0.03625 0.0379746835443038
0 0.11625 0.5102848101265823 0.03875 0.0379746835443038
0 0.2375 0.5854430379746836 0.0375 0.04113924050632911
0 0.328125 0.8900316455696202 0.0375 0.0379746835443038
0 0.85625 0.6384493670886076 0.03625 0.03639240506329114
0 0.269375 0.8694620253164557 0.03625 0.03955696202531646
0 0.68125 0.5727848101265823 0.03375 0.03481012658227848
0 0.713125 0.8544303797468354 0.0375 0.03639240506329114
0 0.43375 0.8386075949367089 0.03625 0.03639240506329114
0 0.165 0.435126582278481 0.03875 0.04430379746835443
0 0.398125 0.5261075949367089 0.03625 0.03481012658227848
0 0.72125 0.43908227848101267 0.03375 0.03322784810126582
0 0.5575 0.46835443037974683 0.03375 0.03955696202531646
0 0.87 0.28560126582278483 0.0375 0.04430379746835443
0 0.73625 0.5640822784810127 0.035 0.03481012658227848
0 0.695625 0.696993670886076 0.0375 0.03955696202531646
0 0.8375 0.4833860759493671 0.0375 0.0379746835443038
0 0.4575 0.5482594936708861 0.035 0.03639240506329114
0 0.14125 0.7262658227848101 0.0375 0.04113924050632911
0 0.76125 0.7840189873417721 0.0375 0.04430379746835443
0 0.339375 0.5063291139240507 0.0375 0.03955696202531646
0 0.276875 0.45332278481012656 0.03625 0.03639240506329114
0 0.32875 0.4098101265822785 0.03875 0.04113924050632911
0 0.75375 0.7199367088607594 0.0375 0.04113924050632911
0 0.691875 0.6645569620253164 0.035 0.03639240506329114
0 0.383125 0.40110759493670883 0.03875 0.04113924050632911
0 0.775625 0.4287974683544304 0.035 0.0379746835443038
0 0.809375 0.7096518987341772 0.0375 0.03955696202531646
0 0.6975 0.7286392405063291 0.0375 0.0379746835443038
0 0.395625 0.49604430379746833 0.03625 0.0379746835443038
0 0.550625 0.4026898734177215 0.035 0.03955696202531646
0 0.40875 0.6194620253164557 0.035 0.03481012658227848
0 0.230625 0.5245253164556962 0.035 0.03639240506329114
0 0.805 0.6787974683544303 0.03625 0.03639240506329114
0 0.5675 0.560126582278481 0.0375 0.03955696202531646
0 0.226875 0.4912974683544304 0.0375 0.04113924050632911
0 0.65875 0.3860759493670886 0.0375 0.04113924050632911
0 0.80125 0.6463607594936709 0.03625 0.0379746835443038
0 0.611875 0.4588607594936709 0.03375 0.0379746835443038
0 0.620625 0.5205696202531646 0.03375 0.03639240506329114
0 0.27375 0.4200949367088608 0.0375 0.04113924050632911
0 0.459375 0.5791139240506329 0.03875 0.03955696202531646
0 0.714375 0.37579113924050633 0.035 0.0379746835443038
0 0.605625 0.3947784810126582 0.03625 0.0379746835443038
0 0.743125 0.6257911392405063 0.035 0.03639240506329114
0 0.386875 0.43433544303797467 0.03875 0.0379746835443038
0 0.61625 0.48813291139240506 0.03375 0.03481012658227848
0 0.7175 0.40901898734177217 0.0375 0.03955696202531646
0 0.295625 0.6060126582278481 0.0325 0.03322784810126582
0 0.248125 0.678006329113924 0.0375 0.0379746835443038
0 0.538125 0.6471518987341772 0.02125 0.020569620253164556
0 0.559375 0.8568037974683544 0.025 0.02531645569620253
0 0.541875 0.6882911392405063 0.02375 0.02689873417721519
0 0.869375 0.7658227848101266 0.03875 0.0379746835443038
0 0.626875 0.5822784810126582 0.03375 0.03481012658227848
0 0.37875 0.3686708860759494 0.035 0.03639240506329114
0 0.43 0.8061708860759493 0.0325 0.03481012658227848
0 0.644375 0.7381329113924051 0.035 0.03955696202531646
0 0.19625 0.7191455696202531 0.03875 0.0379746835443038
0 0.8825 0.379746835443038 0.03375 0.03322784810126582
0 0.835 0.45332278481012656 0.035 0.03639240506329114
0 0.733125 0.5340189873417721 0.03625 0.0379746835443038
0 0.7975 0.615506329113924 0.03625 0.0379746835443038
0 0.441875 0.4240506329113924 0.0375 0.04113924050632911
0 0.404375 0.5893987341772152 0.0375 0.0379746835443038
0 0.74875 0.6875 0.0375 0.0379746835443038
0 0.72875 0.502373417721519 0.035 0.03639240506329114
0 0.669375 0.4778481012658228 0.03625 0.03639240506329114
0 0.673125 0.509493670886076 0.03625 0.03639240506329114
0 0.77 0.3662974683544304 0.035 0.04113924050632911
0 0.724375 0.46914556962025317 0.0375 0.0379746835443038
0 0.676875 0.5427215189873418 0.03625 0.03639240506329114
0 0.78375 0.49050632911392406 0.03875 0.04113924050632911
0 0.511875 0.5356012658227848 0.03625 0.03164556962025317
0 0.5075 0.5118670886075949 0.03875 0.030063291139240507
0 0.496875 0.4264240506329114 0.03875 0.03955696202531646
0 0.51375 0.557753164556962 0.03625 0.022151898734177215
0 0.331875 0.9216772151898734 0.0375 0.0379746835443038
0 0.786875 0.5229430379746836 0.03625 0.0379746835443038
0 0.204375 0.7840189873417721 0.0375 0.03639240506329114
0 0.32 0.8267405063291139 0.03625 0.0379746835443038
0 0.280625 0.4833860759493671 0.035 0.03481012658227848
0 0.82 0.805379746835443 0.035 0.03481012658227848
0 0.560625 0.5007911392405063 0.03375 0.03481012658227848
0 0.43875 0.3924050632911392 0.035 0.03481012658227848
0 0.34625 0.5680379746835443 0.03625 0.03639240506329114
0 0.78 0.45806962025316456 0.03125 0.03481012658227848
0 0.215 0.877373417721519 0.03625 0.03955696202531646
0 0.641875 0.7064873417721519 0.035 0.03481012658227848
0 0.17125 0.5015822784810127 0.0375 0.0379746835443038
0 0.2625 0.8022151898734177 0.03625 0.03639240506329114
0 0.273125 0.9003164556962026 0.035 0.03481012658227848
0 0.119375 0.5403481012658228 0.035 0.03322784810126582
0 0.4375 0.870253164556962 0.03 0.03481012658227848
0 0.13375 0.6637658227848101 0.035 0.03322784810126582
0 0.2075 0.8132911392405063 0.03875 0.0379746835443038
0 0.21125 0.8441455696202531 0.03875 0.0379746835443038
0 0.876875 0.8283227848101266 0.0375 0.0379746835443038
0 0.3175 0.7950949367088608 0.0375 0.03955696202531646
0 0.7675 0.8473101265822784 0.0375 0.030063291139240507
0 0.575625 0.6218354430379747 0.03625 0.03639240506329114
0 0.255 0.7420886075949367 0.03625 0.03481012658227848
0 0.16125 0.8868670886075949 0.03625 0.0379746835443038
0 0.218125 0.9098101265822784 0.03375 0.03481012658227848
0 0.756875 0.7507911392405063 0.03375 0.03481012658227848
0 0.125625 0.6020569620253164 0.03625 0.03639240506329114
0 0.298125 0.6360759493670886 0.03625 0.03955696202531646
0 0.5625 0.879746835443038 0.02375 0.02689873417721519
0 0.240625 0.6170886075949367 0.0325 0.03322784810126582
0 0.82375 0.3536392405063291 0.035 0.0379746835443038
0 0.3575 0.6582278481012658 0.03625 0.0379746835443038
0 0.30625 0.7009493670886076 0.035 0.0379746835443038
0 0.16875 0.9501582278481012 0.0375 0.03955696202531646
0 0.873125 0.7950949367088608 0.03875 0.04113924050632911
0 0.221875 0.4596518987341772 0.035 0.03481012658227848
0 0.276875 0.9319620253164557 0.0375 0.03639240506329114
0 0.181875 0.5941455696202531 0.035 0.03481012658227848
0 0.82125 0.8362341772151899 0.04 0.0379746835443038
0 0.233125 0.5537974683544303 0.035 0.03164556962025317
0 0.68375 0.6036392405063291 0.03375 0.03639240506329114
0 0.865625 0.7333860759493671 0.03875 0.03955696202531646
0 0.64875 0.7681962025316456 0.03625 0.03481012658227848
0 0.301875 0.6700949367088608 0.03625 0.0379746835443038
0 0.16375 0.9177215189873418 0.035 0.03639240506329114
0 0.245625 0.6471518987341772 0.03625 0.0379746835443038
0 0.54125 0.7974683544303798 0.03375 0.03639240506329114
0 0.62875 0.6131329113924051 0.035 0.03639240506329114