0 0.7816666666666666 0.3587848932676519 0.03888888888888889 0.054187192118226604
0 0.765 0.6962233169129721 0.04 0.054187192118226604
0 0.12833333333333333 0.7463054187192119 0.024444444444444446 0.03776683087027915
0 0.8977777777777778 0.3727422003284072 0.025555555555555557 0.03776683087027915
0 0.8972222222222223 0.9195402298850575 0.02666666666666667 0.03776683087027915
0 0.7666666666666667 0.9064039408866995 0.024444444444444446 0.03776683087027915
0 0.15555555555555556 0.7077175697865353 0.025555555555555557 0.03776683087027915
0 0.13277777777777777 0.6642036124794746 0.025555555555555557 0.03776683087027915
0 0.7711111111111111 0.8637110016420362 0.025555555555555557 0.03940886699507389
0 0.15333333333333332 0.7520525451559934 0.027777777777777776 0.04433497536945813
0 0.8266666666666667 0.7438423645320197 0.024444444444444446 0.03776683087027915
0 0.7427777777777778 0.9022988505747126 0.02666666666666667 0.03776683087027915
0 0.5283333333333333 0.3013136288998358 0.04777777777777778 0.04433497536945813
0 0.9211111111111111 0.9220032840722496 0.025555555555555557 0.034482758620689655
0 0.8244444444444444 0.7832512315270936 0.023333333333333334 0.0361247947454844
0 0.9455555555555556 0.41954022988505746 0.024444444444444446 0.0361247947454844
0 0.8438888888888889 0.4064039408866995 0.022222222222222223 0.03940886699507389
0 0.9233333333333333 0.8801313628899836 0.027777777777777776 0.042692939244663386
0 0.6627777777777778 0.6847290640394089 0.042222222222222223 0.054187192118226604
0 0.13 0.7044334975369458 0.027777777777777776 0.042692939244663386
0 0.7733333333333333 0.819376026272578 0.025555555555555557 0.041050903119868636
0 0.9272222222222222 0.7980295566502463 0.025555555555555557 0.03776683087027915
0 0.5272222222222223 0.33251231527093594 0.05 0.047619047619047616
0 0.6972222222222222 0.7684729064039408 0.024444444444444446 0.03776683087027915
0 0.7922222222222223 0.4014778325123153 0.025555555555555557 0.03940886699507389
0 0.19722222222222222 0.37520525451559933 0.02666666666666667 0.0361247947454844
0 0.75 0.7750410509031199 0.025555555555555557 0.0361247947454844
0 0.9255555555555556 0.8374384236453202 0.02666666666666667 0.03776683087027915
0 0.8416666666666667 0.4466338259441708 0.021111111111111112 0.034482758620689655
0 0.9444444444444444 0.4573070607553366 0.027777777777777776 0.042692939244663386
0 0.7444444444444445 0.8571428571428571 0.02666666666666667 0.042692939244663386
0 0.5177777777777778 0.493431855500821 0.03333333333333333 0.04433497536945813
0 0.7894444444444444 0.44170771756978655 0.027777777777777776 0.042692939244663386
0 0.9011111111111111 0.2857142857142857 0.025555555555555557 0.03940886699507389
0 0.8983333333333333 0.8776683087027914 0.028888888888888888 0.04433497536945813
0 0.8661111111111112 0.7077175697865353 0.04 0.059113300492610835
0 0.9288888888888889 0.7569786535303776 0.025555555555555557 0.03940886699507389
0 0.8911111111111111 0.49589490968801314 0.024444444444444446 0.03940886699507389
0 0.7744444444444445 0.7389162561576355 0.02666666666666667 0.03776683087027915
0 0.21833333333333332 0.5049261083743842 0.024444444444444446 0.0361247947454844
0 0.475 0.3243021346469622 0.04 0.05090311986863711
0 0.11166666666666666 0.2857142857142857 0.03888888888888889 0.05582922824302135
0 0.7216666666666667 0.7742200328407225 0.02666666666666667 0.03940886699507389
0 0.3022222222222222 0.645320197044335 0.04111111111111111 0.060755336617405585
0 0.8933333333333333 0.4540229885057471 0.024444444444444446 0.041050903119868636
0 0.7466666666666667 0.8160919540229885 0.025555555555555557 0.03940886699507389
0 0.7522222222222222 0.7348111658456487 0.023333333333333334 0.03776683087027915
0 0.9005555555555556 0.8341543513957307 0.025555555555555557 0.03776683087027915
0 0.19277777777777777 0.5024630541871922 0.024444444444444446 0.034482758620689655
0 0.5383333333333333 0.09523809523809523 0.04888888888888889 0.04926108374384237
0 0.7744444444444445 0.7766830870279147 0.025555555555555557 0.03776683087027915
0 0.6872222222222222 0.43267651888341546 0.025555555555555557 0.03940886699507389
0 0.7416666666666667 0.3916256157635468 0.025555555555555557 0.03940886699507389
0 0.905 0.7536945812807881 0.02666666666666667 0.03776683087027915
0 0.19611111111111112 0.4187192118226601 0.025555555555555557 0.042692939244663386
0 0.5372222222222223 0.13054187192118227 0.04888888888888889 0.047619047619047616
0 0.225 0.3784893267651888 0.024444444444444446 0.0361247947454844
0 0.7127777777777777 0.47372742200328405 0.023333333333333334 0.03776683087027915
0 0.8661111111111112 0.493431855500821 0.024444444444444446 0.03940886699507389
0 0.9038888888888889 0.7931034482758621 0.025555555555555557 0.03776683087027915
0 0.21611111111111111 0.2955665024630542 0.04111111111111111 0.054187192118226604
0 0.6633333333333333 0.42857142857142855 0.025555555555555557 0.041050903119868636
0 0.19777777777777777 0.6330049261083743 0.03666666666666667 0.05090311986863711
0 0.8366666666666667 0.5722495894909688 0.022222222222222223 0.034482758620689655
0 0.875 0.2832512315270936 0.023333333333333334 0.03776683087027915
0 0.8166666666666667 0.48686371100164205 0.024444444444444446 0.03776683087027915
0 0.115 0.24302134646962234 0.04111111111111111 0.05090311986863711
0 0.7383333333333333 0.47783251231527096 0.025555555555555557 0.03776683087027915
0 0.8944444444444445 0.41461412151067323 0.025555555555555557 0.03776683087027915
0 0.22111111111111112 0.4630541871921182 0.025555555555555557 0.03776683087027915
0 0.22611111111111112 0.34072249589490966 0.024444444444444446 0.03940886699507389
0 0.14777777777777779 0.6272577996715928 0.043333333333333335 0.054187192118226604
0 0.22333333333333333 0.42282430213464695 0.028888888888888888 0.04597701149425287
0 0.5311111111111111 0.26683087027914615 0.05 0.05090311986863711
0 0.8722222222222222 0.3669950738916256 0.025555555555555557 0.0361247947454844
0 0.7166666666666667 0.38834154351395733 0.024444444444444446 0.034482758620689655
0 0.7227777777777777 0.26436781609195403 0.023333333333333334 0.0361247947454844
0 0.7233333333333334 0.7339901477832512 0.02666666666666667 0.03940886699507389
0 0.3522222222222222 0.6518883415435139 0.042222222222222223 0.060755336617405585
0 0.8694444444444445 0.409688013136289 0.024444444444444446 0.03940886699507389
0 0.09833333333333333 0.5763546798029556 0.042222222222222223 0.04926108374384237
0 0.585 0.20689655172413793 0.04 0.047619047619047616
0 0.22055555555555556 0.21018062397372742 0.03888888888888889 0.054187192118226604
0 0.8122222222222222 0.5697865353037767 0.023333333333333334 0.0361247947454844
0 0.8205555555555556 0.4014778325123153 0.02666666666666667 0.03776683087027915
0 0.16444444444444445 0.29064039408866993 0.03777777777777778 0.052545155993431854
0 0.8388888888888889 0.5303776683087028 0.021111111111111112 0.034482758620689655
0 0.30444444444444446 0.6018062397372742 0.03777777777777778 0.04926108374384237
0 0.6988888888888889 0.7298850574712644 0.025555555555555557 0.042692939244663386
0 0.14888888888888888 0.5845648604269293 0.03888888888888889 0.05090311986863711
0 0.8738888888888889 0.3251231527093596 0.02666666666666667 0.03776683087027915
0 0.40444444444444444 0.6559934318555009 0.04 0.054187192118226604
0 0.10055555555555555 0.5311986863711001 0.043333333333333335 0.05747126436781609
0 0.8144444444444444 0.5262725779967159 0.024444444444444446 0.034482758620689655
0 0.8194444444444444 0.44499178981937604 0.024444444444444446 0.03776683087027915
0 0.7472222222222222 0.2676518883415435 0.024444444444444446 0.03776683087027915
0 0.9194444444444444 0.7126436781609196 0.04 0.052545155993431854
0 0.7444444444444445 0.35139573070607555 0.024444444444444446 0.0361247947454844
0 0.8711111111111111 0.6206896551724138 0.03666666666666667 0.054187192118226604
0 0.30666666666666664 0.5574712643678161 0.04 0.05747126436781609
0 0.25277777777777777 0.5935960591133005 0.03777777777777778 0.047619047619047616
0 0.9211111111111111 0.6707717569786535 0.03888888888888889 0.05090311986863711
0 0.665 0.38752052545155996 0.024444444444444446 0.041050903119868636
0 0.20055555555555554 0.33579638752052543 0.027777777777777776 0.041050903119868636
0 0.7405555555555555 0.43596059113300495 0.025555555555555557 0.0361247947454844
0 0.7188888888888889 0.34893267651888343 0.022222222222222223 0.03776683087027915
0 0.8988888888888888 0.3308702791461412 0.025555555555555557 0.042692939244663386
0 0.77 0.6067323481116584 0.03888888888888889 0.05582922824302135
0 0.1661111111111111 0.24958949096880131 0.03888888888888889 0.052545155993431854
0 0.6888888888888889 0.39080459770114945 0.02666666666666667 0.03940886699507389
0 0.25055555555555553 0.6354679802955665 0.03777777777777778 0.05582922824302135
0 0.20166666666666666 0.5451559934318555 0.04 0.05582922824302135
0 0.72 0.3078817733990148 0.025555555555555557 0.0361247947454844
0 0.8688888888888889 0.6650246305418719 0.03666666666666667 0.047619047619047616
0 0.7155555555555555 0.43267651888341546 0.024444444444444446 0.03776683087027915
0 0.5816666666666667 0.24794745484400657 0.03777777777777778 0.047619047619047616
0 0.4072222222222222 0.6141215106732348 0.03888888888888889 0.052545155993431854
0 0.7455555555555555 0.30952380952380953 0.025555555555555557 0.03940886699507389
0 0.7844444444444445 0.3185550082101806 0.03777777777777778 0.047619047619047616
0 0.35555555555555557 0.6067323481116584 0.03888888888888889 0.052545155993431854
0 0.27055555555555555 0.2569786535303777 0.03888888888888889 0.05090311986863711
0 0.21833333333333332 0.25205254515599346 0.03888888888888889 0.05090311986863711
0 0.1688888888888889 0.20361247947454844 0.04 0.054187192118226604
0 0.15166666666666667 0.5385878489326765 0.042222222222222223 0.060755336617405585
0 0.7183333333333334 0.6009852216748769 0.03888888888888889 0.054187192118226604
0 0.2677777777777778 0.2996715927750411 0.04 0.05582922824302135
0 0.8161111111111111 0.7011494252873564 0.03777777777777778 0.05090311986863711
0 0.2722222222222222 0.20853858784893267 0.042222222222222223 0.06896551724137931
0 0.3244444444444444 0.2200328407224959 0.03777777777777778 0.054187192118226604
0 0.47888888888888886 0.23809523809523808 0.03666666666666667 0.04597701149425287
0 0.9377777777777778 0.3341543513957307 0.035555555555555556 0.047619047619047616
0 0.6666666666666666 0.59688013136289 0.042222222222222223 0.059113300492610835
0 0.4766666666666667 0.27832512315270935 0.04 0.054187192118226604
0 0.35777777777777775 0.5632183908045977 0.04111111111111111 0.059113300492610835
0 0.11611111111111111 0.19950738916256158 0.043333333333333335 0.05582922824302135
0 0.7861111111111111 0.2742200328407225 0.042222222222222223 0.059113300492610835
0 0.4822222222222222 0.1921182266009852 0.04 0.059113300492610835
0 0.8172222222222222 0.6584564860426929 0.03666666666666667 0.04926108374384237
0 0.3211111111111111 0.2651888341543514 0.03888888888888889 0.052545155993431854
0 0.9233333333333333 0.625615763546798 0.04 0.05582922824302135
0 0.7144444444444444 0.6896551724137931 0.04111111111111111 0.05582922824302135
0 0.6644444444444444 0.6436781609195402 0.03888888888888889 0.05090311986863711
0 0.19944444444444445 0.590311986863711 0.03888888888888889 0.05090311986863711
0 0.5222222222222223 0.4072249589490969 0.04666666666666667 0.05582922824302135
0 0.255 0.5500821018062397 0.03777777777777778 0.05582922824302135
0 0.37 0.3136288998357964 0.042222222222222223 0.059113300492610835
0 0.7677777777777778 0.6527093596059114 0.03888888888888889 0.052545155993431854
0 0.8683333333333333 0.45073891625615764 0.03 0.04433497536945813
0 0.7144444444444444 0.6444991789819376 0.03666666666666667 0.05090311986863711
0 0.5794444444444444 0.2914614121510673 0.04 0.054187192118226604
0 0.42444444444444446 0.27504105090311987 0.03888888888888889 0.052545155993431854
0 0.68 0.3472906403940887 0.04 0.054187192118226604
0 0.37333333333333335 0.26929392446633826 0.04 0.05090311986863711
0 0.6305555555555555 0.29720853858784896 0.03888888888888889 0.054187192118226604
0 0.5194444444444445 0.45320197044334976 0.043333333333333335 0.054187192118226604
0 0.8211111111111111 0.6141215106732348 0.03666666666666667 0.052545155993431854
0 0.6283333333333333 0.34072249589490966 0.03777777777777778 0.052545155993431854
0 0.9361111111111111 0.3760262725779967 0.03666666666666667 0.05090311986863711
0 0.6838888888888889 0.25779967159277506 0.03666666666666667 0.04926108374384237
0 0.4111111111111111 0.5673234811165846 0.043333333333333335 0.060755336617405585
0 0.5861111111111111 0.16091954022988506 0.04111111111111111 0.06239737274220033
0 0.8333333333333334 0.3637110016420361 0.04 0.05090311986863711
0 0.6333333333333333 0.25205254515599346 0.03888888888888889 0.05582922824302135
0 0.3761111111111111 0.2257799671592775 0.03777777777777778 0.05582922824302135
0 0.9405555555555556 0.28981937602627256 0.03777777777777778 0.054187192118226604
0 0.6816666666666666 0.3013136288998358 0.03777777777777778 0.052545155993431854
0 0.42833333333333334 0.22988505747126436 0.04 0.05747126436781609
0 0.835 0.32348111658456485 0.03666666666666667 0.047619047619047616
0 0.8361111111111111 0.27832512315270935 0.04111111111111111 0.06239737274220033
0 0.42277777777777775 0.3169129720853859 0.04111111111111111 0.05582922824302135
0 0.5311111111111111 0.20032840722495895 0.04888888888888889 0.04926108374384237
0 0.5344444444444445 0.16666666666666666 0.05 0.04433497536945813
0 0.15722222222222224 0.6699507389162561 0.024444444444444446 0.0361247947454844
0 0.1511111111111111 0.7947454844006568 0.028888888888888888 0.042692939244663386
0 0.5311111111111111 0.23316912972085385 0.04777777777777778 0.042692939244663386
0 0.31833333333333336 0.30952380952380953 0.042222222222222223 0.060755336617405585
0 0.5188888888888888 0.7068965517241379 0.027777777777777776 0.03940886699507389
0 0.19555555555555557 0.4638752052545156 0.028888888888888888 0.042692939244663386
0 0.09666666666666666 0.6190476190476191 0.042222222222222223 0.059113300492610835