0 0.6161111111111112 0.6795716639209226 0.042222222222222223 0.05601317957166392
0 0.335 0.34596375617792424 0.027777777777777776 0.04118616144975288
0 0.4955555555555556 0.4052718286655684 0.04777777777777778 0.05930807248764415
0 0.8638888888888889 0.33607907742998355 0.042222222222222223 0.05271828665568369
0 0.7627777777777778 0.3245469522240527 0.042222222222222223 0.054365733113673806
0 0.6622222222222223 0.31054365733113676 0.03888888888888889 0.05271828665568369
0 0.5261111111111111 0.5799011532125206 0.03888888888888889 0.05930807248764415
0 0.3055555555555556 0.257825370675453 0.043333333333333335 0.05930807248764415
0 0.6266666666666667 0.5930807248764415 0.04111111111111111 0.057660626029654036
0 0.6122222222222222 0.3031301482701812 0.03777777777777778 0.04942339373970346
0 0.33111111111111113 0.3871499176276771 0.02666666666666667 0.04118616144975288
0 0.5261111111111111 0.16886326194398682 0.05 0.042833607907743
0 0.17 0.5313014827018122 0.04 0.057660626029654036
0 0.3738888888888889 0.556013179571664 0.04111111111111111 0.060955518945634266
0 0.9188888888888889 0.30230642504118616 0.04 0.057660626029654036
0 0.42388888888888887 0.5642504118616145 0.04 0.057660626029654036
0 0.31222222222222223 0.6375617792421746 0.03888888888888889 0.05601317957166392
0 0.31666666666666665 0.5963756177924218 0.03777777777777778 0.051070840197693576
0 0.35833333333333334 0.2652388797364086 0.03777777777777778 0.051070840197693576
0 0.8583333333333333 0.37644151565074135 0.04 0.051070840197693576
0 0.6566666666666666 0.34925864909390447 0.04 0.05271828665568369
0 0.88 0.6293245469522241 0.04111111111111111 0.057660626029654036
0 0.15388888888888888 0.23805601317957167 0.03888888888888889 0.051070840197693576
0 0.8283333333333334 0.6210873146622735 0.03888888888888889 0.054365733113673806
0 0.4177777777777778 0.6103789126853377 0.03777777777777778 0.04942339373970346
0 0.5755555555555556 0.5873146622734761 0.03888888888888889 0.057660626029654036
0 0.45944444444444443 0.27924217462932455 0.03777777777777778 0.047775947281713346
0 0.15833333333333333 0.6177924217462932 0.042222222222222223 0.054365733113673806
0 0.9083333333333333 0.385502471169687 0.042222222222222223 0.054365733113673806
0 0.8227777777777778 0.6655683690280065 0.03888888888888889 0.051070840197693576
0 0.8138888888888889 0.33031301482701814 0.04 0.054365733113673806
0 0.8677777777777778 0.7116968698517299 0.04111111111111111 0.05601317957166392
0 0.11833333333333333 0.1013179571663921 0.042222222222222223 0.06260296540362438
0 0.31222222222222223 0.21334431630971992 0.04 0.05271828665568369
0 0.26 0.21252059308072488 0.04 0.05271828665568369
0 0.16333333333333333 0.5766062602965404 0.03888888888888889 0.051070840197693576
0 0.31666666666666665 0.17380560131795716 0.03888888888888889 0.04942339373970346
0 0.5661111111111111 0.671334431630972 0.04 0.057660626029654036
0 0.36777777777777776 0.6029654036243822 0.03888888888888889 0.051070840197693576
0 0.7722222222222223 0.657331136738056 0.03888888888888889 0.051070840197693576
0 0.9138888888888889 0.34514003294892914 0.03888888888888889 0.051070840197693576
0 0.7583333333333333 0.3649093904448105 0.04111111111111111 0.05271828665568369
0 0.7205555555555555 0.23064250411861614 0.04 0.05601317957166392
0 0.10777777777777778 0.18945634266886327 0.043333333333333335 0.05601317957166392
0 0.9088888888888889 0.4686985172981878 0.03 0.04612850082372323
0 0.3611111111111111 0.3500823723228995 0.025555555555555557 0.036243822075782535
0 0.8733333333333333 0.671334431630972 0.03777777777777778 0.04942339373970346
0 0.8372222222222222 0.4538714991762768 0.025555555555555557 0.039538714991762765
0 0.8416666666666667 0.41515650741350907 0.027777777777777776 0.039538714991762765
0 0.3561111111111111 0.3912685337726524 0.024444444444444446 0.039538714991762765
0 0.8077777777777778 0.371499176276771 0.03888888888888889 0.05271828665568369
0 0.4088888888888889 0.2759472817133443 0.03777777777777778 0.047775947281713346
0 0.8172222222222222 0.7075782537067545 0.03777777777777778 0.05271828665568369
0 0.4122222222222222 0.6515650741350906 0.03777777777777778 0.054365733113673806
0 0.5144444444444445 0.26935749588138386 0.04777777777777778 0.05271828665568369
0 0.7672222222222222 0.7018121911037891 0.04111111111111111 0.057660626029654036
0 0.3616666666666667 0.642504118616145 0.04 0.054365733113673806
0 0.8611111111111112 0.4596375617792422 0.027777777777777776 0.039538714991762765
0 0.7161111111111111 0.2759472817133443 0.04111111111111111 0.057660626029654036
0 0.11277777777777778 0.14662273476112025 0.03888888888888889 0.047775947281713346
0 0.4027777777777778 0.3163097199341021 0.04111111111111111 0.057660626029654036
0 0.5344444444444445 0.10296540362438221 0.051111111111111114 0.04942339373970346
0 0.9044444444444445 0.5082372322899505 0.028888888888888888 0.03789126853377265
0 0.5305555555555556 0.13591433278418452 0.05 0.051070840197693576
0 0.5183333333333333 0.2355848434925865 0.04777777777777778 0.04612850082372323
0 0.48333333333333334 0.4942339373970346 0.035555555555555556 0.054365733113673806
0 0.9144444444444444 0.42668863261943984 0.03 0.042833607907743
0 0.5066666666666667 0.3319604612850082 0.04777777777777778 0.04942339373970346
0 0.4711111111111111 0.7067545304777595 0.025555555555555557 0.03130148270181219
0 0.10277777777777777 0.22652388797364087 0.04111111111111111 0.036243822075782535
0 0.8677777777777778 0.4209225700164745 0.027777777777777776 0.039538714991762765
0 0.4738888888888889 0.6795716639209226 0.024444444444444446 0.03459637561779242
0 0.5111111111111111 0.30230642504118616 0.04555555555555556 0.044481054365733116
0 0.5216666666666666 0.19934102141680396 0.04888888888888889 0.05271828665568369
0 0.49 0.4489291598023064 0.04555555555555556 0.057660626029654036
0 0.41444444444444445 0.23064250411861614 0.042222222222222223 0.06260296540362438
0 0.5677777777777778 0.2528830313014827 0.04 0.05601317957166392
0 0.6166666666666667 0.257825370675453 0.04111111111111111 0.06260296540362438
0 0.5544444444444444 0.33607907742998355 0.04 0.05601317957166392
0 0.36333333333333334 0.22322899505766064 0.03888888888888889 0.05601317957166392
0 0.21 0.20181219110378912 0.04 0.057660626029654036
0 0.4538888888888889 0.3212520593080725 0.04 0.057660626029654036
0 0.16 0.19439868204283361 0.04 0.057660626029654036
0 0.6683333333333333 0.26688632619439867 0.04 0.05601317957166392
0 0.3527777777777778 0.3056013179571664 0.03888888888888889 0.054365733113673806
0 0.77 0.2800658978583196 0.042222222222222223 0.057660626029654036
0 0.46555555555555556 0.23887973640856672 0.04 0.05601317957166392
0 0.32222222222222224 0.12932454695222406 0.04111111111111111 0.06260296540362438
0 0.6061111111111112 0.34514003294892914 0.042222222222222223 0.05601317957166392
0 0.5616666666666666 0.29489291598023065 0.03888888888888889 0.051070840197693576
0 0.3233333333333333 0.5494233937397035 0.04111111111111111 0.06260296540362438
0 0.1988888888888889 0.28665568369028005 0.04 0.057660626029654036
0 0.8694444444444445 0.29489291598023065 0.04 0.057660626029654036
0 0.5205555555555555 0.6243822075782537 0.03888888888888889 0.051070840197693576
0 0.14777777777777779 0.2808896210873147 0.043333333333333335 0.06260296540362438
0 0.205 0.24464579901153213 0.04111111111111111 0.054365733113673806
0 0.09666666666666666 0.27100494233937394 0.044444444444444446 0.060955518945634266
0 0.8188888888888889 0.28747940691927515 0.04 0.057660626029654036
0 0.26611111111111113 0.16639209225700163 0.042222222222222223 0.0642504118616145
0 0.6205555555555555 0.6383855024711697 0.03888888888888889 0.051070840197693576
0 0.515 0.6663920922570017 0.042222222222222223 0.057660626029654036
0 0.7783333333333333 0.613673805601318 0.04 0.057660626029654036