0 0.706875 0.3401898734177215 0.02375 0.03164556962025317
0 0.333125 0.6526898734177216 0.03625 0.04272151898734177
0 0.51 0.6811708860759493 0.0225 0.030063291139240507
0 0.498125 0.39794303797468356 0.03625 0.030063291139240507
0 0.81625 0.34177215189873417 0.0225 0.02531645569620253
0 0.83125 0.37104430379746833 0.035 0.02689873417721519
0 0.663125 0.34335443037974683 0.03125 0.028481012658227847
0 0.278125 0.6598101265822784 0.03375 0.03164556962025317
0 0.509375 0.7080696202531646 0.02125 0.023734177215189875
0 0.180625 0.49920886075949367 0.02125 0.030063291139240507
0 0.663125 0.6598101265822784 0.03625 0.03481012658227848
0 0.70625 0.43670886075949367 0.0225 0.028481012658227847
0 0.153125 0.432753164556962 0.02125 0.02689873417721519
0 0.731875 0.5324367088607594 0.02375 0.02689873417721519
0 0.1525 0.4651898734177215 0.02 0.02531645569620253
0 0.16625 0.8188291139240507 0.0375 0.03322784810126582
0 0.111875 0.627373417721519 0.03375 0.03322784810126582
0 0.663125 0.5965189873417721 0.03625 0.03481012658227848
0 0.221875 0.627373417721519 0.03375 0.03322784810126582
0 0.331875 0.8188291139240507 0.03375 0.03322784810126582
0 0.278125 0.43670886075949367 0.03375 0.03164556962025317
0 0.166875 0.7215189873417721 0.03625 0.03481012658227848
0 0.1525 0.497626582278481 0.0225 0.030063291139240507
0 0.84375 0.4375 0.025 0.03322784810126582
0 0.18125 0.43433544303797467 0.025 0.03639240506329114
0 0.5525 0.8520569620253164 0.0325 0.030063291139240507
0 0.331875 0.5965189873417721 0.03375 0.03164556962025317
0 0.11125 0.5632911392405063 0.0325 0.03164556962025317
0 0.1675 0.7863924050632911 0.035 0.03164556962025317
0 0.166875 0.754746835443038 0.03375 0.03164556962025317
0 0.333125 0.43433544303797467 0.03125 0.030063291139240507
0 0.2775 0.7262658227848101 0.035 0.03481012658227848
0 0.18125 0.46677215189873417 0.0225 0.02531645569620253
0 0.11125 0.5316455696202531 0.0325 0.03164556962025317
0 0.733125 0.4699367088607595 0.02375 0.028481012658227847
0 0.775625 0.4074367088607595 0.03375 0.030063291139240507
0 0.166875 0.8520569620253164 0.03625 0.03322784810126582
0 0.554375 0.46835443037974683 0.03125 0.03164556962025317
0 0.551875 0.7246835443037974 0.03375 0.028481012658227847
0 0.73375 0.4375 0.025 0.03322784810126582
0 0.775 0.37341772151898733 0.035 0.04113924050632911
0 0.44375 0.40348101265822783 0.035 0.04113924050632911
0 0.719375 0.5640822784810127 0.03625 0.03639240506329114
0 0.5525 0.7871835443037974 0.0325 0.02689873417721519
0 0.278125 0.5316455696202531 0.03375 0.03164556962025317
0 0.7325 0.5007911392405063 0.0225 0.030063291139240507
0 0.278125 0.46677215189873417 0.03375 0.03164556962025317
0 0.111875 0.5949367088607594 0.03375 0.03164556962025317
0 0.2775 0.5632911392405063 0.035 0.03164556962025317
0 0.55375 0.8837025316455697 0.03 0.03322784810126582
0 0.884375 0.5965189873417721 0.03375 0.03481012658227848
0 0.66375 0.5324367088607594 0.0325 0.030063291139240507
0 0.88375 0.37183544303797467 0.035 0.0379746835443038
0 0.885625 0.4074367088607595 0.03625 0.03322784810126582
0 0.2225 0.5941455696202531 0.0325 0.03322784810126582
0 0.609375 0.4050632911392405 0.03125 0.03164556962025317
0 0.88375 0.5332278481012658 0.0325 0.03164556962025317
0 0.828125 0.5640822784810127 0.03375 0.03639240506329114
0 0.55375 0.5316455696202531 0.03 0.03164556962025317
0 0.11125 0.46598101265822783 0.0325 0.030063291139240507
0 0.2225 0.5625 0.0325 0.030063291139240507
0 0.66375 0.4050632911392405 0.0325 0.03164556962025317
0 0.2775 0.8212025316455697 0.035 0.03481012658227848
0 0.774375 0.5031645569620253 0.03375 0.03481012658227848
0 0.223125 0.7887658227848101 0.03375 0.03322784810126582
0 0.884375 0.564873417721519 0.03375 0.03164556962025317
0 0.38875 0.43670886075949367 0.0325 0.0379746835443038
0 0.33375 0.40189873417721517 0.0325 0.03481012658227848
0 0.554375 0.40110759493670883 0.03625 0.04272151898734177
0 0.775 0.46914556962025317 0.0325 0.030063291139240507
0 0.55375 0.5965189873417721 0.0325 0.03164556962025317
0 0.5525 0.6606012658227848 0.035 0.03322784810126582
0 0.82875 0.6629746835443038 0.035 0.03481012658227848
0 0.22375 0.5324367088607594 0.0325 0.030063291139240507
0 0.2225 0.6590189873417721 0.035 0.03322784810126582
0 0.110625 0.497626582278481 0.03125 0.03322784810126582
0 0.11125 0.435126582278481 0.0325 0.03164556962025317
0 0.718125 0.6938291139240507 0.03625 0.03955696202531646
0 0.775 0.43829113924050633 0.035 0.03164556962025317
0 0.664375 0.5007911392405063 0.03125 0.03322784810126582
0 0.2775 0.5965189873417721 0.035 0.03481012658227848
0 0.166875 0.5949367088607594 0.03375 0.03164556962025317
0 0.5525 0.7555379746835443 0.035 0.03322784810126582
0 0.110625 0.40348101265822783 0.03375 0.03164556962025317
0 0.16625 0.627373417721519 0.035 0.03322784810126582
0 0.609375 0.43670886075949367 0.03375 0.03481012658227848
0 0.223125 0.6930379746835443 0.03625 0.03481012658227848
0 0.2225 0.40110759493670883 0.0325 0.03639240506329114
0 0.33375 0.5 0.035 0.03481012658227848
0 0.553125 0.6281645569620253 0.03375 0.03481012658227848
0 0.5525 0.6930379746835443 0.035 0.03481012658227848
0 0.55375 0.49920886075949367 0.0325 0.030063291139240507
0 0.664375 0.46835443037974683 0.03375 0.03164556962025317
0 0.331875 0.5632911392405063 0.03375 0.03481012658227848
0 0.33375 0.46677215189873417 0.0325 0.03481012658227848
0 0.2775 0.49920886075949367 0.035 0.03322784810126582
0 0.22375 0.46677215189873417 0.03 0.03164556962025317
0 0.223125 0.435126582278481 0.03125 0.03164556962025317
0 0.110625 0.3694620253164557 0.03625 0.03639240506329114
0 0.2775 0.4026898734177215 0.035 0.03955696202531646
0 0.553125 0.564873417721519 0.03125 0.03164556962025317
0 0.22375 0.5 0.0325 0.03481012658227848
0 0.551875 0.819620253164557 0.03625 0.0379746835443038
0 0.66375 0.43591772151898733 0.035 0.03322784810126582
0 0.166875 0.5617088607594937 0.03625 0.03481012658227848
0 0.15375 0.33860759493670883 0.0225 0.028481012658227847
0 0.181875 0.33544303797468356 0.02125 0.028481012658227847
0 0.496875 0.7990506329113924 0.02875 0.028481012658227847
0 0.111875 0.754746835443038 0.03125 0.03164556962025317
0 0.333125 0.6313291139240507 0.03375 0.04113924050632911
0 0.6625 0.370253164556962 0.0325 0.0379746835443038
0 0.609375 0.3401898734177215 0.03375 0.028481012658227847
0 0.498125 0.4525316455696203 0.03625 0.03481012658227848
0 0.703125 0.5015822784810127 0.02375 0.03164556962025317
0 0.11125 0.7863924050632911 0.035 0.03164556962025317
0 0.718125 0.6289556962025317 0.03375 0.03322784810126582
0 0.719375 0.375 0.03125 0.03481012658227848
0 0.705 0.4675632911392405 0.0225 0.023734177215189875
0 0.663125 0.6930379746835443 0.03375 0.03481012658227848
0 0.166875 0.40110759493670883 0.03375 0.030063291139240507
0 0.11125 0.6590189873417721 0.0325 0.03322784810126582
0 0.3325 0.7238924050632911 0.035 0.03322784810126582
0 0.333125 0.5300632911392406 0.03125 0.028481012658227847
0 0.331875 0.7555379746835443 0.03375 0.03322784810126582
0 0.278125 0.884493670886076 0.03375 0.028481012658227847
0 0.2775 0.8544303797468354 0.0325 0.03164556962025317
0 0.223125 0.7246835443037974 0.0325 0.02689873417721519
0 0.2225 0.754746835443038 0.035 0.03481012658227848
0 0.3325 0.8829113924050633 0.035 0.028481012658227847
0 0.111875 0.7231012658227848 0.03375 0.03164556962025317
0 0.111875 0.6906645569620253 0.03375 0.030063291139240507
0 0.82875 0.5981012658227848 0.035 0.03164556962025317
0 0.814375 0.502373417721519 0.02125 0.03322784810126582
0 0.1675 0.3694620253164557 0.0325 0.03322784810126582
0 0.2775 0.7879746835443038 0.035 0.03164556962025317
0 0.110625 0.8504746835443038 0.03625 0.03322784810126582
0 0.830625 0.4026898734177215 0.03625 0.03639240506329114
0 0.718125 0.5981012658227848 0.03375 0.03164556962025317
0 0.333125 0.8520569620253164 0.03375 0.03322784810126582
0 0.885 0.46914556962025317 0.0325 0.030063291139240507
0 0.2775 0.757120253164557 0.035 0.030063291139240507
0 0.663125 0.757120253164557 0.03375 0.03322784810126582
0 0.66375 0.6281645569620253 0.035 0.03164556962025317
0 0.718125 0.6598101265822784 0.03375 0.03164556962025317
0 0.663125 0.5640822784810127 0.03375 0.030063291139240507
0 0.2775 0.692246835443038 0.0375 0.03322784810126582
0 0.3325 0.7863924050632911 0.0325 0.03164556962025317
0 0.166875 0.6590189873417721 0.03375 0.03322784810126582
0 0.388125 0.40110759493670883 0.02875 0.03322784810126582
0 0.180625 0.5308544303797469 0.02375 0.02689873417721519
0 0.885625 0.44066455696202533 0.03375 0.030063291139240507
0 0.166875 0.689873417721519 0.03625 0.03164556962025317
0 0.511875 0.6613924050632911 0.02125 0.012658227848101266
0 0.51 0.6463607594936709 0.02125 0.014240506329113924
0 0.5125 0.6305379746835443 0.02 0.015822784810126583
0 0.51125 0.615506329113924 0.0175 0.015822784810126583
0 0.51 0.5981012658227848 0.01875 0.01740506329113924
0 0.49875 0.5482594936708861 0.02875 0.00949367088607595
0 0.5 0.3425632911392405 0.03625 0.03639240506329114
0 0.73375 0.34335443037974683 0.025 0.030063291139240507
0 0.844375 0.34098101265822783 0.02375 0.030063291139240507
0 0.51125 0.5806962025316456 0.02 0.0189873417721519
0 0.49875 0.4248417721518987 0.035 0.023734177215189875
0 0.499375 0.5087025316455697 0.03125 0.023734177215189875
0 0.499375 0.5316455696202531 0.03625 0.022151898734177215
0 0.499375 0.37104430379746833 0.03625 0.020569620253164556
0 0.554375 0.43670886075949367 0.03375 0.03164556962025317
0 0.885 0.5007911392405063 0.0325 0.030063291139240507
0 0.333125 0.6914556962025317 0.03625 0.03481012658227848
0 0.815625 0.43670886075949367 0.02125 0.028481012658227847
0 0.609375 0.370253164556962 0.03125 0.03481012658227848
0 0.84375 0.46914556962025317 0.0225 0.02689873417721519
0 0.8425 0.5332278481012658 0.025 0.028481012658227847
0 0.815 0.4675632911392405 0.02 0.02689873417721519
0 0.278125 0.6289556962025317 0.03125 0.030063291139240507
0 0.510625 0.8560126582278481 0.02125 0.022151898734177215
0 0.661875 0.7246835443037974 0.03375 0.03481012658227848
0 0.109375 0.8837025316455697 0.03875 0.03322784810126582
0 0.843125 0.5015822784810127 0.02375 0.028481012658227847
0 0.111875 0.8180379746835443 0.03375 0.03164556962025317
0 0.51125 0.882120253164557 0.0225 0.02689873417721519
0 0.71875 0.40585443037974683 0.0325 0.030063291139240507
0 0.389375 0.3401898734177215 0.03375 0.0379746835443038
0 0.38875 0.370253164556962 0.035 0.02531645569620253
0 0.828125 0.6289556962025317 0.03375 0.030063291139240507