0 0.2861111111111111 0.34868421052631576 0.03666666666666667 0.049342105263157895
0 0.5716666666666667 0.6644736842105263 0.03777777777777778 0.05098684210526316
0 0.6138888888888889 0.36019736842105265 0.021111111111111112 0.03782894736842105
0 0.7661111111111111 0.32319078947368424 0.02666666666666667 0.04111842105263158
0 0.4822222222222222 0.6825657894736842 0.027777777777777776 0.04111842105263158
0 0.49777777777777776 0.8930921052631579 0.024444444444444446 0.039473684210526314
0 0.13277777777777777 0.9292763157894737 0.024444444444444446 0.039473684210526314
0 0.4661111111111111 0.8116776315789473 0.025555555555555557 0.04111842105263158
0 0.135 0.9720394736842105 0.02666666666666667 0.03782894736842105
0 0.7783333333333333 0.4449013157894737 0.02666666666666667 0.04111842105263158
0 0.11166666666666666 0.975328947368421 0.02666666666666667 0.03453947368421053
0 0.4683333333333333 0.852796052631579 0.02666666666666667 0.04111842105263158
0 0.49 0.8067434210526315 0.02666666666666667 0.044407894736842105
0 0.48055555555555557 0.12171052631578948 0.04666666666666667 0.04276315789473684
0 0.4888888888888889 0.7648026315789473 0.02666666666666667 0.039473684210526314
0 0.2838888888888889 0.30756578947368424 0.034444444444444444 0.049342105263157895
0 0.485 0.18338815789473684 0.04666666666666667 0.03618421052631579
0 0.48444444444444446 0.7220394736842105 0.024444444444444446 0.04111842105263158
0 0.4938888888888889 0.8486842105263158 0.024444444444444446 0.04111842105263158
0 0.7722222222222223 0.3667763157894737 0.02666666666666667 0.04111842105263158
0 0.205 0.49506578947368424 0.025555555555555557 0.046052631578947366
0 0.5333333333333333 0.7154605263157895 0.02666666666666667 0.03453947368421053
0 0.6233333333333333 0.484375 0.027777777777777776 0.039473684210526314
0 0.8444444444444444 0.13404605263157895 0.03888888888888889 0.054276315789473686
0 0.5433333333333333 0.2902960526315789 0.03666666666666667 0.049342105263157895
0 0.5055555555555555 0.46463815789473684 0.04111111111111111 0.05263157894736842
0 0.205 0.6611842105263158 0.03888888888888889 0.05756578947368421
0 0.5388888888888889 0.24588815789473684 0.03777777777777778 0.05592105263157895
0 0.4388888888888889 0.2689144736842105 0.03888888888888889 0.054276315789473686
0 0.26055555555555554 0.7335526315789473 0.03888888888888889 0.05592105263157895
0 0.64 0.1825657894736842 0.03777777777777778 0.054276315789473686
0 0.7961111111111111 0.1875 0.034444444444444444 0.05098684210526316
0 0.8944444444444445 0.07730263157894737 0.03888888888888889 0.05756578947368421
0 0.6866666666666666 0.12746710526315788 0.03888888888888889 0.0625
0 0.5472222222222223 0.33305921052631576 0.03777777777777778 0.05592105263157895
0 0.1527777777777778 0.671875 0.03666666666666667 0.054276315789473686
0 0.5016666666666667 0.42105263157894735 0.042222222222222223 0.054276315789473686
0 0.23166666666666666 0.3207236842105263 0.03888888888888889 0.054276315789473686
0 0.44166666666666665 0.31332236842105265 0.03777777777777778 0.05263157894736842
0 0.8 0.23108552631578946 0.03777777777777778 0.05098684210526316
0 0.2811111111111111 0.26480263157894735 0.03777777777777778 0.05756578947368421
0 0.44555555555555554 0.3560855263157895 0.03666666666666667 0.049342105263157895
0 0.21 0.7467105263157895 0.03888888888888889 0.05263157894736842
0 0.4872222222222222 0.21546052631578946 0.04555555555555556 0.047697368421052634
0 0.5916666666666667 0.23519736842105263 0.03666666666666667 0.05592105263157895
0 0.13555555555555557 0.4292763157894737 0.03666666666666667 0.05098684210526316
0 0.18388888888888888 0.37582236842105265 0.03666666666666667 0.046052631578947366
0 0.4116666666666667 0.6110197368421053 0.03777777777777778 0.05756578947368421
0 0.20722222222222222 0.7047697368421053 0.03666666666666667 0.046052631578947366
0 0.7516666666666667 0.2845394736842105 0.04111111111111111 0.05098684210526316
0 0.23444444444444446 0.3626644736842105 0.04 0.05098684210526316
0 0.6894444444444444 0.17434210526315788 0.035555555555555556 0.044407894736842105
0 0.08277777777777778 0.44243421052631576 0.04 0.05756578947368421
0 0.41388888888888886 0.6570723684210527 0.034444444444444444 0.047697368421052634
0 0.10166666666666667 0.6850328947368421 0.03888888888888889 0.05263157894736842
0 0.6927777777777778 0.2138157894736842 0.03777777777777778 0.05592105263157895
0 0.155 0.7171052631578947 0.03888888888888889 0.05263157894736842
0 0.8977777777777778 0.12335526315789473 0.035555555555555556 0.047697368421052634
0 0.5988888888888889 0.3215460526315789 0.03777777777777778 0.05098684210526316
0 0.18555555555555556 0.4161184210526316 0.04 0.05098684210526316
0 0.59 0.3659539473684211 0.023333333333333334 0.039473684210526314
0 0.7483333333333333 0.2450657894736842 0.03777777777777778 0.047697368421052634
0 0.32944444444444443 0.2080592105263158 0.03777777777777778 0.06085526315789474
0 0.15833333333333333 0.759046052631579 0.03777777777777778 0.05263157894736842
0 0.2561111111111111 0.6504934210526315 0.03777777777777778 0.05592105263157895
0 0.335 0.29851973684210525 0.03777777777777778 0.054276315789473686
0 0.8027777777777778 0.2713815789473684 0.03888888888888889 0.047697368421052634
0 0.9005555555555556 0.16529605263157895 0.04 0.05263157894736842
0 0.10444444444444445 0.7294407894736842 0.04 0.054276315789473686
0 0.12944444444444445 0.34457236842105265 0.03666666666666667 0.054276315789473686
0 0.10777777777777778 0.7705592105263158 0.04 0.049342105263157895
0 0.62 0.6077302631578947 0.03888888888888889 0.054276315789473686
0 0.745 0.20148026315789475 0.035555555555555556 0.05756578947368421
0 0.4938888888888889 0.28289473684210525 0.042222222222222223 0.049342105263157895
0 0.18 0.3314144736842105 0.03777777777777778 0.05921052631578947
0 0.6172222222222222 0.5649671052631579 0.03666666666666667 0.05098684210526316
0 0.4177777777777778 0.6998355263157895 0.03666666666666667 0.054276315789473686
0 0.0811111111111111 0.3996710526315789 0.03777777777777778 0.05098684210526316
0 0.40055555555555555 0.2787828947368421 0.025555555555555557 0.046052631578947366
0 0.43944444444444447 0.4407894736842105 0.024444444444444446 0.04276315789473684
0 0.3327777777777778 0.2565789473684211 0.03333333333333333 0.049342105263157895
0 0.565 0.5764802631578947 0.03777777777777778 0.05263157894736842
0 0.5088888888888888 0.506578947368421 0.03111111111111111 0.047697368421052634
0 0.5922222222222222 0.4029605263157895 0.023333333333333334 0.039473684210526314
0 0.23722222222222222 0.40542763157894735 0.03888888888888889 0.05098684210526316
0 0.46 0.3963815789473684 0.022222222222222223 0.04111842105263158
0 0.595 0.27960526315789475 0.035555555555555556 0.049342105263157895
0 0.13111111111111112 0.3873355263157895 0.03666666666666667 0.05098684210526316
0 0.8511111111111112 0.21875 0.03333333333333333 0.046052631578947366
0 0.6461111111111111 0.26726973684210525 0.034444444444444444 0.049342105263157895
0 0.6172222222222222 0.4004934210526316 0.023333333333333334 0.04276315789473684
0 0.4361111111111111 0.40131578947368424 0.023333333333333334 0.039473684210526314
0 0.4672222222222222 0.4769736842105263 0.024444444444444446 0.04276315789473684
0 0.8288888888888889 0.6060855263157895 0.03888888888888889 0.05263157894736842
0 0.5683333333333334 0.6233552631578947 0.03888888888888889 0.054276315789473686
0 0.4727777777777778 0.5575657894736842 0.025555555555555557 0.044407894736842105
0 0.10444444444444445 0.8939144736842105 0.027777777777777776 0.04276315789473684
0 0.6233333333333333 0.6521381578947368 0.03888888888888889 0.05263157894736842
0 0.49833333333333335 0.3495065789473684 0.044444444444444446 0.04276315789473684
0 0.6433333333333333 0.22697368421052633 0.034444444444444444 0.049342105263157895
0 0.8233333333333334 0.5180921052631579 0.034444444444444444 0.05263157894736842
0 0.12333333333333334 0.8083881578947368 0.023333333333333334 0.04111842105263158
0 0.18444444444444444 0.5435855263157895 0.02666666666666667 0.04111842105263158
0 0.4527777777777778 0.6455592105263158 0.02666666666666667 0.04111842105263158
0 0.4477777777777778 0.5608552631578947 0.024444444444444446 0.04276315789473684
0 0.44333333333333336 0.4810855263157895 0.023333333333333334 0.03782894736842105
0 0.12666666666666668 0.8495065789473685 0.02666666666666667 0.04111842105263158
0 0.17833333333333334 0.4613486842105263 0.02666666666666667 0.04276315789473684
0 0.4627777777777778 0.43585526315789475 0.024444444444444446 0.04111842105263158
0 0.45666666666666667 0.6858552631578947 0.025555555555555557 0.04276315789473684
0 0.49 0.25164473684210525 0.043333333333333335 0.04111842105263158
0 0.17722222222222223 0.8396381578947368 0.027777777777777776 0.04276315789473684
0 0.20222222222222222 0.45476973684210525 0.024444444444444446 0.03782894736842105
0 0.45111111111111113 0.6044407894736842 0.02666666666666667 0.04111842105263158
0 0.475 0.5970394736842105 0.024444444444444446 0.04276315789473684
0 0.4622222222222222 0.7705592105263158 0.02666666666666667 0.04111842105263158
0 0.07777777777777778 0.3569078947368421 0.035555555555555556 0.05098684210526316
0 0.18055555555555555 0.5016447368421053 0.02666666666666667 0.044407894736842105
0 0.1 0.8552631578947368 0.024444444444444446 0.04276315789473684
0 0.10722222222222222 0.9350328947368421 0.02666666666666667 0.04276315789473684
0 0.46055555555555555 0.727796052631579 0.025555555555555557 0.044407894736842105
0 0.4816666666666667 0.15213815789473684 0.044444444444444446 0.047697368421052634
0 0.09833333333333333 0.8125 0.024444444444444446 0.039473684210526314
0 0.4444444444444444 0.5197368421052632 0.025555555555555557 0.046052631578947366
0 0.18666666666666668 0.584703947368421 0.025555555555555557 0.04111842105263158
0 0.4955555555555556 0.31661184210526316 0.043333333333333335 0.04276315789473684
0 0.37555555555555553 0.2845394736842105 0.025555555555555557 0.04276315789473684
0 0.8494444444444444 0.17845394736842105 0.034444444444444444 0.05098684210526316
0 0.47833333333333333 0.6398026315789473 0.02666666666666667 0.04276315789473684
0 0.47055555555555556 0.5180921052631579 0.024444444444444446 0.04111842105263158
0 0.8255555555555556 0.5608552631578947 0.03777777777777778 0.054276315789473686
0 0.17444444444444446 0.7976973684210527 0.024444444444444446 0.03782894736842105
0 0.4727777777777778 0.897203947368421 0.025555555555555557 0.04111842105263158