0 0.5177777777777778 0.7532679738562091 0.022222222222222223 0.02287581699346405
0 0.5177777777777778 0.7328431372549019 0.022222222222222223 0.027777777777777776
0 0.9105555555555556 0.701797385620915 0.023333333333333334 0.03104575163398693
0 0.5055555555555555 0.4959150326797386 0.04 0.03104575163398693
0 0.9311111111111111 0.33251633986928103 0.024444444444444446 0.03431372549019608
0 0.19444444444444445 0.7483660130718954 0.035555555555555556 0.0392156862745098
0 0.9105555555555556 0.6184640522875817 0.023333333333333334 0.03758169934640523
0 0.19444444444444445 0.8325163398692811 0.03333333333333333 0.03758169934640523
0 0.08944444444444444 0.8782679738562091 0.03666666666666667 0.04084967320261438
0 0.9344444444444444 0.7434640522875817 0.022222222222222223 0.032679738562091505
0 0.5072222222222222 0.3790849673202614 0.03888888888888889 0.029411764705882353
0 0.9216666666666666 0.7834967320261438 0.03666666666666667 0.03758169934640523
0 0.6583333333333333 0.33169934640522875 0.034444444444444444 0.0392156862745098
0 0.9322222222222222 0.4125816993464052 0.024444444444444446 0.03431372549019608
0 0.08833333333333333 0.8374183006535948 0.03666666666666667 0.04411764705882353
0 0.91 0.5359477124183006 0.022222222222222223 0.029411764705882353
0 0.91 0.6601307189542484 0.022222222222222223 0.032679738562091505
0 0.66 0.4991830065359477 0.03333333333333333 0.04084967320261438
0 0.9083333333333333 0.7434640522875817 0.023333333333333334 0.03594771241830065
0 0.19277777777777777 0.33578431372549017 0.034444444444444444 0.04084967320261438
0 0.19444444444444445 0.6691176470588235 0.03777777777777778 0.04738562091503268
0 0.08944444444444444 0.9215686274509803 0.03666666666666667 0.0457516339869281
0 0.9344444444444444 0.6601307189542484 0.022222222222222223 0.029411764705882353
0 0.9311111111111111 0.29411764705882354 0.022222222222222223 0.03594771241830065
0 0.1938888888888889 0.7916666666666666 0.03666666666666667 0.05065359477124183
0 0.935 0.6184640522875817 0.021111111111111112 0.03431372549019608
0 0.19333333333333333 0.7116013071895425 0.035555555555555556 0.03758169934640523
0 0.9083333333333333 0.576797385620915 0.021111111111111112 0.032679738562091505
0 0.9333333333333333 0.45588235294117646 0.024444444444444446 0.03594771241830065
0 0.9338888888888889 0.5351307189542484 0.021111111111111112 0.03104575163398693
0 0.9061111111111111 0.29248366013071897 0.021111111111111112 0.03594771241830065
0 0.08777777777777777 0.7132352941176471 0.035555555555555556 0.04084967320261438
0 0.935 0.7009803921568627 0.023333333333333334 0.03594771241830065
0 0.9077777777777778 0.4534313725490196 0.022222222222222223 0.03431372549019608
0 0.8172222222222222 0.8700980392156863 0.034444444444444444 0.04411764705882353
0 0.08722222222222223 0.7524509803921569 0.03666666666666667 0.04084967320261438
0 0.7127777777777777 0.7851307189542484 0.03222222222222222 0.03758169934640523
0 0.9066666666666666 0.4125816993464052 0.022222222222222223 0.03431372549019608
0 0.9338888888888889 0.5776143790849673 0.023333333333333334 0.03758169934640523
0 0.4533333333333333 0.6658496732026143 0.03333333333333333 0.04084967320261438
0 0.9322222222222222 0.37254901960784315 0.022222222222222223 0.03594771241830065
0 0.9338888888888889 0.4950980392156863 0.023333333333333334 0.032679738562091505
0 0.505 0.21405228758169934 0.04111111111111111 0.032679738562091505
0 0.08833333333333333 0.7949346405228758 0.03666666666666667 0.04411764705882353
0 0.5583333333333333 0.5008169934640523 0.03666666666666667 0.04411764705882353
0 0.8166666666666667 0.7859477124183006 0.03333333333333333 0.0392156862745098
0 0.08833333333333333 0.5874183006535948 0.034444444444444444 0.04084967320261438
0 0.7627777777777778 0.2908496732026144 0.03222222222222222 0.0392156862745098
0 0.24388888888888888 0.4599673202614379 0.03222222222222222 0.04084967320261438
0 0.24333333333333335 0.25163398692810457 0.03777777777777778 0.0392156862745098
0 0.7133333333333334 0.7491830065359477 0.035555555555555556 0.04084967320261438
0 0.34833333333333333 0.25 0.03222222222222222 0.042483660130718956
0 0.5572222222222222 0.6225490196078431 0.034444444444444444 0.0392156862745098
0 0.14 0.20751633986928106 0.03333333333333333 0.0457516339869281
0 0.245 0.5016339869281046 0.034444444444444444 0.042483660130718956
0 0.2966666666666667 0.20669934640522875 0.035555555555555556 0.04411764705882353
0 0.5572222222222222 0.6650326797385621 0.03666666666666667 0.0457516339869281
0 0.3488888888888889 0.20506535947712418 0.03111111111111111 0.04411764705882353
0 0.8161111111111111 0.6617647058823529 0.03222222222222222 0.0392156862745098
0 0.7644444444444445 0.45588235294117646 0.035555555555555556 0.03594771241830065
0 0.6088888888888889 0.8316993464052288 0.03777777777777778 0.042483660130718956
0 0.7627777777777778 0.37254901960784315 0.03 0.0392156862745098
0 0.29777777777777775 0.4616013071895425 0.035555555555555556 0.04084967320261438
0 0.14 0.2540849673202614 0.035555555555555556 0.04411764705882353
0 0.4027777777777778 0.7467320261437909 0.034444444444444444 0.042483660130718956
0 0.6088888888888889 0.7883986928104575 0.035555555555555556 0.04411764705882353
0 0.7644444444444445 0.6225490196078431 0.035555555555555556 0.042483660130718956
0 0.66 0.7483660130718954 0.03777777777777778 0.042483660130718956
0 0.24444444444444444 0.20751633986928106 0.03333333333333333 0.049019607843137254
0 0.2972222222222222 0.3758169934640523 0.034444444444444444 0.042483660130718956
0 0.7666666666666667 0.701797385620915 0.03777777777777778 0.04411764705882353
0 0.6605555555555556 0.6633986928104575 0.03222222222222222 0.0392156862745098
0 0.8666666666666667 0.4166666666666667 0.03333333333333333 0.042483660130718956
0 0.29833333333333334 0.5833333333333334 0.034444444444444444 0.042483660130718956
0 0.6094444444444445 0.6225490196078431 0.034444444444444444 0.042483660130718956
0 0.815 0.2916666666666667 0.034444444444444444 0.04411764705882353
0 0.4033333333333333 0.7892156862745098 0.035555555555555556 0.042483660130718956
0 0.6088888888888889 0.4550653594771242 0.03333333333333333 0.03758169934640523
0 0.8161111111111111 0.5392156862745098 0.03222222222222222 0.042483660130718956
0 0.3511111111111111 0.5016339869281046 0.03333333333333333 0.042483660130718956
0 0.6594444444444445 0.3741830065359477 0.034444444444444444 0.042483660130718956
0 0.40166666666666667 0.5825163398692811 0.034444444444444444 0.04084967320261438
0 0.45444444444444443 0.25 0.03333333333333333 0.0457516339869281
0 0.7122222222222222 0.6209150326797386 0.035555555555555556 0.042483660130718956
0 0.24555555555555555 0.6258169934640523 0.03777777777777778 0.042483660130718956
0 0.7105555555555556 0.2916666666666667 0.03222222222222222 0.04084967320261438
0 0.5566666666666666 0.3758169934640523 0.03111111111111111 0.0392156862745098
0 0.8161111111111111 0.4150326797385621 0.034444444444444444 0.042483660130718956
0 0.6077777777777778 0.24918300653594772 0.03333333333333333 0.04738562091503268
0 0.5572222222222222 0.24836601307189543 0.034444444444444444 0.042483660130718956
0 0.29555555555555557 0.41911764705882354 0.035555555555555556 0.04411764705882353
0 0.7638888888888888 0.5400326797385621 0.03666666666666667 0.04084967320261438
0 0.8666666666666667 0.3741830065359477 0.03333333333333333 0.042483660130718956
0 0.815 0.49754901960784315 0.034444444444444444 0.04084967320261438
0 0.4011111111111111 0.5408496732026143 0.035555555555555556 0.042483660130718956
0 0.24388888888888888 0.29248366013071897 0.034444444444444444 0.042483660130718956
0 0.7638888888888888 0.5808823529411765 0.03666666666666667 0.04411764705882353
0 0.40055555555555555 0.3741830065359477 0.034444444444444444 0.0392156862745098
0 0.7111111111111111 0.25 0.03111111111111111 0.042483660130718956
0 0.7655555555555555 0.7459150326797386 0.03777777777777778 0.04411764705882353
0 0.8166666666666667 0.6225490196078431 0.03333333333333333 0.0392156862745098
0 0.6583333333333333 0.24918300653594772 0.034444444444444444 0.04411764705882353
0 0.24444444444444444 0.3349673202614379 0.03333333333333333 0.042483660130718956
0 0.6077777777777778 0.29411764705882354 0.03333333333333333 0.0392156862745098
0 0.7638888888888888 0.49673202614379086 0.034444444444444444 0.0457516339869281
0 0.4538888888888889 0.45751633986928103 0.03666666666666667 0.042483660130718956
0 0.66 0.45669934640522875 0.03333333333333333 0.04084967320261438
0 0.6616666666666666 0.826797385620915 0.03666666666666667 0.0457516339869281
0 0.5566666666666666 0.2034313725490196 0.035555555555555556 0.04738562091503268
0 0.4011111111111111 0.25 0.035555555555555556 0.0457516339869281
0 0.6594444444444445 0.5400326797385621 0.034444444444444444 0.04084967320261438
0 0.4011111111111111 0.29330065359477125 0.035555555555555556 0.04084967320261438
0 0.505 0.2826797385620915 0.043333333333333335 0.032679738562091505
0 0.8666666666666667 0.49673202614379086 0.03666666666666667 0.049019607843137254
0 0.40166666666666667 0.2042483660130719 0.03222222222222222 0.0457516339869281
0 0.08722222222222223 0.46405228758169936 0.03666666666666667 0.042483660130718956
0 0.3488888888888889 0.33251633986928103 0.03333333333333333 0.03758169934640523
0 0.4533333333333333 0.20506535947712418 0.03111111111111111 0.04411764705882353
0 0.08777777777777777 0.4215686274509804 0.035555555555555556 0.042483660130718956
0 0.6094444444444445 0.7058823529411765 0.034444444444444444 0.042483660130718956
0 0.29777777777777775 0.5400326797385621 0.03333333333333333 0.04084967320261438
0 0.455 0.7900326797385621 0.034444444444444444 0.04084967320261438
0 0.19166666666666668 0.20588235294117646 0.03666666666666667 0.0457516339869281
0 0.29944444444444446 0.7083333333333334 0.03666666666666667 0.04084967320261438
0 0.4027777777777778 0.6241830065359477 0.034444444444444444 0.042483660130718956
0 0.245 0.5433006535947712 0.03666666666666667 0.04084967320261438
0 0.45444444444444443 0.7075163398692811 0.03333333333333333 0.042483660130718956
0 0.24388888888888888 0.37663398692810457 0.03222222222222222 0.04084967320261438
0 0.14055555555555554 0.37663398692810457 0.03666666666666667 0.04084967320261438
0 0.765 0.6633986928104575 0.03666666666666667 0.0392156862745098
0 0.5583333333333333 0.7467320261437909 0.034444444444444444 0.042483660130718956
0 0.2966666666666667 0.24918300653594772 0.03333333333333333 0.04084967320261438
0 0.29833333333333334 0.625 0.034444444444444444 0.04084967320261438
0 0.6583333333333333 0.20261437908496732 0.03666666666666667 0.049019607843137254
0 0.2966666666666667 0.2916666666666667 0.03111111111111111 0.04084967320261438
0 0.4538888888888889 0.6241830065359477 0.034444444444444444 0.0457516339869281
0 0.66 0.5816993464052288 0.03333333333333333 0.0392156862745098
0 0.6083333333333333 0.4959150326797386 0.03222222222222222 0.04411764705882353
0 0.6094444444444445 0.7459150326797386 0.03666666666666667 0.04084967320261438
0 0.7138888888888889 0.8284313725490197 0.03666666666666667 0.0457516339869281
0 0.5055555555555555 0.4534313725490196 0.04 0.04738562091503268
0 0.5566666666666666 0.5433006535947712 0.035555555555555556 0.04084967320261438
0 0.7116666666666667 0.7066993464052288 0.03666666666666667 0.04411764705882353
0 0.71 0.4158496732026144 0.035555555555555556 0.04084967320261438
0 0.6605555555555556 0.7050653594771242 0.03666666666666667 0.04411764705882353
0 0.71 0.20179738562091504 0.035555555555555556 0.05065359477124183
0 0.7638888888888888 0.4133986928104575 0.034444444444444444 0.0457516339869281
0 0.6088888888888889 0.579248366013072 0.035555555555555556 0.04084967320261438
0 0.8166666666666667 0.5808823529411765 0.035555555555555556 0.04411764705882353
0 0.6072222222222222 0.20179738562091504 0.034444444444444444 0.05065359477124183
0 0.6588888888888889 0.2916666666666667 0.035555555555555556 0.04084967320261438
0 0.7105555555555556 0.33169934640522875 0.034444444444444444 0.042483660130718956
0 0.24388888888888888 0.41911764705882354 0.034444444444444444 0.04411764705882353
0 0.7105555555555556 0.3741830065359477 0.034444444444444444 0.042483660130718956
0 0.6083333333333333 0.375 0.034444444444444444 0.04084967320261438
0 0.7116666666666667 0.45588235294117646 0.034444444444444444 0.0392156862745098
0 0.6088888888888889 0.4158496732026144 0.035555555555555556 0.04084967320261438
0 0.5566666666666666 0.4583333333333333 0.03333333333333333 0.04084967320261438
0 0.4527777777777778 0.29330065359477125 0.034444444444444444 0.04084967320261438
0 0.40166666666666667 0.3341503267973856 0.034444444444444444 0.04084967320261438
0 0.8161111111111111 0.37254901960784315 0.034444444444444444 0.042483660130718956
0 0.3488888888888889 0.4599673202614379 0.03333333333333333 0.04084967320261438
0 0.4533333333333333 0.37663398692810457 0.035555555555555556 0.04084967320261438
0 0.7127777777777777 0.5800653594771242 0.034444444444444444 0.042483660130718956
0 0.6094444444444445 0.5383986928104575 0.03666666666666667 0.04084967320261438
0 0.3488888888888889 0.37254901960784315 0.03333333333333333 0.042483660130718956
0 0.8161111111111111 0.45669934640522875 0.034444444444444444 0.04084967320261438
0 0.6077777777777778 0.3341503267973856 0.035555555555555556 0.04084967320261438
0 0.5561111111111111 0.2916666666666667 0.034444444444444444 0.04411764705882353
0 0.7116666666666667 0.6633986928104575 0.03666666666666667 0.042483660130718956
0 0.40055555555555555 0.4150326797385621 0.034444444444444444 0.042483660130718956
0 0.7116666666666667 0.49754901960784315 0.034444444444444444 0.04411764705882353
0 0.6088888888888889 0.6650326797385621 0.035555555555555556 0.042483660130718956
0 0.3488888888888889 0.41748366013071897 0.035555555555555556 0.04411764705882353
0 0.35 0.29248366013071897 0.03777777777777778 0.042483660130718956
0 0.40166666666666667 0.4583333333333333 0.034444444444444444 0.04411764705882353
0 0.8672222222222222 0.3333333333333333 0.03 0.0392156862745098
0 0.08777777777777777 0.5040849673202614 0.035555555555555556 0.03758169934640523
0 0.24555555555555555 0.8325163398692811 0.035555555555555556 0.04084967320261438
0 0.9222222222222223 0.8700980392156863 0.03777777777777778 0.04411764705882353
0 0.29888888888888887 0.8717320261437909 0.035555555555555556 0.03758169934640523
0 0.24666666666666667 0.9174836601307189 0.035555555555555556 0.04084967320261438
0 0.08833333333333333 0.6274509803921569 0.034444444444444444 0.042483660130718956
0 0.505 0.14950980392156862 0.043333333333333335 0.03431372549019608
0 0.5577777777777778 0.8717320261437909 0.03111111111111111 0.04411764705882353
0 0.9216666666666666 0.8251633986928104 0.03666666666666667 0.042483660130718956
0 0.195 0.875 0.03666666666666667 0.04738562091503268
0 0.505 0.18137254901960784 0.04111111111111111 0.03594771241830065
0 0.08833333333333333 0.670751633986928 0.03666666666666667 0.04411764705882353
0 0.4033333333333333 0.9158496732026143 0.035555555555555556 0.04738562091503268
0 0.2461111111111111 0.8741830065359477 0.03666666666666667 0.0457516339869281
0 0.245 0.7924836601307189 0.03666666666666667 0.042483660130718956
0 0.1922222222222222 0.46078431372549017 0.035555555555555556 0.042483660130718956
0 0.8172222222222222 0.9142156862745098 0.03888888888888889 0.04411764705882353
0 0.455 0.8725490196078431 0.034444444444444444 0.0457516339869281
0 0.4533333333333333 0.3333333333333333 0.035555555555555556 0.0392156862745098
0 0.4022222222222222 0.8725490196078431 0.03333333333333333 0.042483660130718956
0 0.9083333333333333 0.4934640522875817 0.023333333333333334 0.0392156862745098
0 0.9066666666666666 0.33169934640522875 0.022222222222222223 0.03594771241830065
0 0.9238888888888889 0.9117647058823529 0.03666666666666667 0.042483660130718956
0 0.245 0.75 0.03666666666666667 0.042483660130718956
0 0.6622222222222223 0.9150326797385621 0.035555555555555556 0.0457516339869281
0 0.4538888888888889 0.9158496732026143 0.034444444444444444 0.04084967320261438
0 0.08833333333333333 0.3382352941176471 0.034444444444444444 0.0392156862745098
0 0.815 0.15522875816993464 0.034444444444444444 0.05228758169934641
0 0.29833333333333334 0.8333333333333334 0.03666666666666667 0.0392156862745098
0 0.5572222222222222 0.8300653594771242 0.03 0.0392156862745098
0 0.8166666666666667 0.7475490196078431 0.035555555555555556 0.04084967320261438
0 0.7655555555555555 0.7867647058823529 0.035555555555555556 0.03758169934640523
0 0.455 0.8300653594771242 0.03222222222222222 0.0392156862745098
0 0.08888888888888889 0.5449346405228758 0.03777777777777778 0.04411764705882353
0 0.24555555555555555 0.7075163398692811 0.035555555555555556 0.042483660130718956
0 0.4538888888888889 0.7475490196078431 0.034444444444444444 0.04084967320261438
0 0.8655555555555555 0.2900326797385621 0.028888888888888888 0.04738562091503268
0 0.6611111111111111 0.8717320261437909 0.035555555555555556 0.04411764705882353
0 0.815 0.33251633986928103 0.03222222222222222 0.03758169934640523
0 0.29888888888888887 0.7491830065359477 0.035555555555555556 0.04084967320261438
0 0.29944444444444446 0.9166666666666666 0.034444444444444444 0.049019607843137254
0 0.35055555555555556 0.5816993464052288 0.03222222222222222 0.0392156862745098
0 0.1938888888888889 0.5841503267973857 0.034444444444444444 0.04084967320261438
0 0.7661111111111111 0.9150326797385621 0.03666666666666667 0.042483660130718956
0 0.8661111111111112 0.4550653594771242 0.03222222222222222 0.03431372549019608
0 0.5572222222222222 0.3349673202614379 0.034444444444444444 0.0457516339869281
0 0.2972222222222222 0.3333333333333333 0.034444444444444444 0.042483660130718956
0 0.08888888888888889 0.25163398692810457 0.035555555555555556 0.0392156862745098
0 0.195 0.920751633986928 0.03888888888888889 0.04411764705882353
0 0.08833333333333333 0.20915032679738563 0.034444444444444444 0.0457516339869281
0 0.3511111111111111 0.5416666666666666 0.028888888888888888 0.03758169934640523
0 0.2461111111111111 0.6674836601307189 0.034444444444444444 0.04084967320261438
0 0.4022222222222222 0.7058823529411765 0.03111111111111111 0.0392156862745098
0 0.4538888888888889 0.5808823529411765 0.034444444444444444 0.03758169934640523
0 0.7133333333333334 0.8725490196078431 0.03777777777777778 0.0457516339869281
0 0.6611111111111111 0.7867647058823529 0.035555555555555556 0.03758169934640523
0 0.6094444444444445 0.9158496732026143 0.03666666666666667 0.04084967320261438
0 0.8155555555555556 0.20506535947712418 0.03333333333333333 0.04411764705882353
0 0.19277777777777777 0.41748366013071897 0.034444444444444444 0.04411764705882353
0 0.7127777777777777 0.9150326797385621 0.03666666666666667 0.0392156862745098
0 0.765 0.8709150326797386 0.03666666666666667 0.042483660130718956
0 0.5044444444444445 0.24836601307189543 0.042222222222222223 0.0392156862745098
0 0.19333333333333333 0.6258169934640523 0.035555555555555556 0.042483660130718956
0 0.7655555555555555 0.8284313725490197 0.035555555555555556 0.042483660130718956
0 0.9061111111111111 0.3709150326797386 0.021111111111111112 0.03594771241830065
0 0.19166666666666668 0.5049019607843137 0.034444444444444444 0.042483660130718956
0 0.19277777777777777 0.5441176470588235 0.034444444444444444 0.0392156862745098
0 0.8161111111111111 0.826797385620915 0.034444444444444444 0.042483660130718956
0 0.5577777777777778 0.7900326797385621 0.03333333333333333 0.04084967320261438
0 0.1922222222222222 0.25 0.035555555555555556 0.042483660130718956
0 0.35055555555555556 0.6233660130718954 0.03222222222222222 0.04411764705882353
0 0.08722222222222223 0.16176470588235295 0.03666666666666667 0.0457516339869281
0 0.5594444444444444 0.9158496732026143 0.03666666666666667 0.04084967320261438
0 0.14055555555555554 0.33578431372549017 0.03666666666666667 0.04084967320261438
0 0.5572222222222222 0.4166666666666667 0.03222222222222222 0.0392156862745098
0 0.61 0.8725490196078431 0.035555555555555556 0.042483660130718956
0 0.7627777777777778 0.33169934640522875 0.03222222222222222 0.042483660130718956
0 0.29833333333333334 0.6666666666666666 0.03666666666666667 0.042483660130718956
0 0.08833333333333333 0.37745098039215685 0.034444444444444444 0.042483660130718956
0 0.5577777777777778 0.7058823529411765 0.035555555555555556 0.0392156862745098
0 0.19277777777777777 0.375 0.03666666666666667 0.04084967320261438
0 0.5566666666666666 0.5833333333333334 0.035555555555555556 0.0392156862745098
0 0.40055555555555555 0.5008169934640523 0.034444444444444444 0.04084967320261438
0 0.6594444444444445 0.6225490196078431 0.034444444444444444 0.0392156862745098
0 0.4538888888888889 0.5433006535947712 0.034444444444444444 0.03758169934640523
0 0.7633333333333333 0.20179738562091504 0.03777777777777778 0.05065359477124183
0 0.4027777777777778 0.8316993464052288 0.03222222222222222 0.0392156862745098
0 0.14 0.2957516339869281 0.03333333333333333 0.0392156862745098
0 0.4022222222222222 0.6658496732026143 0.03333333333333333 0.04084967320261438
0 0.7627777777777778 0.24918300653594772 0.03666666666666667 0.04411764705882353
0 0.2972222222222222 0.16094771241830066 0.034444444444444444 0.04738562091503268
0 0.29833333333333334 0.7916666666666666 0.03666666666666667 0.04411764705882353
0 0.7116666666666667 0.5383986928104575 0.03 0.04084967320261438
0 0.6605555555555556 0.4150326797385621 0.034444444444444444 0.0392156862745098
0 0.4538888888888889 0.5032679738562091 0.03888888888888889 0.0457516339869281
0 0.8161111111111111 0.704248366013072 0.034444444444444444 0.0457516339869281
0 0.29777777777777775 0.5008169934640523 0.035555555555555556 0.04084967320261438
0 0.08777777777777777 0.2957516339869281 0.03777777777777778 0.0457516339869281
0 0.14055555555555554 0.4215686274509804 0.03666666666666667 0.049019607843137254
0 0.19277777777777777 0.29411764705882354 0.03666666666666667 0.0457516339869281
0 0.815 0.24836601307189543 0.034444444444444444 0.042483660130718956
0 0.24555555555555555 0.5841503267973857 0.035555555555555556 0.04084967320261438
0 0.4533333333333333 0.4158496732026144 0.03333333333333333 0.03758169934640523
0 0.5066666666666667 0.3480392156862745 0.042222222222222223 0.032679738562091505
0 0.5066666666666667 0.315359477124183 0.042222222222222223 0.03594771241830065