0 0.5555555555555556 0.9122950819672131 0.03777777777777778 0.05081967213114754
0 0.5016666666666667 0.4532786885245902 0.04111111111111111 0.047540983606557376
0 0.915 0.8663934426229508 0.03666666666666667 0.040983606557377046
0 0.8622222222222222 0.9114754098360656 0.03333333333333333 0.04262295081967213
0 0.915 0.909016393442623 0.03888888888888889 0.047540983606557376
0 0.5011111111111111 0.18442622950819673 0.042222222222222223 0.03442622950819672
0 0.5016666666666667 0.31721311475409836 0.04111111111111111 0.03770491803278689
0 0.6055555555555555 0.8713114754098361 0.035555555555555556 0.040983606557377046
0 0.9166666666666666 0.8245901639344262 0.035555555555555556 0.04262295081967213
0 0.6577777777777778 0.9114754098360656 0.03777777777777778 0.04918032786885246
0 0.6055555555555555 0.9114754098360656 0.035555555555555556 0.04262295081967213
0 0.8122222222222222 0.9122950819672131 0.035555555555555556 0.04426229508196721
0 0.5544444444444444 0.8262295081967214 0.03777777777777778 0.04918032786885246
0 0.6055555555555555 0.8270491803278689 0.03777777777777778 0.047540983606557376
0 0.7077777777777777 0.8688524590163934 0.035555555555555556 0.04262295081967213
0 0.8122222222222222 0.8688524590163934 0.035555555555555556 0.04262295081967213
0 0.7616666666666667 0.9131147540983606 0.03666666666666667 0.04590163934426229
0 0.8633333333333333 0.8245901639344262 0.035555555555555556 0.04590163934426229
0 0.7627777777777778 0.8245901639344262 0.034444444444444444 0.04590163934426229
0 0.8127777777777778 0.8245901639344262 0.03666666666666667 0.04590163934426229
0 0.6577777777777778 0.8254098360655737 0.035555555555555556 0.047540983606557376
0 0.7088888888888889 0.9139344262295082 0.03777777777777778 0.04426229508196721
0 0.7083333333333334 0.8262295081967214 0.034444444444444444 0.04918032786885246
0 0.6572222222222223 0.8680327868852459 0.034444444444444444 0.03770491803278689
0 0.72 0.7844262295081967 0.022222222222222223 0.03442622950819672
0 0.6683333333333333 0.7836065573770492 0.021111111111111112 0.03278688524590164
0 0.5 0.25 0.044444444444444446 0.03770491803278689
0 0.5027777777777778 0.38114754098360654 0.04111111111111111 0.03114754098360656
0 0.8244444444444444 0.7836065573770492 0.02 0.03278688524590164
0 0.5016666666666667 0.28524590163934427 0.04111111111111111 0.03278688524590164
0 0.9277777777777778 0.7827868852459017 0.022222222222222223 0.03442622950819672
0 0.5016666666666667 0.15081967213114755 0.043333333333333335 0.03278688524590164
0 0.8761111111111111 0.7827868852459017 0.021111111111111112 0.03442622950819672
0 0.6172222222222222 0.7844262295081967 0.023333333333333334 0.03442622950819672
0 0.5027777777777778 0.35327868852459016 0.04111111111111111 0.03114754098360656
0 0.5138888888888888 0.740983606557377 0.021111111111111112 0.03278688524590164
0 0.8627777777777778 0.8696721311475409 0.034444444444444444 0.04426229508196721
0 0.565 0.7836065573770492 0.023333333333333334 0.03278688524590164
0 0.5011111111111111 0.21639344262295082 0.042222222222222223 0.029508196721311476
0 0.7622222222222222 0.8696721311475409 0.035555555555555556 0.04426229508196721
0 0.7716666666666666 0.7836065573770492 0.023333333333333334 0.03278688524590164