0 0.171875 0.7792721518987342 0.03625 0.04113924050632911
0 0.1175 0.810126582278481 0.035 0.0379746835443038
0 0.881875 0.5261075949367089 0.03625 0.0379746835443038
0 0.88875 0.8457278481012658 0.03625 0.0379746835443038
0 0.51125 0.625 0.02375 0.028481012658227847
0 0.72 0.6772151898734177 0.03375 0.03955696202531646
0 0.4975 0.5506329113924051 0.03625 0.03481012658227848
0 0.551875 0.509493670886076 0.03625 0.03639240506329114
0 0.118125 0.872626582278481 0.035 0.03639240506329114
0 0.518125 0.9208860759493671 0.02375 0.030063291139240507
0 0.66875 0.9003164556962026 0.0375 0.03955696202531646
0 0.168125 0.5585443037974683 0.0325 0.03481012658227848
0 0.388125 0.5735759493670886 0.0375 0.03164556962025317
0 0.514375 0.7175632911392406 0.0225 0.023734177215189875
0 0.115 0.7143987341772152 0.03375 0.03639240506329114
0 0.661875 0.5158227848101266 0.03625 0.0379746835443038
0 0.11375 0.6526898734177216 0.0375 0.0379746835443038
0 0.778125 0.7761075949367089 0.03625 0.03481012658227848
0 0.775 0.6787974683544303 0.03375 0.0379746835443038
0 0.8275 0.5893987341772152 0.03625 0.023734177215189875
0 0.4975 0.49604430379746833 0.0375 0.04272151898734177
0 0.88625 0.7159810126582279 0.03625 0.03955696202531646
0 0.516875 0.8979430379746836 0.02125 0.023734177215189875
0 0.884375 0.6218354430379747 0.03625 0.0379746835443038
0 0.834375 0.9058544303797469 0.03625 0.03955696202531646
0 0.72 0.6471518987341772 0.03375 0.03322784810126582
0 0.72125 0.7096518987341772 0.03375 0.03481012658227848
0 0.118125 0.8409810126582279 0.0325 0.03322784810126582
0 0.833125 0.810126582278481 0.035 0.03481012658227848
0 0.780625 0.9034810126582279 0.03375 0.03955696202531646
0 0.114375 0.6835443037974683 0.035 0.03481012658227848
0 0.775625 0.6495253164556962 0.035 0.03322784810126582
0 0.33125 0.5387658227848101 0.035 0.02689873417721519
0 0.171875 0.7507911392405063 0.03625 0.0379746835443038
0 0.113125 0.622626582278481 0.035 0.0379746835443038
0 0.776875 0.7104430379746836 0.035 0.03639240506329114
0 0.888125 0.7784810126582279 0.03375 0.0379746835443038
0 0.55625 0.7041139240506329 0.03375 0.03639240506329114
0 0.5525 0.5443037974683544 0.03625 0.03955696202531646
0 0.384375 0.47389240506329117 0.035 0.0379746835443038
0 0.83125 0.6811708860759493 0.03625 0.03322784810126582
0 0.885625 0.6526898734177216 0.0375 0.03481012658227848
0 0.499375 0.5909810126582279 0.035 0.011075949367088608
0 0.495 0.3971518987341772 0.035 0.023734177215189875
0 0.495 0.432753164556962 0.03875 0.028481012658227847
0 0.613125 0.7689873417721519 0.03375 0.0379746835443038
0 0.610625 0.6732594936708861 0.03375 0.03955696202531646
0 0.276875 0.5340189873417721 0.035 0.03639240506329114
0 0.38625 0.507120253164557 0.03625 0.0379746835443038
0 0.44375 0.6044303797468354 0.0325 0.0379746835443038
0 0.334375 0.6645569620253164 0.03625 0.03955696202531646
0 0.223125 0.5632911392405063 0.035 0.03639240506329114
0 0.28 0.6590189873417721 0.035 0.03955696202531646
0 0.33625 0.7254746835443038 0.03375 0.0379746835443038
0 0.716875 0.4572784810126582 0.03875 0.04272151898734177
0 0.445625 0.7001582278481012 0.035 0.04272151898734177
0 0.6625 0.5814873417721519 0.0375 0.03955696202531646
0 0.606875 0.4509493670886076 0.03375 0.04272151898734177
0 0.555625 0.7365506329113924 0.03625 0.0379746835443038
0 0.55375 0.6083860759493671 0.035 0.0379746835443038
0 0.33 0.439873417721519 0.0375 0.04113924050632911
0 0.55 0.4501582278481013 0.0375 0.04430379746835443
0 0.495 0.377373417721519 0.03875 0.02689873417721519
0 0.71625 0.49050632911392406 0.03375 0.03639240506329114
0 0.7175 0.553006329113924 0.03375 0.03481012658227848
0 0.7175 0.5221518987341772 0.03375 0.03639240506329114
0 0.72625 0.9343354430379747 0.035 0.03481012658227848
0 0.88125 0.49683544303797467 0.03375 0.03322784810126582
0 0.833125 0.8409810126582279 0.035 0.03639240506329114
0 0.49625 0.4612341772151899 0.04125 0.03955696202531646
0 0.88875 0.8125 0.03625 0.03639240506329114
0 0.88625 0.7484177215189873 0.0325 0.03481012658227848
0 0.670625 0.9319620253164557 0.03875 0.03322784810126582
0 0.885625 0.6835443037974683 0.03875 0.03481012658227848
0 0.494375 0.41455696202531644 0.04 0.022151898734177215
0 0.499375 0.5759493670886076 0.0375 0.028481012658227847
0 0.82875 0.5237341772151899 0.0325 0.03322784810126582
0 0.83 0.6511075949367089 0.03625 0.03481012658227848
0 0.781875 0.9375 0.03375 0.03322784810126582
0 0.44 0.4438291139240506 0.035 0.04113924050632911
0 0.718125 0.5854430379746836 0.03375 0.03955696202531646
0 0.44375 0.571993670886076 0.03375 0.03639240506329114
0 0.615 0.865506329113924 0.03625 0.0379746835443038
0 0.55125 0.4849683544303797 0.03625 0.03164556962025317
0 0.833125 0.7792721518987342 0.03625 0.03955696202531646
0 0.1125 0.5925632911392406 0.035 0.0379746835443038
0 0.615625 0.8971518987341772 0.03375 0.03639240506329114
0 0.88375 0.5893987341772152 0.035 0.03955696202531646
0 0.66125 0.4865506329113924 0.03375 0.03955696202531646
0 0.11625 0.7784810126582279 0.03375 0.0379746835443038
0 0.379375 0.7579113924050633 0.02375 0.028481012658227847
0 0.11875 0.9050632911392406 0.03625 0.03639240506329114
0 0.780625 0.8718354430379747 0.0325 0.03639240506329114
0 0.169375 0.6234177215189873 0.03375 0.03322784810126582
0 0.173125 0.8757911392405063 0.0375 0.0379746835443038
0 0.7725 0.5213607594936709 0.0325 0.03481012658227848
0 0.83375 0.8734177215189873 0.03625 0.0379746835443038
0 0.719375 0.617879746835443 0.03375 0.03481012658227848
0 0.66875 0.7697784810126582 0.035 0.0379746835443038
0 0.515625 0.740506329113924 0.025 0.028481012658227847
0 0.170625 0.6859177215189873 0.035 0.0379746835443038
0 0.511875 0.6606012658227848 0.025 0.02689873417721519
0 0.8325 0.7128164556962026 0.03375 0.03639240506329114
0 0.834375 0.9367088607594937 0.03375 0.03481012658227848
0 0.826875 0.49287974683544306 0.0325 0.03955696202531646
0 0.5125 0.678006329113924 0.025 0.02689873417721519
0 0.51375 0.6977848101265823 0.0225 0.02531645569620253
0 0.775 0.6194620253164557 0.035 0.03639240506329114
0 0.16625 0.5292721518987342 0.03375 0.03639240506329114
0 0.725 0.9011075949367089 0.0375 0.04113924050632911
0 0.725 0.8686708860759493 0.03625 0.03322784810126582
0 0.173125 0.9066455696202531 0.0375 0.03955696202531646
0 0.44125 0.5079113924050633 0.03375 0.03955696202531646
0 0.831875 0.745253164556962 0.03375 0.0379746835443038
0 0.8825 0.5585443037974683 0.03625 0.03481012658227848
0 0.406875 0.759493670886076 0.02125 0.030063291139240507
0 0.1725 0.8433544303797469 0.03375 0.03639240506329114
0 0.115 0.747626582278481 0.035 0.0379746835443038
0 0.609375 0.6107594936708861 0.03375 0.0379746835443038
0 0.405 0.696993670886076 0.02125 0.03164556962025317
0 0.17 0.6534810126582279 0.035 0.03955696202531646
0 0.776875 0.7444620253164557 0.03625 0.04113924050632911
0 0.384375 0.4430379746835443 0.03625 0.03322784810126582
0 0.165625 0.49920886075949367 0.03375 0.0379746835443038
0 0.66875 0.8022151898734177 0.03625 0.03639240506329114
0 0.40625 0.7294303797468354 0.02375 0.030063291139240507
0 0.3775 0.6954113924050633 0.02375 0.030063291139240507
0 0.6675 0.7397151898734177 0.0325 0.03481012658227848
0 0.441875 0.5411392405063291 0.0325 0.03481012658227848
0 0.27875 0.5965189873417721 0.035 0.03481012658227848
0 0.17125 0.7191455696202531 0.03625 0.04113924050632911
0 0.723125 0.8378164556962026 0.035 0.03639240506329114
0 0.50375 0.8378164556962026 0.035 0.0379746835443038
0 0.56 0.8939873417721519 0.035 0.0379746835443038
0 0.10875 0.49683544303797467 0.035 0.03481012658227848
0 0.7775 0.807753164556962 0.03375 0.03955696202531646
0 0.27375 0.40822784810126583 0.03625 0.03639240506329114
0 0.606875 0.4849683544303797 0.0325 0.03481012658227848
0 0.77125 0.4912974683544304 0.03625 0.03481012658227848
0 0.37875 0.7270569620253164 0.02375 0.030063291139240507
0 0.1725 0.8132911392405063 0.035 0.03639240506329114
0 0.61375 0.8330696202531646 0.035 0.03639240506329114
0 0.335 0.694620253164557 0.03625 0.030063291139240507
0 0.82625 0.4572784810126582 0.03625 0.04430379746835443
0 0.608125 0.5150316455696202 0.035 0.03639240506329114
0 0.72125 0.740506329113924 0.0325 0.03955696202531646
0 0.559375 0.8338607594936709 0.03625 0.03481012658227848
0 0.109375 0.4651898734177215 0.03375 0.0379746835443038
0 0.33125 0.5055379746835443 0.0375 0.03639240506329114
0 0.779375 0.8386075949367089 0.035 0.03639240506329114
0 0.11 0.5292721518987342 0.03625 0.03481012658227848
0 0.33625 0.7895569620253164 0.035 0.03322784810126582
0 0.229375 0.879746835443038 0.035 0.03481012658227848
0 0.164375 0.4675632911392405 0.03375 0.03481012658227848
0 0.1125 0.560126582278481 0.03375 0.03639240506329114
0 0.723125 0.805379746835443 0.0325 0.03639240506329114
0 0.224375 0.625 0.035 0.03639240506329114
0 0.390625 0.6653481012658228 0.03625 0.0379746835443038
0 0.881875 0.46360759493670883 0.03625 0.04272151898734177
0 0.283125 0.754746835443038 0.03375 0.0379746835443038
0 0.33 0.4723101265822785 0.03625 0.03639240506329114
0 0.668125 0.8338607594936709 0.035 0.03639240506329114
0 0.7225 0.7737341772151899 0.0325 0.03639240506329114
0 0.22625 0.752373417721519 0.035 0.03639240506329114
0 0.56 0.8631329113924051 0.03625 0.03639240506329114
0 0.389375 0.6012658227848101 0.03625 0.03639240506329114
0 0.275 0.43908227848101267 0.035 0.0379746835443038
0 0.2825 0.692246835443038 0.03375 0.03639240506329114
0 0.39375 0.8235759493670886 0.035 0.03639240506329114
0 0.669375 0.8670886075949367 0.0375 0.03955696202531646
0 0.608125 0.5799050632911392 0.03625 0.03639240506329114
0 0.558125 0.8022151898734177 0.03625 0.0379746835443038
0 0.163125 0.43670886075949367 0.03375 0.03639240506329114
0 0.108125 0.432753164556962 0.03375 0.03639240506329114
0 0.661875 0.5474683544303798 0.035 0.0379746835443038
0 0.3925 0.7919303797468354 0.035 0.03955696202531646
0 0.22 0.46914556962025317 0.035 0.03322784810126582
0 0.221875 0.5324367088607594 0.035 0.03481012658227848
0 0.271875 0.375 0.0375 0.04113924050632911
0 0.445 0.6677215189873418 0.035 0.03481012658227848
0 0.386875 0.5419303797468354 0.035 0.04113924050632911
0 0.39 0.634493670886076 0.03375 0.03639240506329114
0 0.7725 0.5537974683544303 0.03625 0.03955696202531646
0 0.6125 0.7381329113924051 0.0325 0.03639240506329114
0 0.611875 0.7064873417721519 0.0325 0.03955696202531646
0 0.665 0.7080696202531646 0.03375 0.0379746835443038
0 0.828125 0.557753164556962 0.0375 0.04588607594936709
0 0.561875 0.9272151898734177 0.03875 0.0379746835443038
0 0.225 0.6882911392405063 0.03375 0.03639240506329114
0 0.2825 0.7871835443037974 0.035 0.03639240506329114
0 0.77125 0.4564873417721519 0.0375 0.04430379746835443
0 0.279375 0.627373417721519 0.035 0.03639240506329114
0 0.168125 0.5917721518987342 0.03625 0.0379746835443038
0 0.773125 0.5878164556962026 0.03625 0.03639240506329114
0 0.106875 0.3987341772151899 0.0375 0.04113924050632911
0 0.3375 0.8235759493670886 0.0375 0.04430379746835443
0 0.440625 0.4754746835443038 0.0325 0.0379746835443038
0 0.61625 0.9295886075949367 0.035 0.0379746835443038
0 0.2775 0.502373417721519 0.035 0.03639240506329114
0 0.228125 0.8156645569620253 0.03375 0.03639240506329114
0 0.66375 0.6139240506329114 0.035 0.03481012658227848
0 0.22625 0.7848101265822784 0.035 0.0379746835443038
0 0.555625 0.6732594936708861 0.03375 0.0379746835443038
0 0.611875 0.8014240506329114 0.03375 0.03639240506329114
0 0.660625 0.45332278481012656 0.03625 0.03955696202531646
0 0.283125 0.7231012658227848 0.0325 0.0379746835443038
0 0.334375 0.6305379746835443 0.035 0.03481012658227848
0 0.61 0.6416139240506329 0.03125 0.03639240506329114
0 0.1625 0.40189873417721517 0.03625 0.03955696202531646
0 0.38375 0.41060126582278483 0.03625 0.04113924050632911
0 0.3375 0.7587025316455697 0.035 0.03481012658227848
0 0.218125 0.40427215189873417 0.035 0.03955696202531646
0 0.27625 0.47151898734177217 0.035 0.0379746835443038
0 0.21875 0.4375 0.035 0.03955696202531646
0 0.553125 0.5759493670886076 0.03375 0.03639240506329114
0 0.6075 0.5482594936708861 0.03625 0.03639240506329114
0 0.28375 0.8188291139240507 0.035 0.03955696202531646
0 0.558125 0.7697784810126582 0.03375 0.03639240506329114
0 0.229375 0.9113924050632911 0.0375 0.0379746835443038
0 0.83 0.617879746835443 0.0375 0.04113924050632911
0 0.333125 0.567246835443038 0.035 0.03955696202531646
0 0.444375 0.6360759493670886 0.035 0.03481012658227848
0 0.22875 0.8481012658227848 0.03625 0.04113924050632911
0 0.33375 0.6004746835443038 0.035 0.03639240506329114
0 0.394375 0.8884493670886076 0.035 0.03639240506329114
0 0.22625 0.7215189873417721 0.03625 0.0379746835443038
0 0.22 0.5 0.035 0.03955696202531646
0 0.224375 0.5957278481012658 0.03625 0.0379746835443038
0 0.555 0.6408227848101266 0.03375 0.03639240506329114
0 0.394375 0.8560126582278481 0.0375 0.0379746835443038
0 0.224375 0.6558544303797469 0.03375 0.0379746835443038
0 0.278125 0.5664556962025317 0.035 0.0379746835443038
0 0.394375 0.9208860759493671 0.0375 0.0379746835443038
0 0.664375 0.6447784810126582 0.035 0.03955696202531646
0 0.664375 0.6772151898734177 0.03625 0.03481012658227848