0 0.9211111111111111 0.4901639344262295 0.043333333333333335 0.05573770491803279
0 0.2861111111111111 0.47622950819672133 0.04111111111111111 0.04918032786885246
0 0.7772222222222223 0.3942622950819672 0.03777777777777778 0.047540983606557376
0 0.795 0.6131147540983607 0.04111111111111111 0.04918032786885246
0 0.3005555555555556 0.3959016393442623 0.04111111111111111 0.04918032786885246
0 0.30777777777777776 0.3549180327868853 0.042222222222222223 0.05245901639344262
0 0.5955555555555555 0.5434426229508197 0.043333333333333335 0.054098360655737705
0 0.2927777777777778 0.43524590163934423 0.03777777777777778 0.054098360655737705
0 0.5811111111111111 0.6237704918032787 0.042222222222222223 0.054098360655737705
0 0.8472222222222222 0.28688524590163933 0.04111111111111111 0.05737704918032787
0 0.8838888888888888 0.38934426229508196 0.042222222222222223 0.05573770491803279
0 0.2911111111111111 0.13114754098360656 0.03888888888888889 0.05901639344262295
0 0.7194444444444444 0.419672131147541 0.04 0.05081967213114754
0 0.5033333333333333 0.46475409836065573 0.04888888888888889 0.06393442622950819
0 0.2733333333333333 0.5565573770491803 0.035555555555555556 0.04918032786885246
0 0.8211111111111111 0.4516393442622951 0.043333333333333335 0.05081967213114754
0 0.8922222222222222 0.34590163934426227 0.03888888888888889 0.05573770491803279
0 0.5855555555555556 0.9221311475409836 0.03666666666666667 0.047540983606557376
0 0.7916666666666666 0.31311475409836065 0.04 0.04426229508196721
0 0.5261111111111111 0.32786885245901637 0.04666666666666667 0.05245901639344262
0 0.5161111111111111 0.3909836065573771 0.05 0.04918032786885246
0 0.5366666666666666 0.2614754098360656 0.04777777777777778 0.05573770491803279
0 0.6466666666666666 0.940983606557377 0.025555555555555557 0.03770491803278689
0 0.5544444444444444 0.16557377049180327 0.04777777777777778 0.04918032786885246
0 0.5211111111111111 0.36065573770491804 0.04666666666666667 0.04590163934426229
0 0.5311111111111111 0.2959016393442623 0.04555555555555556 0.04426229508196721
0 0.4666666666666667 0.7475409836065574 0.027777777777777776 0.03934426229508197
0 0.5416666666666666 0.22868852459016392 0.04666666666666667 0.040983606557377046
0 0.5477777777777778 0.2 0.04777777777777778 0.054098360655737705
0 0.705 0.8368852459016394 0.042222222222222223 0.05573770491803279
0 0.8694444444444445 0.4713114754098361 0.044444444444444446 0.054098360655737705
0 0.6705555555555556 0.40081967213114755 0.043333333333333335 0.05081967213114754
0 0.6577777777777778 0.4819672131147541 0.04 0.05081967213114754
0 0.8633333333333333 0.5114754098360655 0.04111111111111111 0.05081967213114754
0 0.8072222222222222 0.5311475409836065 0.03777777777777778 0.05245901639344262
0 0.7072222222222222 0.5 0.04 0.05081967213114754
0 0.26944444444444443 0.2581967213114754 0.043333333333333335 0.05245901639344262
0 0.31333333333333335 0.31721311475409836 0.042222222222222223 0.05081967213114754
0 0.8144444444444444 0.4918032786885246 0.03888888888888889 0.04918032786885246
0 0.2827777777777778 0.17704918032786884 0.043333333333333335 0.05573770491803279
0 0.6138888888888889 0.42540983606557375 0.04 0.047540983606557376
0 0.5783333333333334 0.9647540983606557 0.042222222222222223 0.05573770491803279
0 0.6172222222222222 0.7221311475409836 0.042222222222222223 0.05245901639344262
0 0.5877777777777777 0.5844262295081967 0.04 0.04918032786885246
0 0.6416666666666667 0.8991803278688525 0.043333333333333335 0.05573770491803279
0 0.5983333333333334 0.8426229508196721 0.043333333333333335 0.05573770491803279
0 0.6211111111111111 0.3844262295081967 0.043333333333333335 0.05737704918032787
0 0.2638888888888889 0.29918032786885246 0.04555555555555556 0.054098360655737705
0 0.28 0.5147540983606558 0.04111111111111111 0.04918032786885246
0 0.8572222222222222 0.5508196721311476 0.04111111111111111 0.04918032786885246
0 0.6305555555555555 0.9745901639344262 0.043333333333333335 0.05081967213114754
0 0.9283333333333333 0.4483606557377049 0.043333333333333335 0.054098360655737705
0 0.7988888888888889 0.26639344262295084 0.044444444444444446 0.06393442622950819
0 0.6516666666666666 0.5221311475409836 0.03666666666666667 0.047540983606557376
0 0.8333333333333334 0.3729508196721312 0.04 0.05081967213114754
0 0.6983333333333334 0.8795081967213115 0.042222222222222223 0.054098360655737705
0 0.7633333333333333 0.47704918032786886 0.04 0.04918032786885246
0 0.8311111111111111 0.7131147540983607 0.042222222222222223 0.05573770491803279
0 0.8261111111111111 0.4131147540983607 0.04111111111111111 0.04918032786885246
0 0.9355555555555556 0.40491803278688526 0.04111111111111111 0.054098360655737705
0 0.7138888888888889 0.45819672131147543 0.04111111111111111 0.05081967213114754
0 0.6944444444444444 0.578688524590164 0.04111111111111111 0.05081967213114754
0 0.735 0.33524590163934426 0.04 0.054098360655737705
0 0.6277777777777778 0.3401639344262295 0.035555555555555556 0.05081967213114754
0 0.6044444444444445 0.8016393442622951 0.04 0.04918032786885246
0 0.8438888888888889 0.6319672131147541 0.042222222222222223 0.05573770491803279
0 0.8511111111111112 0.5901639344262295 0.04 0.05081967213114754
0 0.6083333333333333 0.46475409836065573 0.04111111111111111 0.05081967213114754
0 0.8377777777777777 0.6721311475409836 0.04111111111111111 0.05081967213114754
0 0.8761111111111111 0.430327868852459 0.04111111111111111 0.05081967213114754
0 0.6744444444444444 0.6991803278688524 0.042222222222222223 0.05573770491803279
0 0.6677777777777778 0.740983606557377 0.043333333333333335 0.05245901639344262
0 0.6444444444444445 0.5614754098360656 0.04111111111111111 0.05245901639344262
0 0.47944444444444445 0.2901639344262295 0.042222222222222223 0.054098360655737705
0 0.4872222222222222 0.24918032786885247 0.04111111111111111 0.05245901639344262
0 0.3277777777777778 0.2319672131147541 0.043333333333333335 0.05737704918032787
0 0.5777777777777777 0.3254098360655738 0.043333333333333335 0.054098360655737705
0 0.655 0.819672131147541 0.04111111111111111 0.05245901639344262
0 0.6633333333333333 0.44016393442622953 0.04 0.05081967213114754
0 0.6811111111111111 0.6581967213114754 0.042222222222222223 0.054098360655737705
0 0.6766666666666666 0.36065573770491804 0.042222222222222223 0.05573770491803279
0 0.27555555555555555 0.2180327868852459 0.043333333333333335 0.05573770491803279
0 0.7566666666666667 0.5172131147540984 0.042222222222222223 0.054098360655737705
0 0.5705555555555556 0.3680327868852459 0.043333333333333335 0.05573770491803279
0 0.4938888888888889 0.2040983606557377 0.043333333333333335 0.05901639344262295
0 0.7238888888888889 0.7180327868852459 0.044444444444444446 0.054098360655737705
0 0.8011111111111111 0.5729508196721311 0.04 0.05245901639344262
0 0.4727777777777778 0.330327868852459 0.042222222222222223 0.05081967213114754
0 0.7838888888888889 0.3549180327868853 0.043333333333333335 0.05573770491803279
0 0.625 0.6811475409836065 0.042222222222222223 0.05573770491803279
0 0.4361111111111111 0.2278688524590164 0.04666666666666667 0.06557377049180328
0 0.6311111111111111 0.639344262295082 0.04 0.05081967213114754
0 0.7261111111111112 0.37868852459016394 0.04 0.05245901639344262
0 0.32055555555555554 0.2754098360655738 0.044444444444444446 0.054098360655737705
0 0.7 0.5377049180327869 0.03888888888888889 0.05081967213114754
0 0.585 0.28114754098360656 0.043333333333333335 0.05901639344262295
0 0.6488888888888888 0.8581967213114754 0.042222222222222223 0.05081967213114754
0 0.77 0.4360655737704918 0.043333333333333335 0.05573770491803279
0 0.7444444444444445 0.5959016393442623 0.04111111111111111 0.05081967213114754
0 0.4661111111111111 0.3704918032786885 0.04111111111111111 0.05245901639344262
0 0.6016666666666667 0.5040983606557377 0.04111111111111111 0.05081967213114754
0 0.7316666666666667 0.6745901639344263 0.04111111111111111 0.05245901639344262
0 0.6366666666666667 0.601639344262295 0.03888888888888889 0.04918032786885246
0 0.7505555555555555 0.5565573770491803 0.04111111111111111 0.04918032786885246
0 0.5916666666666667 0.8860655737704918 0.042222222222222223 0.05245901639344262
0 0.6616666666666666 0.7795081967213114 0.04111111111111111 0.04918032786885246
0 0.265 0.5983606557377049 0.042222222222222223 0.05573770491803279
0 0.84 0.33278688524590166 0.04111111111111111 0.05245901639344262
0 0.6866666666666666 0.6180327868852459 0.04111111111111111 0.05081967213114754
0 0.7388888888888889 0.6377049180327868 0.04 0.04918032786885246
0 0.6116666666666667 0.7622950819672131 0.042222222222222223 0.054098360655737705
0 0.7183333333333334 0.7581967213114754 0.044444444444444446 0.054098360655737705
0 0.7111111111111111 0.7967213114754098 0.04111111111111111 0.05081967213114754