0 0.15625 0.7056962025316456 0.0375 0.04113924050632911
0 0.09875 0.7310126582278481 0.03625 0.0379746835443038
0 0.89 0.5221518987341772 0.0375 0.0379746835443038
0 0.86625 0.8393987341772152 0.0375 0.0379746835443038
0 0.51 0.5846518987341772 0.025 0.028481012658227847
0 0.714375 0.6566455696202531 0.035 0.03955696202531646
0 0.504375 0.5102848101265823 0.0375 0.03481012658227848
0 0.561875 0.47389240506329117 0.0375 0.03639240506329114
0 0.093125 0.7935126582278481 0.03625 0.03639240506329114
0 0.488125 0.8781645569620253 0.025 0.030063291139240507
0 0.64125 0.872626582278481 0.03875 0.03955696202531646
0 0.173125 0.4865506329113924 0.03375 0.03481012658227848
0 0.391875 0.5221518987341772 0.03875 0.03164556962025317
0 0.504375 0.6772151898734177 0.02375 0.023734177215189875
0 0.105 0.6360759493670886 0.035 0.03639240506329114
0 0.67125 0.4912974683544304 0.0375 0.0379746835443038
0 0.11 0.5735759493670886 0.03875 0.0379746835443038
0 0.761875 0.7602848101265823 0.0375 0.03481012658227848
0 0.769375 0.6629746835443038 0.035 0.0379746835443038
0 0.83 0.5799050632911392 0.0375 0.023734177215189875
0 0.50875 0.45569620253164556 0.03875 0.04272151898734177
0 0.875625 0.7112341772151899 0.0375 0.03955696202531646
0 0.489375 0.8560126582278481 0.0225 0.023734177215189875
0 0.883125 0.617879746835443 0.0375 0.0379746835443038
0 0.805625 0.8947784810126582 0.0375 0.03955696202531646
0 0.71625 0.6265822784810127 0.035 0.03322784810126582
0 0.711875 0.6890822784810127 0.035 0.03481012658227848
0 0.09625 0.7618670886075949 0.03375 0.03322784810126582
0 0.81375 0.7990506329113924 0.03625 0.03481012658227848
0 0.7525 0.8876582278481012 0.035 0.03955696202531646
0 0.108125 0.6052215189873418 0.03625 0.03481012658227848
0 0.771875 0.6337025316455697 0.03625 0.03322784810126582
0 0.33875 0.4825949367088608 0.03625 0.02689873417721519
0 0.15875 0.6772151898734177 0.0375 0.0379746835443038
0 0.1125 0.5443037974683544 0.03625 0.0379746835443038
0 0.766875 0.6954113924050633 0.03625 0.03639240506329114
0 0.87125 0.7737341772151899 0.035 0.0379746835443038
0 0.5475 0.6677215189873418 0.035 0.03639240506329114
0 0.55875 0.5087025316455697 0.0375 0.03955696202531646
0 0.3975 0.42325949367088606 0.03625 0.0379746835443038
0 0.825 0.6716772151898734 0.0375 0.03322784810126582
0 0.881875 0.6487341772151899 0.03875 0.03481012658227848
0 0.50125 0.5506329113924051 0.035 0.011075949367088608
0 0.515625 0.3575949367088608 0.03625 0.023734177215189875
0 0.5125 0.39319620253164556 0.03875 0.028481012658227847
0 0.5975 0.7373417721518988 0.035 0.0379746835443038
0 0.604375 0.6424050632911392 0.035 0.03955696202531646
0 0.285 0.4723101265822785 0.03625 0.03639240506329114
0 0.39625 0.4564873417721519 0.0375 0.0379746835443038
0 0.444375 0.557753164556962 0.03375 0.03639240506329114
0 0.329375 0.6068037974683544 0.0375 0.03955696202531646
0 0.2275 0.49683544303797467 0.03625 0.03639240506329114
0 0.275625 0.5965189873417721 0.03625 0.03955696202531646
0 0.325 0.6677215189873418 0.035 0.0379746835443038
0 0.73125 0.43829113924050633 0.04 0.04272151898734177
0 0.4375 0.6534810126582279 0.03625 0.04272151898734177
0 0.665625 0.5561708860759493 0.03875 0.03955696202531646
0 0.621875 0.42167721518987344 0.035 0.04272151898734177
0 0.54375 0.7001582278481012 0.0375 0.0379746835443038
0 0.55375 0.5727848101265823 0.03625 0.0379746835443038
0 0.346875 0.38449367088607594 0.03875 0.04113924050632911
0 0.565625 0.4153481012658228 0.03875 0.04430379746835443
0 0.5175 0.33781645569620256 0.04 0.02689873417721519
0 0.728125 0.47072784810126583 0.035 0.03639240506329114
0 0.72375 0.5332278481012658 0.035 0.03481012658227848
0 0.725625 0.502373417721519 0.035 0.03639240506329114
0 0.694375 0.9121835443037974 0.03625 0.03481012658227848
0 0.891875 0.49287974683544306 0.035 0.03322784810126582
0 0.81125 0.8299050632911392 0.03625 0.03639240506329114
0 0.51 0.42167721518987344 0.0425 0.03955696202531646
0 0.869375 0.807753164556962 0.0375 0.03639240506329114
0 0.873125 0.7436708860759493 0.03375 0.03481012658227848
0 0.639375 0.9042721518987342 0.04 0.03322784810126582
0 0.87875 0.6787974683544303 0.04 0.03481012658227848
0 0.514375 0.375 0.04125 0.022151898734177215
0 0.5025 0.5356012658227848 0.0375 0.028481012658227847
0 0.8375 0.5158227848101266 0.03375 0.03322784810126582
0 0.825625 0.6424050632911392 0.0375 0.03481012658227848
0 0.750625 0.9200949367088608 0.035 0.03322784810126582
0 0.45625 0.3987341772151899 0.03625 0.04113924050632911
0 0.720625 0.5656645569620253 0.035 0.03955696202531646
0 0.4475 0.5261075949367089 0.035 0.03639240506329114
0 0.590625 0.8330696202531646 0.0375 0.0379746835443038
0 0.56375 0.4501582278481013 0.0375 0.03164556962025317
0 0.81625 0.7689873417721519 0.0375 0.03955696202531646
0 0.115 0.5142405063291139 0.03625 0.0379746835443038
0 0.58875 0.8639240506329114 0.035 0.03639240506329114
0 0.88625 0.5854430379746836 0.03625 0.03955696202531646
0 0.673125 0.4620253164556962 0.035 0.03955696202531646
0 0.1 0.6993670886075949 0.035 0.0379746835443038
0 0.365 0.7041139240506329 0.025 0.028481012658227847
0 0.090625 0.8251582278481012 0.0375 0.03639240506329114
0 0.755625 0.8560126582278481 0.03375 0.03639240506329114
0 0.1675 0.5506329113924051 0.035 0.03322784810126582
0 0.1475 0.8014240506329114 0.03875 0.0379746835443038
0 0.780625 0.507120253164557 0.03375 0.03481012658227848
0 0.80875 0.8623417721518988 0.0375 0.0379746835443038
0 0.71875 0.5973101265822784 0.035 0.03481012658227848
0 0.653125 0.742879746835443 0.03625 0.0379746835443038
0 0.503125 0.7001582278481012 0.02625 0.028481012658227847
0 0.16375 0.6131329113924051 0.03625 0.0379746835443038
0 0.5075 0.620253164556962 0.025 0.02689873417721519
0 0.8225 0.7025316455696202 0.035 0.03639240506329114
0 0.8025 0.9248417721518988 0.035 0.03481012658227848
0 0.838125 0.48417721518987344 0.03375 0.0379746835443038
0 0.50625 0.6376582278481012 0.025 0.02689873417721519
0 0.505625 0.6574367088607594 0.02375 0.02531645569620253
0 0.774375 0.6044303797468354 0.03625 0.03639240506329114
0 0.175 0.45806962025316456 0.035 0.03639240506329114
0 0.6975 0.8789556962025317 0.03875 0.04113924050632911
0 0.7 0.8473101265822784 0.0375 0.03322784810126582
0 0.145 0.8322784810126582 0.03875 0.03955696202531646
0 0.450625 0.46281645569620256 0.035 0.03955696202531646
0 0.819375 0.7349683544303798 0.035 0.0379746835443038
0 0.8875 0.5545886075949367 0.0375 0.03481012658227848
0 0.391875 0.7080696202531646 0.0225 0.030063291139240507
0 0.15 0.7689873417721519 0.035 0.03639240506329114
0 0.101875 0.6685126582278481 0.03625 0.0379746835443038
0 0.609375 0.5799050632911392 0.035 0.0379746835443038
0 0.3975 0.6463607594936709 0.0225 0.03164556962025317
0 0.16625 0.5806962025316456 0.03625 0.03955696202531646
0 0.764375 0.7294303797468354 0.0375 0.04113924050632911
0 0.400625 0.3924050632911392 0.0375 0.03322784810126582
0 0.176875 0.4272151898734177 0.035 0.0379746835443038
0 0.65 0.7753164556962026 0.0375 0.03639240506329114
0 0.394375 0.6787974683544303 0.025 0.030063291139240507
0 0.369375 0.6416139240506329 0.025 0.030063291139240507
0 0.655 0.7128164556962026 0.03375 0.03481012658227848
0 0.44875 0.495253164556962 0.03375 0.03481012658227848
0 0.28 0.5348101265822784 0.03625 0.03481012658227848
0 0.160625 0.6455696202531646 0.0375 0.04113924050632911
0 0.701875 0.8156645569620253 0.03625 0.03639240506329114
0 0.4825 0.7950949367088608 0.03625 0.0379746835443038
0 0.533125 0.8560126582278481 0.03625 0.0379746835443038
0 0.12 0.41930379746835444 0.03625 0.03481012658227848
0 0.75875 0.7911392405063291 0.035 0.03955696202531646
0 0.293125 0.34810126582278483 0.0375 0.03639240506329114
0 0.619375 0.45569620253164556 0.03375 0.03481012658227848
0 0.7825 0.47705696202531644 0.0375 0.03481012658227848
0 0.3675 0.6732594936708861 0.025 0.030063291139240507
0 0.153125 0.7397151898734177 0.03625 0.03639240506329114
0 0.5925 0.8006329113924051 0.03625 0.03639240506329114
0 0.326875 0.6368670886075949 0.0375 0.030063291139240507
0 0.841875 0.4485759493670886 0.0375 0.04430379746835443
0 0.616875 0.4849683544303797 0.03625 0.03639240506329114
0 0.709375 0.7191455696202531 0.03375 0.0379746835443038
0 0.538125 0.7958860759493671 0.0375 0.03481012658227848
0 0.123125 0.3884493670886076 0.035 0.0379746835443038
0 0.341875 0.44936708860759494 0.03875 0.03639240506329114
0 0.758125 0.8227848101265823 0.03625 0.03639240506329114
0 0.11875 0.4509493670886076 0.0375 0.03481012658227848
0 0.32 0.7310126582278481 0.03625 0.03322784810126582
0 0.203125 0.810126582278481 0.03625 0.03481012658227848
0 0.178125 0.39556962025316456 0.035 0.03481012658227848
0 0.1175 0.48180379746835444 0.035 0.03639240506329114
0 0.704375 0.7840189873417721 0.03375 0.03639240506329114
0 0.223125 0.557753164556962 0.03625 0.03639240506329114
0 0.385625 0.6139240506329114 0.0375 0.0379746835443038
0 0.89625 0.4596518987341772 0.0375 0.04272151898734177
0 0.269375 0.692246835443038 0.035 0.0379746835443038
0 0.34375 0.41693037974683544 0.0375 0.03639240506329114
0 0.6475 0.8069620253164557 0.03625 0.03639240506329114
0 0.70625 0.752373417721519 0.03375 0.03639240506329114
0 0.2125 0.6835443037974683 0.03625 0.03639240506329114
0 0.535625 0.8251582278481012 0.0375 0.03639240506329114
0 0.39 0.5498417721518988 0.0375 0.03639240506329114
0 0.291875 0.37895569620253167 0.03625 0.0379746835443038
0 0.275 0.629746835443038 0.035 0.03639240506329114
0 0.373125 0.7705696202531646 0.03625 0.03639240506329114
0 0.644375 0.8393987341772152 0.03875 0.03955696202531646
0 0.61125 0.5490506329113924 0.0375 0.03639240506329114
0 0.54 0.7642405063291139 0.0375 0.0379746835443038
0 0.18 0.3647151898734177 0.035 0.03639240506329114
0 0.125625 0.3560126582278481 0.035 0.03639240506329114
0 0.668125 0.5221518987341772 0.03625 0.0379746835443038
0 0.375625 0.7389240506329114 0.03625 0.03955696202531646
0 0.23375 0.40189873417721517 0.03625 0.03322784810126582
0 0.23 0.46598101265822783 0.03625 0.03481012658227848
0 0.295625 0.31408227848101267 0.03875 0.04113924050632911
0 0.439375 0.6210443037974683 0.03625 0.03481012658227848
0 0.39375 0.49050632911392406 0.03625 0.04113924050632911
0 0.388125 0.5830696202531646 0.035 0.03639240506329114
0 0.778125 0.5395569620253164 0.0375 0.03955696202531646
0 0.600625 0.7064873417721519 0.03375 0.03639240506329114
0 0.603125 0.6748417721518988 0.03375 0.0379746835443038
0 0.655625 0.6811708860759493 0.035 0.0379746835443038
0 0.833125 0.5482594936708861 0.04 0.04588607594936709
0 0.53125 0.8892405063291139 0.04 0.0379746835443038
0 0.218125 0.6210443037974683 0.035 0.03639240506329114
0 0.26625 0.7238924050632911 0.03625 0.03639240506329114
0 0.78625 0.4430379746835443 0.03875 0.04430379746835443
0 0.2775 0.564873417721519 0.03625 0.03639240506329114
0 0.17 0.5197784810126582 0.0375 0.0379746835443038
0 0.775625 0.5727848101265823 0.0375 0.03639240506329114
0 0.1275 0.32199367088607594 0.03875 0.04113924050632911
0 0.316875 0.7650316455696202 0.03875 0.04430379746835443
0 0.45375 0.43037974683544306 0.03375 0.03639240506329114
0 0.585 0.8963607594936709 0.03625 0.0379746835443038
0 0.288125 0.44145569620253167 0.03625 0.03639240506329114
0 0.20875 0.7468354430379747 0.035 0.03639240506329114
0 0.66375 0.5886075949367089 0.03625 0.03481012658227848
0 0.210625 0.7159810126582279 0.03625 0.0379746835443038
0 0.549375 0.6368670886075949 0.035 0.0379746835443038
0 0.59375 0.7689873417721519 0.035 0.03639240506329114
0 0.675625 0.4287974683544304 0.0375 0.03955696202531646
0 0.2725 0.6606012658227848 0.03375 0.03639240506329114
0 0.3325 0.5735759493670886 0.03625 0.03481012658227848
0 0.606875 0.6107594936708861 0.0325 0.03481012658227848
0 0.183125 0.3299050632911392 0.0375 0.03955696202531646
0 0.403125 0.3599683544303797 0.0375 0.04113924050632911
0 0.323125 0.7009493670886076 0.03625 0.03481012658227848
0 0.238125 0.33781645569620256 0.03625 0.03955696202531646
0 0.289375 0.41060126582278483 0.03625 0.0379746835443038
0 0.235625 0.370253164556962 0.03625 0.03955696202531646
0 0.556875 0.5403481012658228 0.035 0.03639240506329114
0 0.614375 0.5174050632911392 0.0375 0.03639240506329114
0 0.26375 0.7555379746835443 0.03625 0.03955696202531646
0 0.543125 0.7325949367088608 0.035 0.03639240506329114
0 0.200625 0.8417721518987342 0.03875 0.0379746835443038
0 0.82875 0.6091772151898734 0.03875 0.04113924050632911
0 0.3375 0.5110759493670886 0.03625 0.03955696202531646
0 0.4425 0.5893987341772152 0.03625 0.03481012658227848
0 0.20625 0.7792721518987342 0.0375 0.04113924050632911
0 0.335 0.5443037974683544 0.03625 0.03639240506329114
0 0.3675 0.8346518987341772 0.03625 0.03639240506329114
0 0.215625 0.6526898734177216 0.0375 0.0379746835443038
0 0.230625 0.43354430379746833 0.03625 0.03955696202531646
0 0.22625 0.5292721518987342 0.0375 0.0379746835443038
0 0.5525 0.6052215189873418 0.035 0.03639240506329114
0 0.37125 0.8022151898734177 0.03875 0.0379746835443038
0 0.220625 0.5886075949367089 0.035 0.0379746835443038
0 0.281875 0.504746835443038 0.03625 0.0379746835443038
0 0.365 0.8670886075949367 0.03875 0.0379746835443038
0 0.66125 0.6194620253164557 0.03625 0.03955696202531646
0 0.658125 0.6511075949367089 0.0375 0.03481012658227848