0 0.19166666666666668 0.49426229508196723 0.03888888888888889 0.05081967213114754
0 0.3988888888888889 0.4532786885245902 0.035555555555555556 0.047540983606557376
0 0.5538888888888889 0.30901639344262294 0.034444444444444444 0.04426229508196721
0 0.8633333333333333 0.5459016393442623 0.03777777777777778 0.04918032786885246
0 0.555 0.4237704918032787 0.03222222222222222 0.047540983606557376
0 0.4 0.6704918032786885 0.035555555555555556 0.04918032786885246
0 0.45222222222222225 0.6147540983606558 0.035555555555555556 0.04918032786885246
0 0.8155555555555556 0.9147540983606557 0.03333333333333333 0.03934426229508197
0 0.61 0.830327868852459 0.035555555555555556 0.04426229508196721
0 0.45166666666666666 0.8311475409836065 0.034444444444444444 0.04262295081967213
0 0.6594444444444445 0.6450819672131147 0.03222222222222222 0.04426229508196721
0 0.19277777777777777 0.6819672131147541 0.034444444444444444 0.04918032786885246
0 0.6577777777777778 0.41475409836065574 0.03333333333333333 0.04590163934426229
0 0.2966666666666667 0.4491803278688525 0.03333333333333333 0.05245901639344262
0 0.45166666666666666 0.3655737704918033 0.03222222222222222 0.04590163934426229
0 0.76 0.34918032786885245 0.03111111111111111 0.04262295081967213
0 0.6083333333333333 0.7483606557377049 0.03666666666666667 0.047540983606557376
0 0.6605555555555556 0.7491803278688525 0.03666666666666667 0.04918032786885246
0 0.6072222222222222 0.4139344262295082 0.03222222222222222 0.047540983606557376
0 0.6061111111111112 0.3081967213114754 0.03222222222222222 0.04262295081967213
0 0.8122222222222222 0.42131147540983604 0.03333333333333333 0.04590163934426229
0 0.8655555555555555 0.8295081967213115 0.03333333333333333 0.04262295081967213
0 0.6572222222222223 0.3073770491803279 0.03222222222222222 0.04426229508196721
0 0.24444444444444444 0.3475409836065574 0.03333333333333333 0.04262295081967213
0 0.45055555555555554 0.8729508196721312 0.034444444444444444 0.040983606557377046
0 0.34944444444444445 0.7508196721311475 0.03666666666666667 0.05245901639344262
0 0.3488888888888889 0.8754098360655738 0.03333333333333333 0.03934426229508197
0 0.2972222222222222 0.7508196721311475 0.03666666666666667 0.04918032786885246
0 0.3488888888888889 0.9172131147540984 0.03333333333333333 0.04426229508196721
0 0.5566666666666666 0.6827868852459016 0.035555555555555556 0.05081967213114754
0 0.505 0.33278688524590166 0.04111111111111111 0.04262295081967213
0 0.8138888888888889 0.830327868852459 0.03222222222222222 0.04426229508196721
0 0.2966666666666667 0.3795081967213115 0.035555555555555556 0.05081967213114754
0 0.8644444444444445 0.6778688524590164 0.03333333333333333 0.047540983606557376
0 0.45222222222222225 0.48114754098360657 0.03333333333333333 0.047540983606557376
0 0.5555555555555556 0.5516393442622951 0.035555555555555556 0.05081967213114754
0 0.5561111111111111 0.6139344262295082 0.03888888888888889 0.054098360655737705
0 0.4 0.75 0.035555555555555556 0.047540983606557376
0 0.195 0.919672131147541 0.03888888888888889 0.04590163934426229
0 0.40055555555555555 0.9172131147540984 0.03888888888888889 0.047540983606557376
0 0.7127777777777777 0.8311475409836065 0.03666666666666667 0.04590163934426229
0 0.4011111111111111 0.5942622950819673 0.03111111111111111 0.05081967213114754
0 0.4527777777777778 0.7508196721311475 0.03666666666666667 0.04918032786885246
0 0.45166666666666666 0.6819672131147541 0.03666666666666667 0.04918032786885246
0 0.6077777777777778 0.5327868852459017 0.03111111111111111 0.04918032786885246
0 0.76 0.30491803278688523 0.03333333333333333 0.04590163934426229
0 0.45222222222222225 0.4237704918032787 0.03111111111111111 0.047540983606557376
0 0.8133333333333334 0.6122950819672132 0.03333333333333333 0.05081967213114754
0 0.8133333333333334 0.6745901639344263 0.03333333333333333 0.047540983606557376
0 0.4011111111111111 0.5254098360655738 0.03333333333333333 0.047540983606557376
0 0.8122222222222222 0.48360655737704916 0.03333333333333333 0.04590163934426229
0 0.5555555555555556 0.48360655737704916 0.03333333333333333 0.04918032786885246
0 0.505 0.3721311475409836 0.04111111111111111 0.03934426229508197
0 0.4627777777777778 0.7934426229508197 0.023333333333333334 0.03278688524590164
0 0.5161111111111111 0.7540983606557377 0.021111111111111112 0.029508196721311476
0 0.5577777777777778 0.7516393442622951 0.035555555555555556 0.05081967213114754
0 0.7116666666666667 0.7483606557377049 0.034444444444444444 0.047540983606557376
0 0.19277777777777777 0.3639344262295082 0.03666666666666667 0.04918032786885246
0 0.4011111111111111 0.8319672131147541 0.03777777777777778 0.04426229508196721
0 0.34833333333333333 0.4491803278688525 0.034444444444444444 0.04918032786885246
0 0.8111111111111111 0.36475409836065575 0.035555555555555556 0.047540983606557376
0 0.7077777777777777 0.3073770491803279 0.03333333333333333 0.047540983606557376
0 0.8622222222222222 0.4778688524590164 0.03777777777777778 0.047540983606557376
0 0.8616666666666667 0.419672131147541 0.034444444444444444 0.04590163934426229
0 0.5677777777777778 0.7918032786885246 0.022222222222222223 0.029508196721311476
0 0.20166666666666666 0.7918032786885246 0.027777777777777776 0.036065573770491806
0 0.5044444444444445 0.29918032786885246 0.04 0.03114754098360656
0 0.5044444444444445 0.3950819672131147 0.042222222222222223 0.03934426229508197
0 0.8772222222222222 0.7901639344262295 0.021111111111111112 0.03278688524590164
0 0.6722222222222223 0.7926229508196722 0.02 0.027868852459016394
0 0.62 0.7909836065573771 0.02 0.03114754098360656
0 0.34944444444444445 0.30655737704918035 0.03222222222222222 0.04918032786885246
0 0.19277777777777777 0.6204918032786885 0.03666666666666667 0.05081967213114754
0 0.1922222222222222 0.42540983606557375 0.035555555555555556 0.05081967213114754
0 0.4011111111111111 0.3081967213114754 0.035555555555555556 0.04590163934426229
0 0.9122222222222223 0.3483606557377049 0.035555555555555556 0.040983606557377046
0 0.3477777777777778 0.6057377049180328 0.035555555555555556 0.047540983606557376
0 0.71 0.6122950819672132 0.035555555555555556 0.047540983606557376
0 0.7111111111111111 0.6795081967213115 0.035555555555555556 0.05081967213114754
0 0.8133333333333334 0.5483606557377049 0.03333333333333333 0.05081967213114754
0 0.45111111111111113 0.30983606557377047 0.03333333333333333 0.04590163934426229
0 0.19277777777777777 0.30655737704918035 0.034444444444444444 0.04918032786885246
0 0.4527777777777778 0.5491803278688525 0.03666666666666667 0.05245901639344262
0 0.8616666666666667 0.36065573770491804 0.03666666666666667 0.04590163934426229
0 0.8105555555555556 0.30655737704918035 0.034444444444444444 0.04590163934426229
0 0.8611111111111112 0.3073770491803279 0.03333333333333333 0.047540983606557376
0 0.2961111111111111 0.5254098360655738 0.034444444444444444 0.047540983606557376
0 0.29777777777777775 0.671311475409836 0.03777777777777778 0.05081967213114754
0 0.9116666666666666 0.30327868852459017 0.03222222222222222 0.04262295081967213
0 0.24555555555555555 0.30655737704918035 0.03333333333333333 0.04262295081967213
0 0.39944444444444444 0.38278688524590165 0.034444444444444444 0.05081967213114754
0 0.6072222222222222 0.6459016393442623 0.034444444444444444 0.04918032786885246
0 0.2961111111111111 0.3073770491803279 0.034444444444444444 0.047540983606557376
0 0.7083333333333334 0.36475409836065575 0.03222222222222222 0.04426229508196721
0 0.8155555555555556 0.7467213114754099 0.03777777777777778 0.047540983606557376
0 0.34944444444444445 0.8311475409836065 0.034444444444444444 0.04590163934426229
0 0.5033333333333333 0.46557377049180326 0.03777777777777778 0.04918032786885246
0 0.8644444444444445 0.610655737704918 0.035555555555555556 0.047540983606557376
0 0.1922222222222222 0.5647540983606557 0.035555555555555556 0.05081967213114754
0 0.30944444444444447 0.7942622950819672 0.021111111111111112 0.03114754098360656
0 0.8255555555555556 0.7893442622950819 0.022222222222222223 0.03114754098360656
0 0.36 0.7934426229508197 0.022222222222222223 0.029508196721311476
0 0.4122222222222222 0.7926229508196722 0.02 0.03114754098360656
0 0.5572222222222222 0.9147540983606557 0.034444444444444444 0.04918032786885246
0 0.7233333333333334 0.7901639344262295 0.02 0.029508196721311476
0 0.5038888888888889 0.16967213114754098 0.043333333333333335 0.03442622950819672
0 0.5027777777777778 0.24754098360655738 0.043333333333333335 0.04918032786885246
0 0.19444444444444445 0.8336065573770491 0.03777777777777778 0.047540983606557376
0 0.7127777777777777 0.9122950819672131 0.03666666666666667 0.047540983606557376
0 0.61 0.9139344262295082 0.035555555555555556 0.047540983606557376
0 0.5583333333333333 0.8327868852459016 0.03666666666666667 0.05245901639344262
0 0.19333333333333333 0.7475409836065574 0.035555555555555556 0.04918032786885246
0 0.6094444444444445 0.8721311475409836 0.034444444444444444 0.03934426229508197
0 0.8661111111111112 0.8713114754098361 0.034444444444444444 0.040983606557377046
0 0.19333333333333333 0.8770491803278688 0.03333333333333333 0.04262295081967213
0 0.6616666666666666 0.8295081967213115 0.03666666666666667 0.04262295081967213
0 0.7083333333333334 0.5434426229508197 0.03 0.04426229508196721
0 0.6588888888888889 0.5278688524590164 0.03111111111111111 0.04590163934426229
0 0.45222222222222225 0.9147540983606557 0.035555555555555556 0.04262295081967213
0 0.8672222222222222 0.9139344262295082 0.03666666666666667 0.04426229508196721
0 0.40055555555555555 0.8737704918032787 0.034444444444444444 0.03934426229508197
0 0.8155555555555556 0.8737704918032787 0.03333333333333333 0.04262295081967213
0 0.6611111111111111 0.910655737704918 0.035555555555555556 0.047540983606557376
0 0.29777777777777775 0.5991803278688524 0.03333333333333333 0.047540983606557376
0 0.5033333333333333 0.20327868852459016 0.042222222222222223 0.03934426229508197
0 0.29833333333333334 0.8327868852459016 0.034444444444444444 0.04262295081967213
0 0.555 0.36721311475409835 0.03 0.04590163934426229
0 0.2972222222222222 0.9147540983606557 0.03888888888888889 0.04590163934426229
0 0.865 0.7475409836065574 0.03666666666666667 0.04590163934426229
0 0.7083333333333334 0.4778688524590164 0.03222222222222222 0.047540983606557376
0 0.7083333333333334 0.41885245901639345 0.03666666666666667 0.047540983606557376