0 0.9338888888888889 0.34262295081967215 0.04111111111111111 0.05081967213114754
0 0.30722222222222223 0.4918032786885246 0.03777777777777778 0.04590163934426229
0 0.78 0.2860655737704918 0.035555555555555556 0.04426229508196721
0 0.825 0.4959016393442623 0.03777777777777778 0.04590163934426229
0 0.31055555555555553 0.4081967213114754 0.03888888888888889 0.04426229508196721
0 0.31277777777777777 0.3663934426229508 0.03888888888888889 0.047540983606557376
0 0.6194444444444445 0.4786885245901639 0.04111111111111111 0.04918032786885246
0 0.30833333333333335 0.4491803278688525 0.035555555555555556 0.05081967213114754
0 0.6161111111111112 0.5614754098360656 0.04 0.04918032786885246
0 0.8355555555555556 0.16065573770491803 0.03777777777777778 0.054098360655737705
0 0.8844444444444445 0.25245901639344265 0.04 0.05081967213114754
0 0.2683333333333333 0.15081967213114755 0.03666666666666667 0.05573770491803279
0 0.7266666666666667 0.3254098360655738 0.03666666666666667 0.047540983606557376
0 0.5194444444444445 0.4245901639344262 0.04666666666666667 0.05901639344262295
0 0.30444444444444446 0.5737704918032787 0.03222222222222222 0.047540983606557376
0 0.8305555555555556 0.330327868852459 0.04 0.04590163934426229
0 0.8872222222222222 0.2081967213114754 0.035555555555555556 0.05245901639344262
0 0.6577777777777778 0.8540983606557377 0.034444444444444444 0.04426229508196721
0 0.7838888888888889 0.20081967213114754 0.03888888888888889 0.03934426229508197
0 0.525 0.2836065573770492 0.044444444444444446 0.04918032786885246
0 0.5233333333333333 0.3483606557377049 0.04777777777777778 0.04426229508196721
0 0.5261111111111111 0.21639344262295082 0.04555555555555556 0.05245901639344262
0 0.7205555555555555 0.8565573770491803 0.024444444444444446 0.036065573770491806
0 0.5316666666666666 0.11639344262295082 0.04555555555555556 0.04590163934426229
0 0.5233333333333333 0.31721311475409836 0.04666666666666667 0.04262295081967213
0 0.5255555555555556 0.25163934426229506 0.04555555555555556 0.040983606557377046
0 0.5188888888888888 0.7122950819672131 0.02666666666666667 0.03770491803278689
0 0.5277777777777778 0.18278688524590164 0.04666666666666667 0.03770491803278689
0 0.53 0.15163934426229508 0.044444444444444446 0.05081967213114754
0 0.765 0.739344262295082 0.04 0.05081967213114754
0 0.8811111111111111 0.3368852459016393 0.042222222222222223 0.05081967213114754
0 0.6761111111111111 0.3188524590163934 0.04 0.04590163934426229
0 0.6733333333333333 0.4024590163934426 0.03666666666666667 0.047540983606557376
0 0.8794444444444445 0.3778688524590164 0.03777777777777778 0.047540983606557376
0 0.8266666666666667 0.41147540983606556 0.035555555555555556 0.04918032786885246
0 0.725 0.4065573770491803 0.03666666666666667 0.047540983606557376
0 0.2633333333333333 0.28032786885245903 0.04 0.047540983606557376
0 0.31444444444444447 0.32786885245901637 0.03888888888888889 0.04590163934426229
0 0.8288888888888889 0.37131147540983606 0.035555555555555556 0.04590163934426229
0 0.26611111111111113 0.19754098360655736 0.04111111111111111 0.05081967213114754
0 0.6233333333333333 0.35737704918032787 0.03777777777777778 0.04426229508196721
0 0.6561111111111111 0.8975409836065574 0.04 0.05245901639344262
0 0.6633333333333333 0.6491803278688525 0.03888888888888889 0.047540983606557376
0 0.6177777777777778 0.5204918032786885 0.03666666666666667 0.04590163934426229
0 0.71 0.8163934426229508 0.04111111111111111 0.05081967213114754
0 0.6605555555555556 0.771311475409836 0.04111111111111111 0.05081967213114754
0 0.6255555555555555 0.3155737704918033 0.04 0.054098360655737705
0 0.26222222222222225 0.32295081967213113 0.043333333333333335 0.05245901639344262
0 0.3055555555555556 0.530327868852459 0.03777777777777778 0.04590163934426229
0 0.8783333333333333 0.41885245901639345 0.03777777777777778 0.04590163934426229
0 0.7094444444444444 0.8991803278688525 0.04111111111111111 0.05901639344262295
0 0.9355555555555556 0.29918032786885246 0.04111111111111111 0.04918032786885246
0 0.785 0.15327868852459017 0.042222222222222223 0.05901639344262295
0 0.6727777777777778 0.44344262295081965 0.034444444444444444 0.04426229508196721
0 0.8333333333333334 0.25 0.03666666666666667 0.047540983606557376
0 0.7633333333333333 0.7827868852459017 0.04 0.04918032786885246
0 0.7772222222222223 0.369672131147541 0.03666666666666667 0.04590163934426229
0 0.8733333333333333 0.5836065573770491 0.04 0.05245901639344262
0 0.8311111111111111 0.29098360655737704 0.03777777777777778 0.04590163934426229
0 0.9372222222222222 0.2540983606557377 0.03888888888888889 0.05081967213114754
0 0.7255555555555555 0.3639344262295082 0.03777777777777778 0.047540983606557376
0 0.7216666666666667 0.48688524590163934 0.03777777777777778 0.047540983606557376
0 0.7311111111111112 0.23770491803278687 0.03777777777777778 0.05081967213114754
0 0.6261111111111111 0.27049180327868855 0.03333333333333333 0.04918032786885246
0 0.6616666666666666 0.730327868852459 0.03666666666666667 0.04590163934426229
0 0.8755555555555555 0.5016393442622951 0.04 0.05081967213114754
0 0.8772222222222222 0.45901639344262296 0.03666666666666667 0.047540983606557376
0 0.6233333333333333 0.39672131147540984 0.03777777777777778 0.047540983606557376
0 0.875 0.5426229508196722 0.03777777777777778 0.047540983606557376
0 0.8822222222222222 0.29508196721311475 0.03777777777777778 0.047540983606557376
0 0.7172222222222222 0.6114754098360655 0.04 0.05081967213114754
0 0.7166666666666667 0.6540983606557377 0.04 0.047540983606557376
0 0.6711111111111111 0.48278688524590163 0.03888888888888889 0.04918032786885246
0 0.4738888888888889 0.25901639344262295 0.04 0.04918032786885246
0 0.4761111111111111 0.21639344262295082 0.03888888888888889 0.04918032786885246
0 0.31777777777777777 0.24016393442622952 0.04 0.054098360655737705
0 0.5755555555555556 0.2680327868852459 0.04111111111111111 0.04918032786885246
0 0.7133333333333334 0.7344262295081967 0.03888888888888889 0.04918032786885246
0 0.6738888888888889 0.3598360655737705 0.03666666666666667 0.047540983606557376
0 0.7194444444444444 0.569672131147541 0.04 0.04918032786885246
0 0.6766666666666666 0.2778688524590164 0.03888888888888889 0.05245901639344262
0 0.265 0.24016393442622952 0.04111111111111111 0.05081967213114754
0 0.7755555555555556 0.41065573770491803 0.04 0.04918032786885246
0 0.5738888888888889 0.3122950819672131 0.04111111111111111 0.05081967213114754
0 0.4772222222222222 0.17049180327868851 0.04111111111111111 0.05573770491803279
0 0.7688888888888888 0.6172131147540983 0.042222222222222223 0.05081967213114754
0 0.8266666666666667 0.45491803278688525 0.03777777777777778 0.04918032786885246
0 0.4727777777777778 0.3 0.03888888888888889 0.04590163934426229
0 0.7816666666666666 0.2442622950819672 0.04111111111111111 0.05081967213114754
0 0.6666666666666666 0.6065573770491803 0.04 0.05081967213114754
0 0.42333333333333334 0.2081967213114754 0.043333333333333335 0.06229508196721312
0 0.6666666666666666 0.5639344262295082 0.03666666666666667 0.047540983606557376
0 0.7283333333333334 0.2827868852459016 0.03777777777777778 0.04918032786885246
0 0.31555555555555553 0.28524590163934427 0.042222222222222223 0.05081967213114754
0 0.7227777777777777 0.4459016393442623 0.035555555555555556 0.047540983606557376
0 0.5772222222222222 0.22213114754098362 0.04111111111111111 0.05573770491803279
0 0.7122222222222222 0.7745901639344263 0.03888888888888889 0.04590163934426229
0 0.7783333333333333 0.32786885245901637 0.04111111111111111 0.05081967213114754
0 0.7733333333333333 0.4918032786885246 0.03777777777777778 0.047540983606557376
0 0.4711111111111111 0.34098360655737703 0.03888888888888889 0.04918032786885246
0 0.6211111111111111 0.4385245901639344 0.03777777777777778 0.047540983606557376
0 0.7705555555555555 0.5729508196721311 0.03888888888888889 0.04918032786885246
0 0.6677777777777778 0.5254098360655738 0.035555555555555556 0.04590163934426229
0 0.7744444444444445 0.4516393442622951 0.03777777777777778 0.04590163934426229
0 0.6594444444444445 0.8163934426229508 0.03888888888888889 0.047540983606557376
0 0.715 0.6942622950819672 0.03777777777777778 0.04590163934426229
0 0.3016666666666667 0.6163934426229508 0.04 0.05081967213114754
0 0.8344444444444444 0.20737704918032787 0.03888888888888889 0.04918032786885246
0 0.7188888888888889 0.5278688524590164 0.03777777777777778 0.047540983606557376
0 0.7727777777777778 0.5336065573770492 0.03666666666666667 0.04590163934426229
0 0.6627777777777778 0.6893442622950819 0.04 0.04918032786885246
0 0.7683333333333333 0.6581967213114754 0.042222222222222223 0.05081967213114754
0 0.7655555555555555 0.6983606557377049 0.03777777777777778 0.047540983606557376