0 0.9272222222222222 0.7970540098199672 0.03888888888888889 0.057283142389525366
0 0.4738888888888889 0.9083469721767594 0.04111111111111111 0.05564648117839607
0 0.5088888888888888 0.8109656301145662 0.04 0.054009819967266774
0 0.685 0.6243862520458265 0.043333333333333335 0.057283142389525366
0 0.5861111111111111 0.36333878887070375 0.042222222222222223 0.05564648117839607
0 0.5294444444444445 0.34206219312602293 0.04111111111111111 0.05564648117839607
0 0.395 0.47299509001636664 0.04111111111111111 0.054009819967266774
0 0.6144444444444445 0.5261865793780688 0.04 0.054009819967266774
0 0.5438888888888889 0.4214402618657938 0.04 0.05564648117839607
0 0.7416666666666667 0.35597381342062195 0.042222222222222223 0.058919803600654665
0 0.38055555555555554 0.3911620294599018 0.04 0.054009819967266774
0 0.6694444444444444 0.5450081833060556 0.044444444444444446 0.058919803600654665
0 0.6288888888888889 0.6006546644844517 0.03777777777777778 0.054009819967266774
0 0.3516666666666667 0.5294599018003273 0.04 0.05564648117839607
0 0.3672222222222222 0.6080196399345336 0.03888888888888889 0.05237315875613748
0 0.3877777777777778 0.4328968903436989 0.03888888888888889 0.05237315875613748
0 0.6355555555555555 0.3486088379705401 0.04111111111111111 0.05564648117839607
0 0.4022222222222222 0.513911620294599 0.04 0.054009819967266774
0 0.7127777777777777 0.4909983633387889 0.04 0.054009819967266774
0 0.31722222222222224 0.6252045826513911 0.04 0.05237315875613748
0 0.43722222222222223 0.41734860883797054 0.04 0.05237315875613748
0 0.38166666666666665 0.6882160392798691 0.03777777777777778 0.05073649754500818
0 0.6077777777777778 0.4844517184942717 0.04 0.05564648117839607
0 0.5505555555555556 0.4623567921440262 0.03777777777777778 0.054009819967266774
0 0.32944444444444443 0.4083469721767594 0.03888888888888889 0.05237315875613748
0 0.45111111111111113 0.4950900163666121 0.03888888888888889 0.05237315875613748
0 0.6994444444444444 0.7037643207855974 0.03777777777777778 0.054009819967266774
0 0.3738888888888889 0.34942716857610473 0.042222222222222223 0.058919803600654665
0 0.5138888888888888 0.2602291325695581 0.042222222222222223 0.057283142389525366
0 0.565 0.5400981996726678 0.04111111111111111 0.05564648117839607
0 0.2822222222222222 0.7225859247135843 0.04111111111111111 0.057283142389525366
0 0.4438888888888889 0.4541734860883797 0.03888888888888889 0.05237315875613748
0 0.3883333333333333 0.7274959083469722 0.03888888888888889 0.05237315875613748
0 0.33111111111111113 0.7037643207855974 0.04 0.054009819967266774
0 0.8272222222222222 0.5351882160392799 0.04111111111111111 0.05564648117839607
0 0.5788888888888889 0.32569558101472995 0.04 0.05237315875613748
0 0.7977777777777778 0.37643207855973815 0.04 0.054009819967266774
0 0.6911111111111111 0.37315875613747956 0.043333333333333335 0.05564648117839607
0 0.8827777777777778 0.560556464811784 0.03888888888888889 0.05237315875613748
0 0.7488888888888889 0.6898527004909983 0.042222222222222223 0.057283142389525366
0 0.6205555555555555 0.2700490998363339 0.042222222222222223 0.05564648117839607
0 0.7138888888888889 0.7839607201309329 0.03888888888888889 0.054009819967266774
0 0.19444444444444445 0.5409165302782324 0.04 0.05237315875613748
0 0.4872222222222222 0.693126022913257 0.042222222222222223 0.05564648117839607
0 0.41555555555555557 0.5908346972176759 0.035555555555555556 0.05073649754500818
0 0.6566666666666666 0.4664484451718494 0.04 0.05564648117839607
0 0.685 0.3322422258592471 0.042222222222222223 0.057283142389525366
0 0.2972222222222222 0.8003273322422259 0.04 0.05564648117839607
0 0.7194444444444444 0.23567921440261866 0.04111111111111111 0.058919803600654665
0 0.6438888888888888 0.6824877250409165 0.04 0.054009819967266774
0 0.24444444444444444 0.5229132569558101 0.04 0.05564648117839607
0 0.30277777777777776 0.546644844517185 0.04 0.054009819967266774
0 0.1811111111111111 0.7585924713584288 0.043333333333333335 0.05564648117839607
0 0.39555555555555555 0.7667757774140753 0.03666666666666667 0.05073649754500818
0 0.4311111111111111 0.3772504091653028 0.03888888888888889 0.054009819967266774
0 0.3233333333333333 0.36661211129296234 0.04111111111111111 0.05564648117839607
0 0.37444444444444447 0.648936170212766 0.03888888888888889 0.049099836333878884
0 0.6655555555555556 0.8011456628477905 0.043333333333333335 0.058919803600654665
0 0.28055555555555556 0.42716857610474634 0.03888888888888889 0.05237315875613748
0 0.42333333333333334 0.33387888707037644 0.04 0.057283142389525366
0 0.6777777777777778 0.5851063829787234 0.04111111111111111 0.05073649754500818
0 0.6627777777777778 0.21194762684124385 0.04111111111111111 0.057283142389525366
0 0.30444444444444446 0.8436988543371522 0.04 0.054009819967266774
0 0.2238888888888889 0.40180032733224225 0.042222222222222223 0.058919803600654665
0 0.32555555555555554 0.9615384615384616 0.042222222222222223 0.057283142389525366
0 0.6138888888888889 0.22995090016366612 0.04111111111111111 0.05564648117839607
0 0.2611111111111111 0.9009819967266776 0.04 0.054009819967266774
0 0.535 0.3821603927986907 0.03777777777777778 0.049099836333878884
0 0.8688888888888889 0.4795417348608838 0.04111111111111111 0.05237315875613748
0 0.7272222222222222 0.5711947626841244 0.03777777777777778 0.05073649754500818
0 0.41055555555555556 0.8461538461538461 0.042222222222222223 0.05564648117839607
0 0.6361111111111111 0.6415711947626841 0.03888888888888889 0.054009819967266774
0 0.7411111111111112 0.648936170212766 0.04 0.054009819967266774
0 0.4027777777777778 0.8052373158756138 0.03888888888888889 0.05237315875613748
0 0.3611111111111111 0.867430441898527 0.04111111111111111 0.054009819967266774
0 0.6 0.44353518821603927 0.03888888888888889 0.05237315875613748
0 0.84 0.32160392798690673 0.03888888888888889 0.054009819967266774
0 0.26722222222222225 0.6448445171849427 0.042222222222222223 0.054009819967266774
0 0.8977777777777778 0.6382978723404256 0.042222222222222223 0.054009819967266774
0 0.28833333333333333 0.4664484451718494 0.04111111111111111 0.054009819967266774
0 0.6772222222222222 0.29214402618657936 0.04 0.054009819967266774
0 0.8766666666666667 0.5196399345335515 0.03888888888888889 0.05237315875613748
0 0.14555555555555555 0.5597381342062193 0.04111111111111111 0.054009819967266774
0 0.7272222222222222 0.2774140752864157 0.04111111111111111 0.05237315875613748
0 0.31166666666666665 0.8829787234042553 0.03666666666666667 0.05073649754500818
0 0.4311111111111111 0.6726677577741408 0.04111111111111111 0.054009819967266774
0 0.6977777777777778 0.41243862520458263 0.04111111111111111 0.054009819967266774
0 0.5 0.17594108019639934 0.042222222222222223 0.06382978723404255
0 0.785 0.3019639934533552 0.04 0.054009819967266774
0 0.8338888888888889 0.5761047463175123 0.03888888888888889 0.05073649754500818
0 0.16666666666666666 0.6800327332242226 0.042222222222222223 0.057283142389525366
0 0.29555555555555557 0.5081833060556464 0.03888888888888889 0.05237315875613748
0 0.4588888888888889 0.5351882160392799 0.03777777777777778 0.054009819967266774
0 0.7205555555555555 0.5310965630114566 0.03888888888888889 0.05073649754500818
0 0.5711111111111111 0.28477905073649756 0.04111111111111111 0.057283142389525366
0 0.6272222222222222 0.309328968903437 0.03888888888888889 0.05073649754500818
0 0.27444444444444444 0.6824877250409165 0.04111111111111111 0.05073649754500818
0 0.8472222222222222 0.3608837970540098 0.03888888888888889 0.05073649754500818
0 0.5977777777777777 0.14157119476268412 0.04111111111111111 0.057283142389525366
0 0.34444444444444444 0.4877250409165303 0.04 0.05073649754500818
0 0.47333333333333333 0.6121112929623568 0.04 0.05237315875613748
0 0.48055555555555557 0.6530278232405892 0.04 0.054009819967266774
0 0.3527777777777778 0.8248772504091653 0.04111111111111111 0.057283142389525366
0 0.7772222222222223 0.25941080196399346 0.04 0.054009819967266774
0 0.8272222222222222 0.24631751227495907 0.04111111111111111 0.05564648117839607
0 0.41 0.5540098199672667 0.03666666666666667 0.04746317512274959
0 0.8633333333333333 0.7364975450081833 0.042222222222222223 0.057283142389525366
0 0.82 0.49263502454991814 0.03777777777777778 0.054009819967266774
0 0.5938888888888889 0.40507364975450083 0.04 0.05073649754500818
0 0.8188888888888889 0.20212765957446807 0.042222222222222223 0.057283142389525366
0 0.16 0.6382978723404256 0.04111111111111111 0.05564648117839607
0 0.4172222222222222 0.8870703764320785 0.03888888888888889 0.05237315875613748
0 0.5016666666666667 0.4746317512274959 0.04555555555555556 0.060556464811783964
0 0.6427777777777778 0.3895253682487725 0.03666666666666667 0.05073649754500818
0 0.89 0.599836333878887 0.04111111111111111 0.05237315875613748
0 0.8061111111111111 0.41898527004909986 0.042222222222222223 0.057283142389525366
0 0.31777777777777777 0.9222585924713584 0.04 0.054009819967266774
0 0.7344444444444445 0.6088379705400983 0.03888888888888889 0.05073649754500818
0 0.25222222222222224 0.5646481178396072 0.04111111111111111 0.054009819967266774
0 0.43277777777777776 0.9680851063829787 0.044444444444444446 0.058919803600654665
0 0.6577777777777778 0.7602291325695582 0.042222222222222223 0.05564648117839607
0 0.3333333333333333 0.9877250409165302 0.04111111111111111 0.024549918166939442
0 0.42333333333333334 0.630114566284779 0.03888888888888889 0.054009819967266774
0 0.35944444444444446 0.5687397708674304 0.035555555555555556 0.04746317512274959
0 0.34555555555555556 0.7831423895253683 0.035555555555555556 0.05073649754500818
0 0.30833333333333335 0.5875613747954174 0.03888888888888889 0.05073649754500818
0 0.9116666666666666 0.7160392798690671 0.04 0.054009819967266774
0 0.21888888888888888 0.9607201309328969 0.043333333333333335 0.057283142389525366
0 0.6922222222222222 0.6661211129296236 0.03888888888888889 0.049099836333878884
0 0.805 0.12193126022913257 0.04111111111111111 0.05564648117839607
0 0.42444444444444446 0.925531914893617 0.042222222222222223 0.05564648117839607
0 0.7344444444444445 0.31669394435351883 0.03888888888888889 0.05073649754500818
0 0.6216666666666667 0.5646481178396072 0.035555555555555556 0.04746317512274959
0 0.20222222222222222 0.5810147299509002 0.042222222222222223 0.054009819967266774
0 0.7205555555555555 0.8248772504091653 0.04 0.054009819967266774
0 0.6505555555555556 0.7217675941080196 0.04111111111111111 0.05237315875613748
0 0.13833333333333334 0.5180032733224222 0.04 0.054009819967266774
0 0.23666666666666666 0.48117839607201307 0.04 0.054009819967266774
0 0.3372222222222222 0.44844517184942717 0.03777777777777778 0.049099836333878884
0 0.2311111111111111 0.7397708674304418 0.04 0.05237315875613748
0 0.19666666666666666 0.839607201309329 0.042222222222222223 0.054009819967266774
0 0.4672222222222222 0.5736497545008183 0.04 0.05073649754500818
0 0.8616666666666667 0.14566284779050737 0.042222222222222223 0.057283142389525366
0 0.24555555555555555 0.8199672667757774 0.03888888888888889 0.054009819967266774
0 0.21666666666666667 0.6595744680851063 0.03888888888888889 0.05237315875613748
0 0.8616666666666667 0.4410801963993453 0.03666666666666667 0.049099836333878884
0 0.2833333333333333 0.9950900163666121 0.04111111111111111 0.009819967266775777
0 0.27666666666666667 0.9779050736497545 0.04 0.044189852700491
0 0.3688888888888889 0.9058919803600655 0.04 0.05237315875613748
0 0.08888888888888889 0.532733224222586 0.04 0.054009819967266774
0 0.2733333333333333 0.38379705400981995 0.042222222222222223 0.058919803600654665
0 0.8783333333333333 0.8150572831423896 0.043333333333333335 0.058919803600654665
0 0.6494444444444445 0.42635024549918166 0.035555555555555556 0.04746317512274959
0 0.3244444444444444 0.6644844517184942 0.04 0.05073649754500818
0 0.4661111111111111 0.27495908346972175 0.04888888888888889 0.05564648117839607
0 0.5583333333333333 0.5008183306055647 0.03888888888888889 0.049099836333878884
0 0.6 0.7389525368248773 0.04 0.054009819967266774
0 0.8544444444444445 0.10556464811783961 0.04111111111111111 0.05237315875613748
0 0.5788888888888889 0.6194762684124386 0.04111111111111111 0.05564648117839607
0 0.705 0.7430441898527005 0.03888888888888889 0.049099836333878884
0 0.8972222222222223 0.34288052373158756 0.04 0.05237315875613748
0 0.37555555555555553 0.9459901800327333 0.03888888888888889 0.054009819967266774
0 0.5222222222222223 0.3027823240589198 0.04111111111111111 0.05237315875613748
0 0.8483333333333334 0.6538461538461539 0.035555555555555556 0.05237315875613748
0 0.905 0.38379705400981995 0.04111111111111111 0.054009819967266774
0 0.38333333333333336 0.9795417348608838 0.04 0.04091653027823241
0 0.1527777777777778 0.599836333878887 0.03888888888888889 0.05237315875613748
0 0.5727777777777778 0.5793780687397708 0.03777777777777778 0.049099836333878884
0 0.6477777777777778 0.1260229132569558 0.04111111111111111 0.062193126022913256
0 0.6316666666666667 0.9018003273322422 0.042222222222222223 0.057283142389525366
0 0.1738888888888889 0.7184942716857611 0.04111111111111111 0.05237315875613748
0 0.9116666666666666 0.4230769230769231 0.04111111111111111 0.05237315875613748
0 0.17333333333333334 0.41816693944353517 0.042222222222222223 0.060556464811783964
0 0.23055555555555557 0.44189852700491 0.03777777777777778 0.05073649754500818
0 0.495 0.7315875613747954 0.03666666666666667 0.05073649754500818
0 0.18888888888888888 0.8003273322422259 0.043333333333333335 0.05564648117839607
0 0.8411111111111111 0.6121112929623568 0.03888888888888889 0.05073649754500818
0 0.08166666666666667 0.49263502454991814 0.04111111111111111 0.054009819967266774
0 0.7688888888888888 0.2193126022913257 0.03888888888888889 0.05237315875613748
0 0.09555555555555556 0.5752864157119476 0.04111111111111111 0.054009819967266774
0 0.07388888888888889 0.4509001636661211 0.044444444444444446 0.058919803600654665
0 0.8122222222222222 0.16284779050736498 0.04 0.05073649754500818
0 0.22333333333333333 0.6988543371522095 0.04 0.054009819967266774
0 0.5022222222222222 0.7708674304418985 0.03888888888888889 0.05237315875613748
0 0.89 0.30523731587561376 0.04 0.054009819967266774
0 0.7294444444444445 0.8641571194762684 0.03888888888888889 0.05237315875613748
0 0.9188888888888889 0.4623567921440262 0.042222222222222223 0.058919803600654665
0 0.6061111111111112 0.18494271685761046 0.042222222222222223 0.057283142389525366
0 0.26 0.6039279869067103 0.042222222222222223 0.05564648117839607
0 0.6083333333333333 0.779050736497545 0.03888888888888889 0.05237315875613748
0 0.905 0.6775777414075287 0.04 0.05237315875613748
0 0.7966666666666666 0.07610474631751228 0.042222222222222223 0.060556464811783964
0 0.2038888888888889 0.8788870703764321 0.04 0.054009819967266774
0 0.44555555555555554 0.7495908346972177 0.035555555555555556 0.04746317512274959
0 0.5166666666666667 0.851063829787234 0.04111111111111111 0.05564648117839607
0 0.47888888888888886 0.34124386252045824 0.04888888888888889 0.054009819967266774
0 0.8761111111111111 0.22831423895253683 0.04 0.05237315875613748
0 0.5866666666666667 0.6587561374795418 0.03666666666666667 0.04746317512274959
0 0.855 0.40098199672667756 0.03777777777777778 0.05237315875613748
0 0.7916666666666666 0.339607201309329 0.03888888888888889 0.049099836333878884
0 0.4583333333333333 0.8281505728314239 0.04 0.054009819967266774
0 0.8561111111111112 0.6947626841243862 0.03666666666666667 0.049099836333878884
0 0.18166666666666667 0.4590834697217676 0.03777777777777778 0.049099836333878884
0 0.5611111111111111 0.7430441898527005 0.02666666666666667 0.03764320785597381
0 0.5088888888888888 0.22013093289689034 0.04 0.04091653027823241
0 0.8333333333333334 0.2839607201309329 0.03666666666666667 0.03764320785597381
0 0.46 0.24386252045826515 0.04777777777777778 0.0425531914893617
0 0.48444444444444446 0.37479541734860883 0.04888888888888889 0.049099836333878884
0 0.23777777777777778 0.7806873977086743 0.04 0.054009819967266774
0 0.6638888888888889 0.5065466448445172 0.03888888888888889 0.03764320785597381
0 0.48833333333333334 0.40180032733224225 0.05 0.049099836333878884
0 0.29944444444444446 0.7585924713584288 0.025555555555555557 0.03927986906710311
0 0.4716666666666667 0.31014729950900166 0.04555555555555556 0.04746317512274959
0 0.8244444444444444 0.4525368248772504 0.024444444444444446 0.03927986906710311
0 0.8711111111111111 0.7741407528641571 0.04 0.044189852700491
0 0.4494444444444444 0.17921440261865793 0.04777777777777778 0.054009819967266774
0 0.5227777777777778 0.8911620294599017 0.04111111111111111 0.05237315875613748
0 0.45444444444444443 0.2127659574468085 0.04777777777777778 0.054009819967266774
0 0.5305555555555556 0.9312602291325696 0.04111111111111111 0.05564648117839607
0 0.8477777777777777 0.0630114566284779 0.043333333333333335 0.058919803600654665
0 0.2683333333333333 0.94189852700491 0.042222222222222223 0.054009819967266774
0 0.13111111111111112 0.4762684124386252 0.03222222222222222 0.04746317512274959
0 0.25333333333333335 0.8600654664484452 0.03777777777777778 0.049099836333878884
0 0.705 0.4509001636661211 0.03666666666666667 0.04746317512274959
0 0.4822222222222222 0.9509001636661211 0.04111111111111111 0.05237315875613748
0 0.3383333333333333 0.7454991816693944 0.03888888888888889 0.054009819967266774
0 0.8822222222222222 0.26595744680851063 0.03888888888888889 0.05237315875613748
0 0.4666666666666667 0.867430441898527 0.03777777777777778 0.04746317512274959
0 0.615 0.8175122749590835 0.03333333333333333 0.04746317512274959
0 0.67 0.2528641571194763 0.03777777777777778 0.05073649754500818
0 0.45111111111111113 0.7888707037643208 0.035555555555555556 0.05073649754500818
0 0.6233333333333333 0.8592471358428805 0.04111111111111111 0.05564648117839607
0 0.43833333333333335 0.7119476268412439 0.04 0.05237315875613748
0 0.9188888888888889 0.7553191489361702 0.03888888888888889 0.05073649754500818
0 0.21166666666666667 0.9181669394435352 0.04 0.054009819967266774
0 0.655 0.1685761047463175 0.04 0.054009819967266774
0 0.22611111111111112 0.9869067103109657 0.04 0.02618657937806874
0 0.18666666666666668 0.49754500818330605 0.04 0.054009819967266774
0 0.5933333333333334 0.6963993453355155 0.03888888888888889 0.05237315875613748
0 0.20944444444444443 0.6194762684124386 0.04111111111111111 0.05073649754500818
0 0.12333333333333334 0.43617021276595747 0.04 0.054009819967266774
0 0.8694444444444445 0.18821603927986907 0.04111111111111111 0.05237315875613748