0 0.5655555555555556 0.4744645799011532 0.035555555555555556 0.044481054365733116
0 0.5255555555555556 0.23064250411861614 0.04111111111111111 0.05271828665568369
0 0.5322222222222223 0.27182866556836904 0.04 0.051070840197693576
0 0.33055555555555555 0.33031301482701814 0.04 0.05271828665568369
0 0.5883333333333334 0.29489291598023065 0.03888888888888889 0.051070840197693576
0 0.31722222222222224 0.2471169686985173 0.04111111111111111 0.05271828665568369
0 0.6744444444444444 0.18369028006589785 0.04111111111111111 0.05271828665568369
0 0.3238888888888889 0.28912685337726524 0.03777777777777778 0.04942339373970346
0 0.31055555555555553 0.20181219110378912 0.042222222222222223 0.05601317957166392
0 0.4177777777777778 0.2158154859967051 0.04 0.051070840197693576
0 0.5588888888888889 0.43657331136738053 0.03888888888888889 0.04942339373970346
0 0.38222222222222224 0.3154859967051071 0.03888888888888889 0.051070840197693576
0 0.5527777777777778 0.39373970345963755 0.04111111111111111 0.05271828665568369
0 0.35833333333333334 0.49341021416803954 0.03888888888888889 0.051070840197693576
0 0.7255555555555555 0.1672158154859967 0.04111111111111111 0.054365733113673806
0 0.4311111111111111 0.29983525535420097 0.04111111111111111 0.054365733113673806
0 0.445 0.38220757825370677 0.042222222222222223 0.057660626029654036
0 0.595 0.33772652388797364 0.042222222222222223 0.054365733113673806
0 0.7105555555555556 0.0815485996705107 0.042222222222222223 0.057660626029654036
0 0.5661111111111111 0.7224052718286655 0.027777777777777776 0.036243822075782535
0 0.49277777777777776 0.34102141680395387 0.04888888888888889 0.042833607907743
0 0.515 0.4901153212520593 0.04666666666666667 0.04612850082372323
0 0.8983333333333333 0.5881383855024712 0.04 0.047775947281713346
0 0.3461111111111111 0.7528830313014827 0.04111111111111111 0.05271828665568369
0 0.925 0.7520593080724877 0.04111111111111111 0.051070840197693576
0 0.47 0.20922570016474465 0.04888888888888889 0.04118616144975288
0 0.42 0.5601317957166392 0.04111111111111111 0.05271828665568369
0 0.16944444444444445 0.9769357495881383 0.044444444444444446 0.044481054365733116
0 0.465 0.1771004942339374 0.04777777777777778 0.04612850082372323
0 0.49777777777777776 0.3698517298187809 0.052222222222222225 0.051070840197693576
0 0.06666666666666667 0.3187808896210873 0.04 0.054365733113673806
0 0.9183333333333333 0.7116968698517299 0.03666666666666667 0.042833607907743
0 0.4822222222222222 0.2742998352553542 0.044444444444444446 0.044481054365733116
0 0.8455555555555555 0.26112026359143325 0.03777777777777778 0.04942339373970346
0 0.9061111111111111 0.6301482701812191 0.034444444444444444 0.047775947281713346
0 0.15611111111111112 0.8978583196046128 0.04 0.047775947281713346
0 0.8383333333333334 0.2215815485996705 0.04111111111111111 0.05271828665568369
0 0.7233333333333334 0.8121911037891268 0.04 0.05271828665568369
0 0.1638888888888889 0.9398682042833608 0.04111111111111111 0.05271828665568369
0 0.8722222222222222 0.42504118616144976 0.04 0.047775947281713346
0 0.6983333333333334 0.6515650741350906 0.03888888888888889 0.047775947281713346
0 0.7305555555555555 0.85667215815486 0.03777777777777778 0.051070840197693576
0 0.2633333333333333 0.5642504118616145 0.03777777777777778 0.047775947281713346
0 0.8677777777777778 0.07907742998352553 0.04 0.054365733113673806
0 0.91 0.32784184514003295 0.03888888888888889 0.047775947281713346
0 0.39055555555555554 0.6976935749588138 0.034444444444444444 0.047775947281713346
0 0.18166666666666667 0.7191103789126854 0.04 0.047775947281713346
0 0.9016666666666666 0.28665568369028005 0.043333333333333335 0.054365733113673806
0 0.46 0.1416803953871499 0.052222222222222225 0.05271828665568369
0 0.6927777777777778 0.3056013179571664 0.03666666666666667 0.044481054365733116
0 0.8744444444444445 0.12191103789126853 0.042222222222222223 0.054365733113673806
0 0.7183333333333334 0.7726523887973641 0.03777777777777778 0.047775947281713346
0 0.7038888888888889 0.6894563426688632 0.03888888888888889 0.04942339373970346
0 0.7116666666666667 0.729818780889621 0.03888888888888889 0.051070840197693576
0 0.26722222222222225 0.25947281713344317 0.04 0.04942339373970346
0 0.08 0.40444810543657334 0.03888888888888889 0.047775947281713346
0 0.6383333333333333 0.2808896210873147 0.03888888888888889 0.051070840197693576
0 0.9333333333333333 0.7957166392092258 0.042222222222222223 0.05601317957166392
0 0.8811111111111111 0.16392092257001648 0.042222222222222223 0.054365733113673806
0 0.8944444444444445 0.24464579901153213 0.042222222222222223 0.051070840197693576
0 0.07333333333333333 0.36326194398682043 0.03888888888888889 0.04942339373970346
0 0.32 0.5906095551894563 0.042222222222222223 0.057660626029654036
0 0.13055555555555556 0.7322899505766063 0.03888888888888889 0.04612850082372323
0 0.175 0.6795716639209226 0.04111111111111111 0.051070840197693576
0 0.18833333333333332 0.7594728171334432 0.042222222222222223 0.04942339373970346
0 0.6322222222222222 0.2372322899505766 0.03666666666666667 0.054365733113673806
0 0.8583333333333333 0.342668863261944 0.04 0.047775947281713346
0 0.8883333333333333 0.20510708401976935 0.04111111111111111 0.05271828665568369
0 0.34 0.71334431630972 0.03777777777777778 0.04612850082372323
0 0.8511111111111112 0.30230642504118616 0.04111111111111111 0.05271828665568369
0 0.3844444444444444 0.657331136738056 0.03666666666666667 0.047775947281713346
0 0.14444444444444443 0.8171334431630972 0.042222222222222223 0.05271828665568369
0 0.1511111111111111 0.8583196046128501 0.04 0.04942339373970346
0 0.815 0.3986820428336079 0.035555555555555556 0.047775947281713346
0 0.11611111111111111 0.3056013179571664 0.042222222222222223 0.05601317957166392
0 0.8283333333333334 0.4785831960461285 0.03666666666666667 0.04612850082372323
0 0.16722222222222222 0.2915980230642504 0.04 0.04942339373970346
0 0.7066666666666667 0.38797364085667213 0.03777777777777778 0.047775947281713346
0 0.18555555555555556 0.4159802306425041 0.03777777777777778 0.04612850082372323
0 0.8311111111111111 0.18039538714991762 0.04111111111111111 0.05271828665568369
0 0.6655555555555556 0.44481054365733114 0.034444444444444444 0.04612850082372323
0 0.9116666666666666 0.6729818780889621 0.04 0.05271828665568369
0 0.09833333333333333 0.528830313014827 0.03888888888888889 0.04612850082372323
0 0.11166666666666666 0.6120263591433278 0.03666666666666667 0.047775947281713346
0 0.8172222222222222 0.09555189456342669 0.03888888888888889 0.051070840197693576
0 0.31277777777777777 0.5502471169686985 0.04 0.047775947281713346
0 0.6711111111111111 0.4843492586490939 0.03777777777777778 0.04942339373970346
0 0.9166666666666666 0.37067545304777594 0.042222222222222223 0.054365733113673806
0 0.15944444444444444 0.24464579901153213 0.04111111111111111 0.05601317957166392
0 0.8605555555555555 0.03212520593080725 0.04 0.057660626029654036
0 0.16944444444444445 0.6392092257001647 0.042222222222222223 0.057660626029654036
0 0.625 0.19769357495881384 0.034444444444444444 0.044481054365733116
0 0.865 0.38385502471169686 0.03888888888888889 0.04942339373970346
0 0.059444444444444446 0.2726523887973641 0.042222222222222223 0.057660626029654036
0 0.6016666666666667 0.3797364085667216 0.03666666666666667 0.04942339373970346
0 0.08666666666666667 0.4464579901153213 0.04111111111111111 0.05271828665568369
0 0.40055555555555555 0.43657331136738053 0.04 0.04612850082372323
0 0.125 0.6935749588138386 0.04 0.04942339373970346
0 0.3527777777777778 0.7981878088962109 0.04111111111111111 0.05271828665568369
0 0.22944444444444445 0.36079077429983525 0.03888888888888889 0.04942339373970346
0 0.09222222222222222 0.48846787479406917 0.03888888888888889 0.051070840197693576
0 0.11055555555555556 0.2586490939044481 0.043333333333333335 0.05930807248764415
0 0.17277777777777778 0.33278418451400327 0.035555555555555556 0.051070840197693576
0 0.7883333333333333 0.2372322899505766 0.03777777777777778 0.047775947281713346
0 0.8238888888888889 0.13756177924217464 0.04111111111111111 0.05271828665568369
0 0.8216666666666667 0.43986820428336076 0.03888888888888889 0.05271828665568369
0 0.8411111111111111 0.5642504118616145 0.03777777777777778 0.051070840197693576
0 0.5394444444444444 0.31054365733113676 0.035555555555555556 0.044481054365733116
0 0.8105555555555556 0.051070840197693576 0.042222222222222223 0.05930807248764415
0 0.8072222222222222 0.3599670510708402 0.03666666666666667 0.051070840197693576
0 0.6111111111111112 0.11037891268533773 0.03888888888888889 0.057660626029654036
0 0.48777777777777775 0.30724876441515653 0.04666666666666667 0.05271828665568369
0 0.32722222222222225 0.6334431630971994 0.03777777777777778 0.047775947281713346
0 0.66 0.09472817133443164 0.042222222222222223 0.057660626029654036
0 0.135 0.43245469522240526 0.03888888888888889 0.047775947281713346
0 0.11833333333333333 0.6532125205930808 0.043333333333333335 0.054365733113673806
0 0.8344444444444444 0.5205930807248764 0.03888888888888889 0.054365733113673806
0 0.13722222222222222 0.7751235584843492 0.04111111111111111 0.05271828665568369
0 0.4761111111111111 0.24217462932454695 0.051111111111111114 0.051070840197693576
0 0.19444444444444445 0.8014827018121911 0.043333333333333335 0.05930807248764415
0 0.12333333333333334 0.34925864909390447 0.04111111111111111 0.05271828665568369
0 0.1622222222222222 0.5955518945634267 0.04 0.04942339373970346
0 0.26 0.21499176276771004 0.04111111111111111 0.054365733113673806
0 0.6855555555555556 0.5675453047775947 0.04111111111111111 0.05271828665568369
0 0.14944444444444444 0.514827018121911 0.04111111111111111 0.05271828665568369
0 0.12944444444444445 0.3912685337726524 0.03888888888888889 0.051070840197693576
0 0.8916666666666667 0.5494233937397035 0.04 0.047775947281713346
0 0.105 0.570840197693575 0.04 0.05271828665568369
0 0.7322222222222222 0.20922570016474465 0.035555555555555556 0.044481054365733116
0 0.8783333333333333 0.46622734761120266 0.03888888888888889 0.04942339373970346
0 0.39666666666666667 0.7397034596375618 0.04111111111111111 0.054365733113673806
0 0.5083333333333333 0.443163097199341 0.04888888888888889 0.05601317957166392
0 0.6183333333333333 0.1556836902800659 0.04 0.054365733113673806
0 0.25722222222222224 0.5238879736408567 0.042222222222222223 0.04942339373970346
0 0.30722222222222223 0.5107084019769358 0.03888888888888889 0.051070840197693576
0 0.7455555555555555 0.2915980230642504 0.03666666666666667 0.047775947281713346
0 0.4066666666666667 0.47775947281713343 0.04111111111111111 0.05271828665568369
0 0.3333333333333333 0.6738056013179572 0.04 0.05271828665568369
0 0.8844444444444445 0.5074135090609555 0.04 0.051070840197693576
0 0.6922222222222222 0.6112026359143328 0.04111111111111111 0.05271828665568369
0 0.3 0.4686985172981878 0.03777777777777778 0.047775947281713346
0 0.43777777777777777 0.34102141680395387 0.04 0.04612850082372323
0 0.15611111111111112 0.557660626029654 0.04 0.04942339373970346
0 0.7944444444444444 0.27677100494233936 0.03888888888888889 0.05271828665568369
0 0.5122222222222222 0.14085667215815487 0.04111111111111111 0.05601317957166392
0 0.4266666666666667 0.6021416803953872 0.042222222222222223 0.05271828665568369
0 0.26944444444444443 0.6046128500823723 0.04111111111111111 0.05271828665568369
0 0.4111111111111111 0.1696869851729819 0.042222222222222223 0.057660626029654036
0 0.7144444444444444 0.42915980230642503 0.042222222222222223 0.054365733113673806
0 0.3611111111111111 0.18451400329489293 0.04 0.057660626029654036
0 0.6783333333333333 0.5247116968698518 0.03888888888888889 0.051070840197693576
0 0.3388888888888889 0.3731466227347611 0.03777777777777778 0.047775947281713346
0 0.5783333333333334 0.557660626029654 0.042222222222222223 0.054365733113673806
0 0.365 0.5329489291598023 0.03888888888888889 0.04942339373970346
0 0.5716666666666667 0.514003294892916 0.03888888888888889 0.05271828665568369
0 0.5827777777777777 0.25370675453047775 0.03777777777777778 0.04942339373970346
0 0.7522222222222222 0.3344316309719934 0.042222222222222223 0.054365733113673806
0 0.22333333333333333 0.32207578253706753 0.03666666666666667 0.04942339373970346
0 0.7005555555555556 0.3467874794069193 0.04 0.05271828665568369
0 0.375 0.6169686985172982 0.04 0.051070840197693576
0 0.6677777777777778 0.1416803953871499 0.04 0.04942339373970346
0 0.6088888888888889 0.4209225700164745 0.03777777777777778 0.051070840197693576
0 0.8011111111111111 0.3187808896210873 0.03777777777777778 0.04942339373970346
0 0.7183333333333334 0.12685337726523888 0.03888888888888889 0.04942339373970346
0 0.6438888888888888 0.32042833607907745 0.03777777777777778 0.047775947281713346
0 0.41388888888888886 0.5181219110378913 0.04 0.047775947281713346
0 0.25 0.48599670510708404 0.04111111111111111 0.05271828665568369
0 0.3516666666666667 0.4538714991762768 0.03777777777777778 0.04942339373970346
0 0.345 0.4126853377265239 0.04111111111111111 0.05271828665568369
0 0.6811111111111111 0.22652388797364087 0.04 0.051070840197693576
0 0.37444444444444447 0.27347611202635913 0.04 0.05271828665568369
0 0.2088888888888889 0.23064250411861614 0.04111111111111111 0.057660626029654036
0 0.7822222222222223 0.1927512355848435 0.04 0.054365733113673806
0 0.21666666666666667 0.2775947281713344 0.04111111111111111 0.054365733113673806
0 0.5461111111111111 0.3500823723228995 0.04111111111111111 0.05271828665568369
0 0.6883333333333334 0.2677100494233937 0.03888888888888889 0.04942339373970346
0 0.14277777777777778 0.4728171334431631 0.04111111111111111 0.05271828665568369
0 0.27944444444444444 0.3467874794069193 0.04 0.047775947281713346
0 0.7388888888888889 0.24958813838550248 0.04 0.054365733113673806
0 0.27555555555555555 0.6457990115321252 0.04111111111111111 0.051070840197693576
0 0.42388888888888887 0.257825370675453 0.03888888888888889 0.047775947281713346
0 0.6583333333333333 0.40444810543657334 0.03777777777777778 0.04942339373970346
0 0.2361111111111111 0.4011532125205931 0.04 0.04942339373970346
0 0.5183333333333333 0.18616144975288304 0.04 0.051070840197693576
0 0.3877777777777778 0.357495881383855 0.03888888888888889 0.04942339373970346
0 0.29444444444444445 0.42751235584843494 0.03888888888888889 0.04942339373970346
0 0.2872222222222222 0.385502471169687 0.04 0.04942339373970346
0 0.37 0.5741350906095551 0.042222222222222223 0.054365733113673806
0 0.3688888888888889 0.23146622734761121 0.03888888888888889 0.051070840197693576
0 0.39444444444444443 0.3978583196046129 0.03777777777777778 0.04942339373970346
0 0.17888888888888888 0.3756177924217463 0.04 0.05271828665568369
0 0.2738888888888889 0.3039538714991763 0.04111111111111111 0.054365733113673806
0 0.6516666666666666 0.3624382207578254 0.03888888888888889 0.05271828665568369
0 0.2427777777777778 0.443163097199341 0.04111111111111111 0.05271828665568369