0 0.35888888888888887 0.4597039473684211 0.022222222222222223 0.03453947368421053
0 0.33555555555555555 0.4194078947368421 0.022222222222222223 0.03618421052631579
0 0.29388888888888887 0.21299342105263158 0.034444444444444444 0.05098684210526316
0 0.08777777777777777 0.2993421052631579 0.035555555555555556 0.046052631578947366
0 0.7066666666666667 0.7088815789473685 0.035555555555555556 0.046052631578947366
0 0.13833333333333334 0.6208881578947368 0.03666666666666667 0.05098684210526316
0 0.43666666666666665 0.5024671052631579 0.022222222222222223 0.03453947368421053
0 0.08777777777777777 0.34210526315789475 0.035555555555555556 0.039473684210526314
0 0.9016666666666666 0.4251644736842105 0.023333333333333334 0.03782894736842105
0 0.8094444444444444 0.42269736842105265 0.03 0.04276315789473684
0 0.435 0.4613486842105263 0.021111111111111112 0.03453947368421053
0 0.4627777777777778 0.4605263157894737 0.023333333333333334 0.03289473684210526
0 0.45 0.3824013157894737 0.035555555555555556 0.03782894736842105
0 0.39666666666666667 0.6208881578947368 0.03333333333333333 0.04111842105263158
0 0.4627777777777778 0.540296052631579 0.023333333333333334 0.03453947368421053
0 0.35944444444444446 0.34210526315789475 0.021111111111111112 0.03289473684210526
0 0.335 0.4597039473684211 0.021111111111111112 0.03125
0 0.6044444444444445 0.34292763157894735 0.035555555555555556 0.03782894736842105
0 0.33555555555555555 0.3404605263157895 0.02 0.03618421052631579
0 0.4627777777777778 0.5008223684210527 0.023333333333333334 0.03453947368421053
0 0.35888888888888887 0.30180921052631576 0.022222222222222223 0.03782894736842105
0 0.33555555555555555 0.2993421052631579 0.022222222222222223 0.03618421052631579
0 0.9011111111111111 0.4629934210526316 0.022222222222222223 0.03125
0 0.5016666666666667 0.2557565789473684 0.04555555555555556 0.04111842105263158
0 0.7583333333333333 0.34539473684210525 0.034444444444444444 0.039473684210526314
0 0.35944444444444446 0.42023026315789475 0.021111111111111112 0.03125
0 0.46166666666666667 0.42105263157894735 0.023333333333333334 0.03618421052631579
0 0.9144444444444444 0.3042763157894737 0.03333333333333333 0.04276315789473684
0 0.5033333333333333 0.3223684210526316 0.042222222222222223 0.039473684210526314
0 0.35888888888888887 0.37911184210526316 0.02 0.03125
0 0.72 0.7870065789473685 0.022222222222222223 0.03782894736842105
0 0.41 0.9103618421052632 0.022222222222222223 0.03453947368421053
0 0.9127777777777778 0.34375 0.034444444444444444 0.039473684210526314
0 0.4111111111111111 0.7467105263157895 0.02 0.03618421052631579
0 0.085 0.6200657894736842 0.03888888888888889 0.049342105263157895
0 0.3861111111111111 0.7475328947368421 0.023333333333333334 0.03453947368421053
0 0.4111111111111111 0.828125 0.02 0.03453947368421053
0 0.13722222222222222 0.7088815789473685 0.03666666666666667 0.04276315789473684
0 0.7055555555555556 0.2993421052631579 0.035555555555555556 0.046052631578947366
0 0.08444444444444445 0.709703947368421 0.03777777777777778 0.047697368421052634
0 0.4361111111111111 0.42105263157894735 0.021111111111111112 0.029605263157894735
0 0.6055555555555555 0.2590460526315789 0.035555555555555556 0.03453947368421053
0 0.43833333333333335 0.7467105263157895 0.021111111111111112 0.03289473684210526
0 0.29333333333333333 0.2993421052631579 0.035555555555555556 0.04276315789473684
0 0.3861111111111111 0.8248355263157895 0.023333333333333334 0.03125
0 0.29333333333333333 0.2590460526315789 0.035555555555555556 0.03453947368421053
0 0.9266666666666666 0.4251644736842105 0.022222222222222223 0.03453947368421053
0 0.46166666666666667 0.7450657894736842 0.021111111111111112 0.03618421052631579
0 0.5022222222222222 0.15789473684210525 0.051111111111111114 0.03618421052631579
0 0.9266666666666666 0.4613486842105263 0.02 0.03125
0 0.08444444444444445 0.665296052631579 0.03777777777777778 0.044407894736842105
0 0.81 0.34292763157894735 0.035555555555555556 0.03125
0 0.5027777777777778 0.19325657894736842 0.04777777777777778 0.03453947368421053
0 0.9116666666666666 0.3807565789473684 0.034444444444444444 0.03782894736842105
0 0.3572222222222222 0.5016447368421053 0.025555555555555557 0.03289473684210526
0 0.385 0.9103618421052632 0.023333333333333334 0.03453947368421053
0 0.72 0.7491776315789473 0.022222222222222223 0.03125
0 0.46111111111111114 0.7886513157894737 0.024444444444444446 0.03453947368421053
0 0.20222222222222222 0.7894736842105263 0.024444444444444446 0.03289473684210526
0 0.4111111111111111 0.7845394736842105 0.022222222222222223 0.029605263157894735
0 0.7583333333333333 0.3824013157894737 0.03222222222222222 0.04111842105263158
0 0.6955555555555556 0.7886513157894737 0.022222222222222223 0.03453947368421053
0 0.8605555555555555 0.30098684210526316 0.03222222222222222 0.04276315789473684
0 0.695 0.7475328947368421 0.021111111111111112 0.03453947368421053
0 0.38555555555555554 0.7845394736842105 0.024444444444444446 0.03289473684210526
0 0.20166666666666666 0.7483552631578947 0.023333333333333334 0.03618421052631579
0 0.5533333333333333 0.33963815789473684 0.035555555555555556 0.03125
0 0.13722222222222222 0.6669407894736842 0.034444444444444444 0.044407894736842105
0 0.5027777777777778 0.38569078947368424 0.04555555555555556 0.03125
0 0.5011111111111111 0.537828947368421 0.03111111111111111 0.039473684210526314
0 0.8605555555555555 0.2623355263157895 0.034444444444444444 0.03125
0 0.5022222222222222 0.2902960526315789 0.04666666666666667 0.03125
0 0.5027777777777778 0.3569078947368421 0.04555555555555556 0.03289473684210526
0 0.8605555555555555 0.3782894736842105 0.034444444444444444 0.05263157894736842
0 0.41055555555555556 0.8708881578947368 0.023333333333333334 0.03125
0 0.5127777777777778 0.7319078947368421 0.023333333333333334 0.02631578947368421
0 0.8611111111111112 0.33881578947368424 0.03333333333333333 0.03289473684210526
0 0.5022222222222222 0.22615131578947367 0.04666666666666667 0.027960526315789474
0 0.38555555555555554 0.8692434210526315 0.022222222222222223 0.03453947368421053
0 0.5127777777777778 0.7541118421052632 0.021111111111111112 0.02138157894736842
0 0.19055555555555556 0.3840460526315789 0.03666666666666667 0.047697368421052634
0 0.39666666666666667 0.3026315789473684 0.035555555555555556 0.046052631578947366
0 0.5538888888888889 0.2565789473684211 0.03666666666666667 0.046052631578947366
0 0.08666666666666667 0.3832236842105263 0.03777777777777778 0.046052631578947366
0 0.8105555555555556 0.2590460526315789 0.034444444444444444 0.047697368421052634
0 0.3461111111111111 0.6677631578947368 0.034444444444444444 0.04276315789473684
0 0.19 0.3001644736842105 0.035555555555555556 0.047697368421052634
0 0.24222222222222223 0.30180921052631576 0.035555555555555556 0.044407894736842105
0 0.4483333333333333 0.30098684210526316 0.03666666666666667 0.046052631578947366
0 0.13944444444444445 0.3848684210526316 0.03666666666666667 0.046052631578947366
0 0.45 0.6208881578947368 0.035555555555555556 0.044407894736842105
0 0.3461111111111111 0.6217105263157895 0.034444444444444444 0.049342105263157895
0 0.3977777777777778 0.3824013157894737 0.03333333333333333 0.04111842105263158
0 0.3466666666666667 0.7088815789473685 0.03333333333333333 0.04276315789473684
0 0.24166666666666667 0.2582236842105263 0.034444444444444444 0.046052631578947366
0 0.7594444444444445 0.7080592105263158 0.03666666666666667 0.044407894736842105
0 0.6561111111111111 0.3412828947368421 0.034444444444444444 0.044407894736842105
0 0.5016666666666667 0.45476973684210525 0.03888888888888889 0.044407894736842105
0 0.7061111111111111 0.6233552631578947 0.034444444444444444 0.046052631578947366
0 0.7066666666666667 0.6661184210526315 0.03333333333333333 0.04276315789473684
0 0.4483333333333333 0.665296052631579 0.034444444444444444 0.04111842105263158
0 0.7055555555555556 0.34292763157894735 0.035555555555555556 0.04111842105263158
0 0.1388888888888889 0.34375 0.035555555555555556 0.04276315789473684
0 0.5527777777777778 0.3774671052631579 0.03666666666666667 0.044407894736842105
0 0.705 0.38651315789473684 0.03666666666666667 0.046052631578947366
0 0.6055555555555555 0.2138157894736842 0.035555555555555556 0.05263157894736842
0 0.29388888888888887 0.34210526315789475 0.034444444444444444 0.039473684210526314
0 0.7588888888888888 0.6225328947368421 0.035555555555555556 0.047697368421052634
0 0.8611111111111112 0.21628289473684212 0.035555555555555556 0.054276315789473686
0 0.7588888888888888 0.6669407894736842 0.035555555555555556 0.04111842105263158
0 0.13944444444444445 0.2993421052631579 0.034444444444444444 0.046052631578947366
0 0.18888888888888888 0.34210526315789475 0.035555555555555556 0.039473684210526314
0 0.29333333333333333 0.3824013157894737 0.035555555555555556 0.04111842105263158
0 0.5527777777777778 0.421875 0.034444444444444444 0.04111842105263158
0 0.3977777777777778 0.7072368421052632 0.035555555555555556 0.04276315789473684
0 0.5538888888888889 0.3026315789473684 0.034444444444444444 0.04276315789473684
0 0.6044444444444445 0.3815789473684211 0.035555555555555556 0.04276315789473684
0 0.4483333333333333 0.7064144736842105 0.03666666666666667 0.044407894736842105
0 0.6044444444444445 0.2993421052631579 0.035555555555555556 0.04276315789473684
0 0.7583333333333333 0.30098684210526316 0.03666666666666667 0.046052631578947366
0 0.5005555555555555 0.4975328947368421 0.03888888888888889 0.04111842105263158
0 0.4494444444444444 0.34292763157894735 0.034444444444444444 0.04111842105263158
0 0.81 0.3042763157894737 0.03333333333333333 0.04276315789473684
0 0.19055555555555556 0.6208881578947368 0.034444444444444444 0.047697368421052634
0 0.3977777777777778 0.34375 0.03333333333333333 0.03618421052631579
0 0.18888888888888888 0.7072368421052632 0.03777777777777778 0.04276315789473684
0 0.6544444444444445 0.3832236842105263 0.035555555555555556 0.039473684210526314
0 0.6561111111111111 0.29851973684210525 0.03666666666666667 0.044407894736842105
0 0.39555555555555555 0.6644736842105263 0.03111111111111111 0.04276315789473684
0 0.33555555555555555 0.37911184210526316 0.022222222222222223 0.03125
0 0.8094444444444444 0.37993421052631576 0.034444444444444444 0.039473684210526314
0 0.18944444444444444 0.6661184210526315 0.03666666666666667 0.04276315789473684