0 0.71625 0.8552215189873418 0.03 0.023734177215189875
0 0.773125 0.7563291139240507 0.03375 0.03164556962025317
0 0.88375 0.5015822784810127 0.035 0.0379746835443038
0 0.6625 0.4098101265822785 0.035 0.0189873417721519
0 0.826875 0.7887658227848101 0.03375 0.02689873417721519
0 0.38625 0.6574367088607594 0.0325 0.030063291139240507
0 0.33125 0.40427215189873417 0.0325 0.03322784810126582
0 0.330625 0.7879746835443038 0.03375 0.03481012658227848
0 0.164375 0.877373417721519 0.03375 0.03322784810126582
0 0.6475 0.7895569620253164 0.0225 0.028481012658227847
0 0.51 0.7310126582278481 0.0225 0.0189873417721519
0 0.50875 0.8560126582278481 0.0225 0.02531645569620253
0 0.50875 0.6337025316455697 0.02 0.020569620253164556
0 0.883125 0.4723101265822785 0.03375 0.030063291139240507
0 0.649375 0.6289556962025317 0.02125 0.02689873417721519
0 0.51 0.882120253164557 0.025 0.028481012658227847
0 0.649375 0.4723101265822785 0.02 0.022151898734177215
0 0.65 0.504746835443038 0.02 0.02531645569620253
0 0.649375 0.5340189873417721 0.0175 0.02689873417721519
0 0.64875 0.564873417721519 0.01875 0.023734177215189875
0 0.650625 0.5973101265822784 0.01875 0.02531645569620253
0 0.675625 0.47310126582278483 0.0175 0.022151898734177215
0 0.67625 0.5039556962025317 0.015 0.023734177215189875
0 0.4975 0.35680379746835444 0.03 0.0189873417721519
0 0.49625 0.3947784810126582 0.03125 0.020569620253164556
0 0.498125 0.5102848101265823 0.035 0.02531645569620253
0 0.4975 0.5332278481012658 0.03125 0.022151898734177215
0 0.496875 0.5482594936708861 0.0325 0.007911392405063292
0 0.50875 0.5625 0.02125 0.014240506329113924
0 0.51 0.5767405063291139 0.025 0.01740506329113924
0 0.51 0.7650316455696202 0.0225 0.01740506329113924
0 0.510625 0.7136075949367089 0.01875 0.022151898734177215
0 0.510625 0.6756329113924051 0.02125 0.022151898734177215
0 0.509375 0.6503164556962026 0.01875 0.015822784810126583
0 0.716875 0.7863924050632911 0.03375 0.03481012658227848
0 0.275625 0.7231012658227848 0.03125 0.03164556962025317
0 0.385625 0.8520569620253164 0.03375 0.03322784810126582
0 0.33125 0.5640822784810127 0.03 0.030063291139240507
0 0.220625 0.37420886075949367 0.03625 0.03639240506329114
0 0.716875 0.6621835443037974 0.03625 0.03322784810126582
0 0.5525 0.37816455696202533 0.035 0.03481012658227848
0 0.440625 0.7563291139240507 0.03125 0.03164556962025317
0 0.608125 0.37579113924050633 0.03375 0.03322784810126582
0 0.443125 0.40822784810126583 0.03375 0.03481012658227848
0 0.27625 0.7863924050632911 0.035 0.03164556962025317
0 0.606875 0.5965189873417721 0.03375 0.028481012658227847
0 0.55375 0.47072784810126583 0.0325 0.03322784810126582
0 0.3875 0.37341772151898733 0.0325 0.0379746835443038
0 0.220625 0.6590189873417721 0.03125 0.03322784810126582
0 0.7175 0.6930379746835443 0.035 0.03164556962025317
0 0.27625 0.819620253164557 0.0325 0.03481012658227848
0 0.606875 0.6938291139240507 0.03625 0.030063291139240507
0 0.606875 0.6629746835443038 0.03375 0.03164556962025317
0 0.6075 0.5664556962025317 0.035 0.03164556962025317
0 0.220625 0.7863924050632911 0.03375 0.03481012658227848
0 0.44125 0.7246835443037974 0.0325 0.03164556962025317
0 0.716875 0.7246835443037974 0.03375 0.03164556962025317
0 0.22 0.7238924050632911 0.0325 0.03322784810126582
0 0.220625 0.5933544303797469 0.03125 0.03164556962025317
0 0.330625 0.6914556962025317 0.03375 0.03164556962025317
0 0.60625 0.8204113924050633 0.035 0.03322784810126582
0 0.22 0.46835443037974683 0.0325 0.03481012658227848
0 0.275 0.6289556962025317 0.0325 0.03322784810126582
0 0.441875 0.5949367088607594 0.03375 0.028481012658227847
0 0.441875 0.692246835443038 0.03375 0.03322784810126582
0 0.220625 0.6914556962025317 0.03375 0.03164556962025317
0 0.220625 0.819620253164557 0.03375 0.03164556962025317
0 0.606875 0.8528481012658228 0.03375 0.03164556962025317
0 0.648125 0.7254746835443038 0.02625 0.03322784810126582
0 0.773125 0.5371835443037974 0.03125 0.03322784810126582
0 0.165625 0.7238924050632911 0.03625 0.03639240506329114
0 0.6075 0.4074367088607595 0.0325 0.02689873417721519
0 0.674375 0.8512658227848101 0.02125 0.028481012658227847
0 0.5525 0.502373417721519 0.0325 0.030063291139240507
0 0.38625 0.43908227848101267 0.035 0.030063291139240507
0 0.8275 0.4098101265822785 0.0325 0.03164556962025317
0 0.385625 0.5957278481012658 0.03125 0.02689873417721519
0 0.675 0.8837025316455697 0.025 0.03322784810126582
0 0.5525 0.3449367088607595 0.0325 0.03481012658227848
0 0.44375 0.37420886075949367 0.035 0.03639240506329114
0 0.38625 0.5015822784810127 0.035 0.03164556962025317
0 0.38625 0.4699367088607595 0.035 0.03164556962025317
0 0.11 0.37341772151898733 0.0325 0.0379746835443038
0 0.828125 0.5688291139240507 0.03125 0.030063291139240507
0 0.7725 0.40822784810126583 0.035 0.0379746835443038
0 0.8275 0.5371835443037974 0.03 0.03322784810126582
0 0.22 0.5640822784810127 0.0325 0.030063291139240507
0 0.330625 0.5965189873417721 0.02875 0.03481012658227848
0 0.88375 0.5680379746835443 0.0375 0.03164556962025317
0 0.51 0.6962025316455697 0.02 0.0189873417721519
0 0.330625 0.8805379746835443 0.03125 0.030063291139240507
0 0.8825 0.884493670886076 0.035 0.03164556962025317
0 0.33125 0.5007911392405063 0.03 0.030063291139240507
0 0.27625 0.4699367088607595 0.035 0.03164556962025317
0 0.494375 0.7903481012658228 0.03375 0.020569620253164556
0 0.495625 0.4541139240506329 0.03375 0.03481012658227848
0 0.4975 0.33781645569620256 0.035 0.023734177215189875
0 0.495 0.807753164556962 0.0325 0.014240506329113924
0 0.276875 0.37183544303797467 0.03375 0.0379746835443038
0 0.441875 0.5332278481012658 0.03125 0.03164556962025317
0 0.60625 0.7887658227848101 0.035 0.03322784810126582
0 0.440625 0.8536392405063291 0.03125 0.02689873417721519
0 0.385625 0.7887658227848101 0.03375 0.03322784810126582
0 0.8825 0.7927215189873418 0.035 0.028481012658227847
0 0.499375 0.37420886075949367 0.03375 0.0189873417721519
0 0.881875 0.821993670886076 0.03625 0.02689873417721519
0 0.165 0.5973101265822784 0.0325 0.02689873417721519
0 0.77125 0.884493670886076 0.0375 0.028481012658227847
0 0.508125 0.7484177215189873 0.02375 0.015822784810126583
0 0.440625 0.8829113924050633 0.03375 0.03164556962025317
0 0.496875 0.4208860759493671 0.03375 0.03481012658227848
0 0.605625 0.7563291139240507 0.03625 0.03164556962025317
0 0.606875 0.47151898734177217 0.03375 0.03481012658227848
0 0.330625 0.46914556962025317 0.03375 0.03322784810126582
0 0.77125 0.8544303797468354 0.035 0.03164556962025317
0 0.881875 0.7270569620253164 0.03375 0.030063291139240507
0 0.828125 0.8852848101265823 0.03625 0.030063291139240507
0 0.881875 0.7579113924050633 0.03375 0.03481012658227848
0 0.881875 0.6962025316455697 0.03375 0.03164556962025317
0 0.385 0.819620253164557 0.035 0.028481012658227847
0 0.33125 0.8180379746835443 0.035 0.028481012658227847
0 0.38625 0.5664556962025317 0.0325 0.03164556962025317
0 0.608125 0.5031645569620253 0.03125 0.028481012658227847
0 0.38625 0.7223101265822784 0.035 0.03322784810126582
0 0.275 0.564873417721519 0.0325 0.03481012658227848
0 0.330625 0.7579113924050633 0.03375 0.03164556962025317
0 0.220625 0.4208860759493671 0.03375 0.05379746835443038
0 0.674375 0.6914556962025317 0.02125 0.022151898734177215
0 0.11 0.4050632911392405 0.0325 0.028481012658227847
0 0.8275 0.7579113924050633 0.035 0.03164556962025317
0 0.771875 0.6004746835443038 0.03375 0.03322784810126582
0 0.7725 0.504746835443038 0.03 0.028481012658227847
0 0.165 0.8528481012658228 0.035 0.03481012658227848
0 0.88125 0.8520569620253164 0.035 0.03322784810126582
0 0.884375 0.5996835443037974 0.03375 0.03164556962025317
0 0.828125 0.6305379746835443 0.03375 0.03639240506329114
0 0.828125 0.7262658227848101 0.03375 0.03164556962025317
0 0.11 0.7207278481012658 0.0325 0.03322784810126582
0 0.716875 0.8829113924050633 0.03375 0.03481012658227848
0 0.7175 0.5039556962025317 0.0275 0.023734177215189875
0 0.771875 0.7863924050632911 0.03625 0.03481012658227848
0 0.826875 0.8544303797468354 0.03625 0.03164556962025317
0 0.330625 0.432753164556962 0.03125 0.03639240506329114
0 0.165 0.6890822784810127 0.035 0.03322784810126582
0 0.828125 0.4430379746835443 0.03125 0.03164556962025317
0 0.33125 0.6305379746835443 0.0325 0.03322784810126582
0 0.165625 0.4050632911392405 0.03125 0.03164556962025317
0 0.771875 0.7262658227848101 0.03375 0.03164556962025317
0 0.44125 0.6606012658227848 0.0325 0.030063291139240507
0 0.165 0.564873417721519 0.0325 0.0379746835443038
0 0.330625 0.6606012658227848 0.03375 0.030063291139240507
0 0.165 0.7555379746835443 0.035 0.030063291139240507
0 0.6475 0.819620253164557 0.0225 0.028481012658227847
0 0.828125 0.6629746835443038 0.03625 0.03164556962025317
0 0.674375 0.754746835443038 0.02125 0.02531645569620253
0 0.64875 0.6613924050632911 0.0225 0.02531645569620253
0 0.620625 0.3449367088607595 0.02375 0.028481012658227847
0 0.675 0.3449367088607595 0.0225 0.028481012658227847
0 0.10875 0.8813291139240507 0.035 0.03164556962025317
0 0.7175 0.5965189873417721 0.0325 0.03164556962025317
0 0.883125 0.6305379746835443 0.03625 0.03322784810126582
0 0.553125 0.5340189873417721 0.03125 0.03322784810126582
0 0.8275 0.5988924050632911 0.03 0.030063291139240507
0 0.275625 0.5015822784810127 0.03625 0.03481012658227848
0 0.675 0.7871835443037974 0.02 0.02689873417721519
0 0.109375 0.6882911392405063 0.03375 0.03481012658227848
0 0.771875 0.6954113924050633 0.03375 0.03322784810126582
0 0.718125 0.629746835443038 0.03375 0.03164556962025317
0 0.108125 0.7856012658227848 0.03125 0.030063291139240507
0 0.88375 0.6645569620253164 0.035 0.03481012658227848
0 0.65 0.34572784810126583 0.025 0.02689873417721519
0 0.7725 0.6629746835443038 0.0325 0.03481012658227848
0 0.275625 0.5332278481012658 0.03375 0.028481012658227847
0 0.828125 0.47389240506329117 0.03375 0.03322784810126582
0 0.826875 0.819620253164557 0.03625 0.0379746835443038
0 0.5525 0.5680379746835443 0.03 0.03164556962025317
0 0.109375 0.43433544303797467 0.03375 0.03322784810126582
0 0.330625 0.5300632911392406 0.03125 0.03481012658227848
0 0.64625 0.8852848101265823 0.0225 0.02689873417721519
0 0.11 0.5617088607594937 0.0325 0.028481012658227847
0 0.10875 0.6566455696202531 0.035 0.03164556962025317
0 0.165625 0.7856012658227848 0.03625 0.03322784810126582
0 0.773125 0.47389240506329117 0.03125 0.03322784810126582
0 0.771875 0.6313291139240507 0.03625 0.03164556962025317
0 0.675 0.6598101265822784 0.0225 0.028481012658227847
0 0.16625 0.49920886075949367 0.0325 0.03322784810126582
0 0.6475 0.7539556962025317 0.0225 0.023734177215189875
0 0.4425 0.46914556962025317 0.0325 0.030063291139240507
0 0.828125 0.6938291139240507 0.03625 0.03322784810126582
0 0.675625 0.5664556962025317 0.02125 0.02531645569620253
0 0.165625 0.37420886075949367 0.03125 0.03322784810126582
0 0.275625 0.8512658227848101 0.03125 0.028481012658227847
0 0.646875 0.8496835443037974 0.02125 0.02531645569620253
0 0.164375 0.6582278481012658 0.03375 0.03164556962025317
0 0.5525 0.439873417721519 0.0325 0.03164556962025317
0 0.675625 0.6289556962025317 0.02125 0.030063291139240507
0 0.275625 0.6906645569620253 0.03125 0.030063291139240507
0 0.663125 0.37895569620253167 0.03375 0.03322784810126582
0 0.8275 0.504746835443038 0.0325 0.03481012658227848
0 0.883125 0.4438291139240506 0.03625 0.03322784810126582
0 0.67625 0.5957278481012658 0.02 0.02689873417721519
0 0.109375 0.8164556962025317 0.03375 0.03164556962025317
0 0.109375 0.7539556962025317 0.03375 0.03322784810126582
0 0.771875 0.8212025316455697 0.03375 0.03481012658227848
0 0.674375 0.5340189873417721 0.02125 0.02689873417721519
0 0.718125 0.754746835443038 0.03375 0.028481012658227847
0 0.44125 0.629746835443038 0.0325 0.0379746835443038
0 0.7175 0.5664556962025317 0.0325 0.03164556962025317
0 0.27625 0.4050632911392405 0.0325 0.03164556962025317
0 0.646875 0.6938291139240507 0.02375 0.02689873417721519
0 0.165625 0.8180379746835443 0.03625 0.03164556962025317
0 0.7725 0.44145569620253167 0.0325 0.03164556962025317
0 0.10875 0.4675632911392405 0.0325 0.030063291139240507
0 0.330625 0.8512658227848101 0.03375 0.03481012658227848
0 0.386875 0.627373417721519 0.03375 0.03322784810126582
0 0.108125 0.49841772151898733 0.03125 0.03164556962025317
0 0.718125 0.442246835443038 0.03125 0.03322784810126582
0 0.27625 0.43829113924050633 0.0325 0.03481012658227848
0 0.22 0.8837025316455697 0.035 0.030063291139240507
0 0.883125 0.5363924050632911 0.03625 0.03481012658227848
0 0.6625 0.43908227848101267 0.035 0.03639240506329114
0 0.675 0.7238924050632911 0.0225 0.030063291139240507
0 0.385625 0.7563291139240507 0.03125 0.03164556962025317
0 0.385625 0.689873417721519 0.03625 0.03481012658227848
0 0.10875 0.8488924050632911 0.035 0.03322784810126582
0 0.386875 0.40664556962025317 0.03375 0.03164556962025317
0 0.77375 0.5688291139240507 0.0325 0.030063291139240507
0 0.16625 0.5300632911392406 0.035 0.03164556962025317
0 0.440625 0.7879746835443038 0.03125 0.03164556962025317
0 0.718125 0.47310126582278483 0.03125 0.03164556962025317
0 0.443125 0.439873417721519 0.03375 0.03164556962025317
0 0.675 0.8204113924050633 0.0225 0.02689873417721519
0 0.331875 0.37341772151898733 0.03375 0.03164556962025317
0 0.10875 0.6257911392405063 0.0325 0.030063291139240507
0 0.5525 0.4098101265822785 0.0325 0.03164556962025317
0 0.6075 0.43829113924050633 0.03 0.03164556962025317
0 0.385625 0.8837025316455697 0.03375 0.030063291139240507
0 0.22 0.7555379746835443 0.0325 0.030063291139240507
0 0.16375 0.6257911392405063 0.035 0.03322784810126582
0 0.165 0.46835443037974683 0.0325 0.03164556962025317
0 0.11 0.5925632911392406 0.035 0.03639240506329114
0 0.441875 0.5015822784810127 0.02875 0.03481012658227848
0 0.275 0.6606012658227848 0.0325 0.03322784810126582
0 0.884375 0.4098101265822785 0.03375 0.0379746835443038
0 0.22 0.8520569620253164 0.0325 0.03322784810126582
0 0.165625 0.43670886075949367 0.03375 0.03164556962025317
0 0.718125 0.40664556962025317 0.03625 0.03481012658227848
0 0.220625 0.5 0.03375 0.03164556962025317
0 0.109375 0.5300632911392406 0.03125 0.03164556962025317
0 0.275625 0.8813291139240507 0.03375 0.03481012658227848
0 0.606875 0.8852848101265823 0.03625 0.03322784810126582
0 0.606875 0.7238924050632911 0.03625 0.03322784810126582
0 0.33125 0.7238924050632911 0.035 0.03322784810126582
0 0.38625 0.5332278481012658 0.035 0.03164556962025317
0 0.6075 0.5356012658227848 0.035 0.03322784810126582
0 0.220625 0.6257911392405063 0.03125 0.03322784810126582
0 0.275 0.5965189873417721 0.0325 0.03164556962025317
0 0.606875 0.6305379746835443 0.03375 0.03639240506329114
0 0.440625 0.821993670886076 0.03375 0.03639240506329114
0 0.716875 0.8227848101265823 0.03375 0.03481012658227848
0 0.718125 0.5348101265822784 0.03375 0.03481012658227848
0 0.220625 0.5324367088607594 0.03375 0.03322784810126582
0 0.4425 0.5656645569620253 0.0325 0.03322784810126582
0 0.275625 0.754746835443038 0.03375 0.03481012658227848