0 0.509375 0.6075949367088608 0.02125 0.02531645569620253
0 0.388125 0.4074367088607595 0.03125 0.03322784810126582
0 0.38875 0.3916139240506329 0.0375 0.06487341772151899
0 0.50875 0.5791139240506329 0.02 0.0189873417721519
0 0.431875 0.33781645569620256 0.02125 0.02689873417721519
0 0.51125 0.6843354430379747 0.02 0.020569620253164556
0 0.511875 0.7033227848101266 0.01875 0.020569620253164556
0 0.459375 0.33781645569620256 0.02125 0.02689873417721519
0 0.375 0.33939873417721517 0.0225 0.02689873417721519
0 0.899375 0.1574367088607595 0.02125 0.02689873417721519
0 0.223125 0.40664556962025317 0.03375 0.03481012658227848
0 0.11125 0.4311708860759494 0.035 0.03955696202531646
0 0.110625 0.40822784810126583 0.03375 0.03481012658227848
0 0.4975 0.43670886075949367 0.035 0.03481012658227848
0 0.4425 0.6582278481012658 0.0325 0.03164556962025317
0 0.49875 0.37104430379746833 0.035 0.02689873417721519
0 0.44375 0.372626582278481 0.035 0.02689873417721519
0 0.51 0.6313291139240507 0.0225 0.022151898734177215
0 0.4975 0.33939873417721517 0.035 0.03639240506329114
0 0.51 0.8781645569620253 0.0225 0.022151898734177215
0 0.3875 0.7555379746835443 0.035 0.03322784810126582
0 0.386875 0.7856012658227848 0.03625 0.03322784810126582
0 0.3875 0.6582278481012658 0.0325 0.03164556962025317
0 0.510625 0.8568037974683544 0.02125 0.020569620253164556
0 0.871875 0.15822784810126583 0.02625 0.028481012658227847
0 0.166875 0.4375 0.03375 0.020569620253164556
0 0.829375 0.40585443037974683 0.03375 0.02689873417721519
0 0.4025 0.33939873417721517 0.0225 0.030063291139240507
0 0.16625 0.567246835443038 0.035 0.023734177215189875
0 0.4425 0.6289556962025317 0.0325 0.030063291139240507
0 0.60625 0.8496835443037974 0.035 0.03164556962025317
0 0.4975 0.7950949367088608 0.0325 0.02689873417721519
0 0.608125 0.7863924050632911 0.03125 0.03164556962025317
0 0.2225 0.377373417721519 0.035 0.03639240506329114
0 0.883125 0.7539556962025317 0.03375 0.03322784810126582
0 0.898125 0.2286392405063291 0.02625 0.030063291139240507
0 0.606875 0.7563291139240507 0.03125 0.03164556962025317
0 0.166875 0.8496835443037974 0.03125 0.03164556962025317
0 0.898125 0.2958860759493671 0.02375 0.028481012658227847
0 0.386875 0.6281645569620253 0.03625 0.03164556962025317
0 0.3875 0.819620253164557 0.035 0.028481012658227847
0 0.166875 0.6938291139240507 0.03375 0.030063291139240507
0 0.88375 0.7238924050632911 0.035 0.03322784810126582
0 0.663125 0.5656645569620253 0.03375 0.030063291139240507
0 0.60625 0.879746835443038 0.035 0.03164556962025317
0 0.773125 0.5981012658227848 0.03375 0.03164556962025317
0 0.386875 0.7254746835443038 0.03625 0.030063291139240507
0 0.44125 0.7871835443037974 0.035 0.03322784810126582
0 0.88375 0.8164556962025317 0.035 0.03164556962025317
0 0.429375 0.43670886075949367 0.01875 0.022151898734177215
0 0.773125 0.4375 0.03125 0.02689873417721519
0 0.6625 0.7246835443037974 0.035 0.028481012658227847
0 0.166875 0.7231012658227848 0.03375 0.03164556962025317
0 0.6075 0.5965189873417721 0.035 0.03164556962025317
0 0.166875 0.8188291139240507 0.03125 0.030063291139240507
0 0.373125 0.5015822784810127 0.02125 0.028481012658227847
0 0.828125 0.43433544303797467 0.03625 0.03639240506329114
0 0.456875 0.49920886075949367 0.02125 0.030063291139240507
0 0.8825 0.6598101265822784 0.035 0.03164556962025317
0 0.331875 0.7555379746835443 0.03375 0.03322784810126582
0 0.88375 0.8512658227848101 0.0375 0.0379746835443038
0 0.166875 0.6613924050632911 0.03125 0.03164556962025317
0 0.8825 0.7848101265822784 0.035 0.03164556962025317
0 0.884375 0.5965189873417721 0.03875 0.028481012658227847
0 0.4425 0.8204113924050633 0.035 0.03322784810126582
0 0.883125 0.692246835443038 0.03625 0.03322784810126582
0 0.16625 0.8813291139240507 0.0325 0.03481012658227848
0 0.898125 0.2602848101265823 0.02375 0.02689873417721519
0 0.661875 0.882120253164557 0.03375 0.02689873417721519
0 0.6625 0.819620253164557 0.0375 0.03164556962025317
0 0.166875 0.6281645569620253 0.03125 0.03481012658227848
0 0.4975 0.40189873417721517 0.035 0.03481012658227848
0 0.87 0.19145569620253164 0.025 0.03164556962025317
0 0.88375 0.6281645569620253 0.0375 0.03481012658227848
0 0.223125 0.43908227848101267 0.03375 0.030063291139240507
0 0.608125 0.8188291139240507 0.03625 0.03322784810126582
0 0.8975 0.19145569620253164 0.025 0.028481012658227847
0 0.166875 0.5949367088607594 0.03375 0.03164556962025317
0 0.88375 0.5656645569620253 0.0375 0.03322784810126582
0 0.441875 0.7246835443037974 0.03375 0.03164556962025317
0 0.608125 0.6906645569620253 0.03375 0.030063291139240507
0 0.11125 0.372626582278481 0.0325 0.03639240506329114
0 0.4425 0.40427215189873417 0.035 0.03322784810126582
0 0.88375 0.46835443037974683 0.035 0.028481012658227847
0 0.441875 0.7555379746835443 0.03375 0.03322784810126582
0 0.6625 0.7879746835443038 0.035 0.03481012658227848
0 0.87 0.22705696202531644 0.025 0.030063291139240507
0 0.6625 0.754746835443038 0.035 0.03164556962025317
0 0.77375 0.5656645569620253 0.0325 0.03322784810126582
0 0.3725 0.5363924050632911 0.0225 0.03164556962025317
0 0.2775 0.3694620253164557 0.035 0.03322784810126582
0 0.1675 0.7879746835443038 0.0325 0.03164556962025317
0 0.8825 0.43829113924050633 0.0375 0.03164556962025317
0 0.77375 0.37183544303797467 0.035 0.0379746835443038
0 0.331875 0.7871835443037974 0.03375 0.03322784810126582
0 0.6625 0.6590189873417721 0.035 0.030063291139240507
0 0.40125 0.5640822784810127 0.0225 0.03322784810126582
0 0.606875 0.6281645569620253 0.03625 0.03164556962025317
0 0.6075 0.7238924050632911 0.0325 0.03639240506329114
0 0.609375 0.46835443037974683 0.03125 0.028481012658227847
0 0.71875 0.37579113924050633 0.035 0.03322784810126582
0 0.661875 0.8512658227848101 0.03625 0.03481012658227848
0 0.773125 0.46677215189873417 0.03375 0.03164556962025317
0 0.608125 0.6598101265822784 0.03625 0.03164556962025317
0 0.60875 0.40348101265822783 0.0325 0.028481012658227847
0 0.7175 0.567246835443038 0.0325 0.03322784810126582
0 0.88375 0.5332278481012658 0.035 0.03481012658227848
0 0.4425 0.5973101265822784 0.03 0.03322784810126582
0 0.609375 0.5656645569620253 0.03375 0.03322784810126582
0 0.6625 0.5949367088607594 0.0325 0.03164556962025317
0 0.165625 0.37104430379746833 0.03625 0.03639240506329114
0 0.883125 0.49841772151898733 0.03625 0.03164556962025317
0 0.718125 0.46914556962025317 0.03375 0.030063291139240507
0 0.718125 0.43908227848101267 0.03375 0.030063291139240507
0 0.8275 0.47151898734177217 0.035 0.03481012658227848
0 0.22125 0.3425632911392405 0.0375 0.03322784810126582
0 0.3875 0.8512658227848101 0.035 0.03481012658227848
0 0.3325 0.6598101265822784 0.035 0.028481012658227847
0 0.773125 0.5332278481012658 0.03125 0.03164556962025317
0 0.331875 0.819620253164557 0.03375 0.028481012658227847
0 0.661875 0.4050632911392405 0.03375 0.03164556962025317
0 0.77375 0.49920886075949367 0.035 0.03322784810126582
0 0.6075 0.5332278481012658 0.035 0.03164556962025317
0 0.6075 0.49920886075949367 0.035 0.03322784810126582
0 0.276875 0.5324367088607594 0.03375 0.030063291139240507
0 0.2775 0.46914556962025317 0.035 0.03322784810126582
0 0.6625 0.46835443037974683 0.035 0.03164556962025317
0 0.331875 0.5 0.03625 0.03481012658227848
0 0.275625 0.5981012658227848 0.03625 0.03481012658227848
0 0.278125 0.40348101265822783 0.03625 0.03481012658227848
0 0.7175 0.5348101265822784 0.035 0.03481012658227848
0 0.6625 0.5 0.035 0.03164556962025317
0 0.510625 0.6677215189873418 0.02125 0.011075949367088608
0 0.51 0.5640822784810127 0.01875 0.014240506329113924
0 0.5 0.5490506329113924 0.0275 0.007911392405063292
0 0.829375 0.37579113924050633 0.03375 0.03322784810126582
0 0.4425 0.6914556962025317 0.035 0.03481012658227848
0 0.881875 0.4074367088607595 0.03625 0.03322784810126582
0 0.458125 0.4375 0.02375 0.03322784810126582
0 0.60875 0.37183544303797467 0.035 0.03481012658227848
0 0.498125 0.4612341772151899 0.03125 0.015822784810126583
0 0.499375 0.5332278481012658 0.03625 0.022151898734177215
0 0.51 0.6518987341772152 0.0225 0.0189873417721519
0 0.16625 0.5363924050632911 0.035 0.0379746835443038
0 0.2775 0.43670886075949367 0.035 0.03164556962025317
0 0.331875 0.692246835443038 0.03625 0.03322784810126582
0 0.276875 0.5015822784810127 0.03375 0.03164556962025317
0 0.6625 0.5340189873417721 0.035 0.03322784810126582
0 0.498125 0.5079113924050633 0.03375 0.028481012658227847
0 0.11 0.5031645569620253 0.035 0.03481012658227848
0 0.3325 0.5332278481012658 0.035 0.03164556962025317
0 0.276875 0.5640822784810127 0.03375 0.03322784810126582
0 0.3325 0.5957278481012658 0.035 0.03322784810126582
0 0.773125 0.40664556962025317 0.03375 0.03481012658227848
0 0.3325 0.43829113924050633 0.035 0.03481012658227848
0 0.110625 0.46914556962025317 0.03625 0.03322784810126582
0 0.333125 0.40348101265822783 0.03125 0.03164556962025317
0 0.456875 0.46835443037974683 0.02125 0.02531645569620253
0 0.401875 0.5007911392405063 0.02375 0.03322784810126582
0 0.388125 0.4675632911392405 0.03375 0.03322784810126582
0 0.553125 0.37104430379746833 0.03375 0.03955696202531646
0 0.443125 0.5656645569620253 0.03375 0.030063291139240507
0 0.331875 0.6289556962025317 0.03375 0.03322784810126582
0 0.388125 0.5941455696202531 0.03875 0.03639240506329114
0 0.6625 0.37104430379746833 0.0325 0.03639240506329114
0 0.883125 0.372626582278481 0.03625 0.03639240506329114
0 0.42875 0.46598101265822783 0.0225 0.030063291139240507
0 0.16625 0.5007911392405063 0.035 0.03322784810126582
0 0.663125 0.627373417721519 0.03375 0.03322784810126582
0 0.331875 0.8496835443037974 0.03375 0.03164556962025317
0 0.3325 0.5640822784810127 0.035 0.030063291139240507
0 0.718125 0.5007911392405063 0.03375 0.03322784810126582
0 0.441875 0.5324367088607594 0.03125 0.03639240506329114
0 0.401875 0.5324367088607594 0.02125 0.02689873417721519
0 0.829375 0.34098101265822783 0.03625 0.03639240506329114
0 0.718125 0.3401898734177215 0.03625 0.03481012658227848
0 0.3325 0.4699367088607595 0.035 0.028481012658227847
0 0.33375 0.370253164556962 0.035 0.03481012658227848
0 0.2225 0.4699367088607595 0.035 0.03164556962025317
0 0.609375 0.435126582278481 0.03375 0.03481012658227848
0 0.386875 0.6930379746835443 0.03625 0.03481012658227848
0 0.1675 0.4074367088607595 0.035 0.03639240506329114
0 0.6625 0.43670886075949367 0.0325 0.03164556962025317
0 0.33125 0.882120253164557 0.0325 0.03322784810126582
0 0.166875 0.46835443037974683 0.03125 0.03164556962025317
0 0.3325 0.7254746835443038 0.035 0.03322784810126582
0 0.71875 0.40901898734177217 0.035 0.03322784810126582
0 0.388125 0.43829113924050633 0.03375 0.028481012658227847
0 0.663125 0.692246835443038 0.03625 0.03639240506329114
0 0.166875 0.7563291139240507 0.03625 0.03481012658227848