0 0.5988888888888889 0.8663934426229508 0.042222222222222223 0.05901639344262295
0 0.5055555555555555 0.42295081967213116 0.04555555555555556 0.05737704918032787
0 0.9516666666666667 0.7434426229508196 0.04 0.047540983606557376
0 0.9027777777777778 0.8 0.03777777777777778 0.04918032786885246
0 0.955 0.7860655737704918 0.043333333333333335 0.05573770491803279
0 0.4816666666666667 0.15737704918032788 0.04555555555555556 0.04426229508196721
0 0.4938888888888889 0.28852459016393445 0.044444444444444446 0.047540983606557376
0 0.6444444444444445 0.8155737704918032 0.03888888888888889 0.047540983606557376
0 0.9494444444444444 0.7016393442622951 0.04 0.04918032786885246
0 0.7 0.8442622950819673 0.042222222222222223 0.05737704918032787
0 0.6477777777777778 0.8549180327868853 0.04 0.04918032786885246
0 0.8527777777777777 0.8106557377049181 0.04 0.05081967213114754
0 0.59 0.7819672131147541 0.042222222222222223 0.05737704918032787
0 0.6411111111111111 0.771311475409836 0.042222222222222223 0.05573770491803279
0 0.7461111111111111 0.7901639344262295 0.04 0.04918032786885246
0 0.8494444444444444 0.7688524590163934 0.04 0.04918032786885246
0 0.8033333333333333 0.8229508196721311 0.04111111111111111 0.05245901639344262
0 0.8966666666666666 0.7131147540983607 0.04 0.05245901639344262
0 0.7966666666666666 0.7344262295081967 0.03888888888888889 0.05245901639344262
0 0.8461111111111111 0.7245901639344262 0.04111111111111111 0.05245901639344262
0 0.6927777777777778 0.7581967213114754 0.04 0.054098360655737705
0 0.7511111111111111 0.8352459016393443 0.042222222222222223 0.05245901639344262
0 0.7433333333333333 0.7483606557377049 0.03888888888888889 0.05573770491803279
0 0.6955555555555556 0.8008196721311476 0.03777777777777778 0.04426229508196721
0 0.7505555555555555 0.7049180327868853 0.025555555555555557 0.03934426229508197
0 0.6994444444444444 0.7147540983606557 0.024444444444444446 0.03770491803278689
0 0.4861111111111111 0.22295081967213115 0.04777777777777778 0.047540983606557376
0 0.5005555555555555 0.3516393442622951 0.044444444444444446 0.040983606557377046
0 0.8544444444444445 0.6811475409836065 0.023333333333333334 0.03770491803278689
0 0.4911111111111111 0.2565573770491803 0.044444444444444446 0.04262295081967213
0 0.9566666666666667 0.659016393442623 0.025555555555555557 0.03934426229508197
0 0.47888888888888886 0.12377049180327869 0.04666666666666667 0.04262295081967213
0 0.9055555555555556 0.6688524590163935 0.024444444444444446 0.03934426229508197
0 0.6488888888888888 0.7262295081967213 0.02666666666666667 0.03934426229508197
0 0.49777777777777776 0.3237704918032787 0.044444444444444446 0.040983606557377046
0 0.5427777777777778 0.7057377049180328 0.024444444444444446 0.03770491803278689
0 0.9 0.7581967213114754 0.03888888888888889 0.05081967213114754
0 0.5972222222222222 0.7368852459016394 0.02666666666666667 0.03770491803278689
0 0.48444444444444446 0.18934426229508197 0.04555555555555556 0.03934426229508197
0 0.8 0.7795081967213114 0.04 0.05081967213114754
0 0.8016666666666666 0.6926229508196722 0.02666666666666667 0.03770491803278689