0 0.7775 0.571993670886076 0.03375 0.03322784810126582
0 0.381875 0.8987341772151899 0.04 0.03639240506329114
0 0.505 0.4865506329113924 0.035 0.03639240506329114
0 0.386875 0.7096518987341772 0.03625 0.0379746835443038
0 0.3825 0.8670886075949367 0.03625 0.0379746835443038
0 0.5125 0.6574367088607594 0.02875 0.022151898734177215
0 0.50375 0.8892405063291139 0.0225 0.02531645569620253
0 0.501875 0.5411392405063291 0.035 0.02689873417721519
0 0.835 0.5150316455696202 0.035 0.03322784810126582
0 0.886875 0.6495253164556962 0.035 0.03639240506329114
0 0.72 0.6281645569620253 0.03625 0.03322784810126582
0 0.7175 0.7215189873417721 0.03375 0.03322784810126582
0 0.778125 0.5403481012658228 0.035 0.03322784810126582
0 0.6025 0.8639240506329114 0.035 0.03164556962025317
0 0.33625 0.5419303797468354 0.0375 0.0379746835443038
0 0.3925 0.5482594936708861 0.03375 0.03639240506329114
0 0.224375 0.6218354430379747 0.03375 0.03164556962025317
0 0.2225 0.6526898734177216 0.03625 0.0379746835443038
0 0.659375 0.8093354430379747 0.035 0.03481012658227848
0 0.615 0.45332278481012656 0.035 0.03322784810126582
0 0.329375 0.7950949367088608 0.035 0.03322784810126582
0 0.33 0.8267405063291139 0.035 0.03639240506329114
0 0.8325 0.5783227848101266 0.0325 0.03322784810126582
0 0.7275 0.43670886075949367 0.035 0.03639240506329114
0 0.7175 0.6906645569620253 0.0375 0.03955696202531646
0 0.879375 0.8393987341772152 0.03625 0.0379746835443038
0 0.830625 0.6439873417721519 0.035 0.03164556962025317
0 0.1625 0.8362341772151899 0.03625 0.0379746835443038
0 0.65875 0.8401898734177216 0.035 0.03639240506329114
0 0.83 0.6716772151898734 0.035 0.03639240506329114
0 0.8775 0.9042721518987342 0.035 0.03639240506329114
0 0.728125 0.40427215189873417 0.0375 0.03639240506329114
0 0.284375 0.46835443037974683 0.03625 0.03639240506329114
0 0.23 0.43037974683544306 0.03625 0.03639240506329114
0 0.78125 0.4430379746835443 0.035 0.0379746835443038
0 0.87875 0.8710443037974683 0.03625 0.0379746835443038
0 0.72375 0.5292721518987342 0.0375 0.04113924050632911
0 0.21875 0.7800632911392406 0.035 0.03639240506329114
0 0.656875 0.872626582278481 0.03375 0.03164556962025317
0 0.3275 0.8924050632911392 0.03375 0.030063291139240507
0 0.780625 0.47705696202531644 0.03125 0.03639240506329114
0 0.21875 0.8117088607594937 0.03875 0.03955696202531646
0 0.663125 0.7143987341772152 0.0325 0.030063291139240507
0 0.1625 0.867879746835443 0.035 0.03322784810126582
0 0.164375 0.7737341772151899 0.03625 0.03639240506329114
0 0.11875 0.38212025316455694 0.0325 0.0379746835443038
0 0.88875 0.5537974683544303 0.03625 0.03322784810126582
0 0.89125 0.49287974683544306 0.035 0.03955696202531646
0 0.508125 0.37341772151898733 0.03875 0.04430379746835443
0 0.333125 0.7025316455696202 0.03375 0.03639240506329114
0 0.174375 0.42325949367088606 0.035 0.03639240506329114
0 0.725625 0.4802215189873418 0.03875 0.056962025316455694
0 0.3925 0.5166139240506329 0.0325 0.03322784810126582
0 0.389375 0.6455696202531646 0.035 0.03164556962025317
0 0.88125 0.807753164556962 0.035 0.03639240506329114
0 0.398125 0.3884493670886076 0.03375 0.03955696202531646
0 0.835625 0.4849683544303797 0.035 0.03639240506329114
0 0.768125 0.8568037974683544 0.0375 0.03639240506329114
0 0.335 0.6352848101265823 0.03375 0.03164556962025317
0 0.164375 0.7420886075949367 0.0375 0.03639240506329114
0 0.60875 0.6439873417721519 0.03375 0.03322784810126582
0 0.221875 0.7183544303797469 0.035 0.03481012658227848
0 0.220625 0.7492088607594937 0.035 0.03322784810126582
0 0.61 0.6115506329113924 0.03375 0.03639240506329114
0 0.165 0.7112341772151899 0.0375 0.03639240506329114
0 0.669375 0.4936708860759494 0.035 0.03481012658227848
0 0.888125 0.5846518987341772 0.03625 0.03481012658227848
0 0.216875 0.875 0.035 0.03639240506329114
0 0.216875 0.8441455696202531 0.03625 0.03639240506329114
0 0.510625 0.7128164556962026 0.02375 0.020569620253164556
0 0.5125 0.6756329113924051 0.0225 0.020569620253164556
0 0.5125 0.6352848101265823 0.02125 0.02531645569620253
0 0.5075 0.44066455696202533 0.035 0.020569620253164556
0 0.508125 0.4224683544303797 0.03625 0.02531645569620253
0 0.38625 0.740506329113924 0.035 0.03322784810126582
0 0.50875 0.40189873417721517 0.04 0.028481012658227847
0 0.504375 0.9145569620253164 0.025 0.02689873417721519
0 0.513125 0.6139240506329114 0.025 0.023734177215189875
0 0.511875 0.6938291139240507 0.025 0.022151898734177215
0 0.889375 0.5253164556962026 0.03625 0.03322784810126582
0 0.506875 0.4596518987341772 0.0375 0.028481012658227847
0 0.5025 0.5632911392405063 0.03625 0.02689873417721519
0 0.5025 0.5838607594936709 0.035 0.022151898734177215
0 0.335 0.6060126582278481 0.035 0.03639240506329114
0 0.604375 0.8346518987341772 0.03625 0.03481012658227848
0 0.50875 0.7349683544303798 0.02625 0.03322784810126582
0 0.548125 0.8575949367088608 0.03375 0.03639240506329114
0 0.495 0.8267405063291139 0.03375 0.03322784810126582
0 0.449375 0.5292721518987342 0.03375 0.03322784810126582
0 0.118125 0.4153481012658228 0.035 0.03639240506329114
0 0.448125 0.5561708860759493 0.03 0.03322784810126582
0 0.655 0.9335443037974683 0.03125 0.03639240506329114
0 0.175 0.3939873417721519 0.035 0.0379746835443038
0 0.87625 0.9675632911392406 0.03625 0.03639240506329114
0 0.781875 0.41139240506329117 0.0375 0.03639240506329114
0 0.8825 0.7792721518987342 0.03625 0.03639240506329114
0 0.331875 0.7310126582278481 0.035 0.03164556962025317
0 0.655625 0.9050632911392406 0.03125 0.030063291139240507
0 0.395625 0.42325949367088606 0.0325 0.030063291139240507
0 0.284375 0.439873417721519 0.0375 0.03322784810126582
0 0.87625 0.9367088607594937 0.0375 0.0379746835443038
0 0.388125 0.6756329113924051 0.035 0.0379746835443038
0 0.548125 0.8275316455696202 0.035 0.03639240506329114
0 0.163125 0.803006329113924 0.03375 0.03639240506329114
0 0.39375 0.48575949367088606 0.03125 0.03639240506329114
0 0.1175 0.44699367088607594 0.035 0.03322784810126582
0 0.171875 0.5205696202531646 0.035 0.03164556962025317
0 0.884375 0.7128164556962026 0.03625 0.03639240506329114
0 0.77875 0.5102848101265823 0.035 0.03322784810126582
0 0.714375 0.817246835443038 0.035 0.03481012658227848
0 0.765 0.9525316455696202 0.03375 0.03322784810126582
0 0.615625 0.41930379746835444 0.035 0.04430379746835443
0 0.450625 0.46281645569620256 0.035 0.03639240506329114
0 0.604375 0.803006329113924 0.035 0.03639240506329114
0 0.338125 0.509493670886076 0.03625 0.03639240506329114
0 0.88625 0.6811708860759493 0.0375 0.0379746835443038
0 0.55875 0.5079113924050633 0.03375 0.03164556962025317
0 0.33375 0.6685126582278481 0.03375 0.0379746835443038
0 0.449375 0.49683544303797467 0.035 0.03481012658227848
0 0.223125 0.6859177215189873 0.03625 0.0379746835443038
0 0.891875 0.4588607594936709 0.035 0.0379746835443038
0 0.440625 0.7143987341772152 0.03125 0.03481012658227848
0 0.83375 0.5466772151898734 0.03375 0.03639240506329114
0 0.67125 0.4272151898734177 0.03625 0.03955696202531646
0 0.114375 0.5783227848101266 0.03375 0.03639240506329114
0 0.546875 0.8892405063291139 0.0375 0.0379746835443038
0 0.166875 0.6455696202531646 0.0375 0.0379746835443038
0 0.1675 0.6787974683544303 0.0375 0.0379746835443038
0 0.76625 0.8876582278481012 0.03875 0.03955696202531646
0 0.765625 0.9208860759493671 0.03625 0.0379746835443038
0 0.3825 0.8338607594936709 0.0375 0.0379746835443038
0 0.66375 0.682753164556962 0.0375 0.04113924050632911
0 0.17375 0.4541139240506329 0.035 0.03481012658227848
0 0.824375 0.8330696202531646 0.03625 0.03955696202531646
0 0.330625 0.7642405063291139 0.035 0.0379746835443038
0 0.32875 0.8607594936708861 0.03375 0.0379746835443038
0 0.444375 0.6526898734177216 0.035 0.03639240506329114
0 0.16875 0.6139240506329114 0.035 0.03639240506329114
0 0.883125 0.7460443037974683 0.03625 0.03955696202531646
0 0.385625 0.7689873417721519 0.035 0.03639240506329114
0 0.4425 0.6835443037974683 0.03375 0.03639240506329114
0 0.836875 0.4509493670886076 0.03625 0.04272151898734177
0 0.395 0.45332278481012656 0.03375 0.03639240506329114
0 0.719375 0.6574367088607594 0.0375 0.0379746835443038
0 0.336875 0.5751582278481012 0.035 0.03639240506329114
0 0.283125 0.5007911392405063 0.0375 0.0379746835443038
0 0.721875 0.5640822784810127 0.0375 0.0379746835443038
0 0.828125 0.7357594936708861 0.035 0.03481012658227848
0 0.660625 0.7784810126582279 0.03375 0.0379746835443038
0 0.715 0.7863924050632911 0.035 0.03639240506329114
0 0.11625 0.4778481012658228 0.035 0.03481012658227848
0 0.60875 0.6756329113924051 0.0375 0.04113924050632911
0 0.665 0.6186708860759493 0.03375 0.03481012658227848
0 0.445625 0.6218354430379747 0.03375 0.03481012658227848
0 0.17 0.5830696202531646 0.03625 0.03481012658227848
0 0.285625 0.37341772151898733 0.03625 0.04113924050632911
0 0.66125 0.7444620253164557 0.03375 0.03955696202531646
0 0.88625 0.6170886075949367 0.0375 0.03639240506329114
0 0.5525 0.6677215189873418 0.035 0.03481012658227848
0 0.664375 0.6495253164556962 0.035 0.03322784810126582
0 0.341875 0.41455696202531644 0.035 0.03164556962025317
0 0.451875 0.4295886075949367 0.03375 0.03639240506329114
0 0.43625 0.9058544303797469 0.03375 0.03322784810126582
0 0.669375 0.5237341772151899 0.03625 0.03639240506329114
0 0.83125 0.6115506329113924 0.035 0.03955696202531646
0 0.285625 0.40901898734177217 0.0375 0.04113924050632911
0 0.614375 0.5174050632911392 0.03375 0.03481012658227848
0 0.38375 0.8022151898734177 0.03625 0.0379746835443038
0 0.55625 0.6044303797468354 0.035 0.03481012658227848
0 0.561875 0.4098101265822785 0.03375 0.0379746835443038
0 0.600625 0.9295886075949367 0.035 0.03481012658227848
0 0.614375 0.4865506329113924 0.035 0.03639240506329114
0 0.339375 0.4778481012658228 0.03625 0.03639240506329114
0 0.773125 0.696993670886076 0.03625 0.0379746835443038
0 0.545625 0.9200949367088608 0.03625 0.0379746835443038
0 0.551875 0.7302215189873418 0.0375 0.03639240506329114
0 0.231875 0.39556962025316456 0.03875 0.04746835443037975
0 0.440625 0.7776898734177216 0.035 0.03481012658227848
0 0.8275 0.7681962025316456 0.035 0.03639240506329114
0 0.77 0.7935126582278481 0.03375 0.03639240506329114
0 0.22625 0.5261075949367089 0.03625 0.03639240506329114
0 0.776875 0.6028481012658228 0.03375 0.03481012658227848
0 0.4525 0.3947784810126582 0.0375 0.04272151898734177
0 0.828125 0.7041139240506329 0.03625 0.03955696202531646
0 0.11625 0.5102848101265823 0.03625 0.03481012658227848
0 0.608125 0.7080696202531646 0.035 0.03164556962025317
0 0.228125 0.49604430379746833 0.0375 0.0379746835443038
0 0.824375 0.8006329113924051 0.0375 0.0379746835443038
0 0.173125 0.4889240506329114 0.0375 0.04272151898734177
0 0.605 0.7705696202531646 0.035 0.03481012658227848
0 0.601875 0.8963607594936709 0.035 0.0379746835443038
0 0.44125 0.7468354430379747 0.0325 0.03639240506329114
0 0.60625 0.7381329113924051 0.03375 0.03639240506329114
0 0.76875 0.8259493670886076 0.035 0.0379746835443038
0 0.5525 0.6985759493670886 0.03625 0.0379746835443038
0 0.439375 0.8093354430379747 0.035 0.03481012658227848
0 0.771875 0.7618670886075949 0.03375 0.03639240506329114
0 0.225625 0.557753164556962 0.035 0.03639240506329114
0 0.613125 0.5474683544303798 0.03375 0.03481012658227848
0 0.115625 0.5443037974683544 0.03375 0.0379746835443038
0 0.3425 0.379746835443038 0.035 0.04113924050632911
0 0.340625 0.4454113924050633 0.0375 0.0379746835443038
0 0.22875 0.46360759493670883 0.0375 0.03955696202531646
0 0.7725 0.7294303797468354 0.03375 0.03481012658227848
0 0.670625 0.46281645569620256 0.03625 0.04113924050632911
0 0.390625 0.5806962025316456 0.035 0.03481012658227848
0 0.55 0.7943037974683544 0.03625 0.0379746835443038
0 0.668125 0.555379746835443 0.03375 0.03639240506329114
0 0.666875 0.5878164556962026 0.03375 0.03639240506329114
0 0.224375 0.5893987341772152 0.03625 0.0379746835443038
0 0.55 0.7618670886075949 0.0375 0.03639240506329114
0 0.5575 0.5387658227848101 0.035 0.03639240506329114
0 0.438125 0.8742088607594937 0.0325 0.03639240506329114
0 0.56 0.4778481012658228 0.03625 0.03639240506329114
0 0.438125 0.8409810126582279 0.03375 0.03639240506329114
0 0.775625 0.6661392405063291 0.03625 0.0379746835443038
0 0.775625 0.634493670886076 0.035 0.03639240506329114
0 0.170625 0.5506329113924051 0.03625 0.03955696202531646
0 0.556875 0.5735759493670886 0.035 0.03639240506329114
0 0.716875 0.7539556962025317 0.03625 0.03955696202531646
0 0.72125 0.5973101265822784 0.0375 0.0379746835443038
0 0.389375 0.6139240506329114 0.03625 0.03955696202531646
0 0.611875 0.5814873417721519 0.035 0.03639240506329114
0 0.446875 0.5893987341772152 0.035 0.03639240506329114
0 0.560625 0.4454113924050633 0.03625 0.03955696202531646
0 0.554375 0.6352848101265823 0.03625 0.0379746835443038