0 0.8622222222222222 0.9067103109656302 0.03111111111111111 0.04582651391162029
0 0.4 0.8682487725040916 0.03333333333333333 0.044189852700491
0 0.45111111111111113 0.7847790507364976 0.03333333333333333 0.04091653027823241
0 0.6555555555555556 0.6620294599018003 0.035555555555555556 0.044189852700491
0 0.6055555555555555 0.3780687397708674 0.035555555555555556 0.0425531914893617
0 0.5538888888888889 0.33878887070376434 0.034444444444444444 0.0425531914893617
0 0.39944444444444444 0.4214402618657938 0.034444444444444444 0.04091653027823241
0 0.6044444444444445 0.544189852700491 0.03333333333333333 0.04091653027823241
0 0.5538888888888889 0.4198036006546645 0.03222222222222222 0.044189852700491
0 0.7583333333333333 0.4206219312602291 0.034444444444444444 0.04582651391162029
0 0.4 0.33797054009819966 0.03333333333333333 0.04091653027823241
0 0.655 0.5793780687397708 0.03666666666666667 0.04582651391162029
0 0.6055555555555555 0.6202945990180033 0.03111111111111111 0.0425531914893617
0 0.3472222222222222 0.4623567921440262 0.03222222222222222 0.044189852700491
0 0.34833333333333333 0.5425531914893617 0.03222222222222222 0.04091653027823241
0 0.39944444444444444 0.38052373158756136 0.03222222222222222 0.04091653027823241
0 0.6561111111111111 0.37970540098199673 0.034444444444444444 0.0425531914893617
0 0.3988888888888889 0.46317512274959083 0.03333333333333333 0.0425531914893617
0 0.7066666666666667 0.5417348608837971 0.03333333333333333 0.0425531914893617
0 0.2966666666666667 0.5433715220949263 0.03333333333333333 0.03927986906710311
0 0.45 0.381342062193126 0.03333333333333333 0.03927986906710311
0 0.3488888888888889 0.6252045826513911 0.03111111111111111 0.03927986906710311
0 0.605 0.5016366612111293 0.03222222222222222 0.044189852700491
0 0.5533333333333333 0.46153846153846156 0.03111111111111111 0.0425531914893617
0 0.3472222222222222 0.33797054009819966 0.03222222222222222 0.04091653027823241
0 0.45055555555555554 0.4607201309328969 0.03222222222222222 0.04091653027823241
0 0.6555555555555556 0.7430441898527005 0.03111111111111111 0.0425531914893617
0 0.40055555555555555 0.2945990180032733 0.034444444444444444 0.04582651391162029
0 0.5527777777777778 0.25450081833060556 0.034444444444444444 0.044189852700491
0 0.5538888888888889 0.5417348608837971 0.034444444444444444 0.0425531914893617
0 0.24555555555555555 0.6268412438625205 0.03333333333333333 0.04582651391162029
0 0.45055555555555554 0.4198036006546645 0.03222222222222222 0.04091653027823241
0 0.34833333333333333 0.6653027823240589 0.03222222222222222 0.04091653027823241
0 0.2966666666666667 0.6235679214402619 0.03333333333333333 0.0425531914893617
0 0.8105555555555556 0.6219312602291326 0.034444444444444444 0.0425531914893617
0 0.6044444444444445 0.33878887070376434 0.03333333333333333 0.03927986906710311
0 0.81 0.4590834697217676 0.03333333333333333 0.04091653027823241
0 0.7061111111111111 0.4206219312602291 0.03666666666666667 0.0425531914893617
0 0.8605555555555555 0.6636661211129297 0.03222222222222222 0.04091653027823241
0 0.7072222222222222 0.7454991816693944 0.034444444444444444 0.044189852700491
0 0.6555555555555556 0.2978723404255319 0.035555555555555556 0.0425531914893617
0 0.6561111111111111 0.8248772504091653 0.03222222222222222 0.0425531914893617
0 0.1922222222222222 0.42225859247135844 0.03333333333333333 0.03927986906710311
0 0.45111111111111113 0.6644844517184942 0.035555555555555556 0.0425531914893617
0 0.3988888888888889 0.5417348608837971 0.028888888888888888 0.03927986906710311
0 0.6561111111111111 0.5 0.03222222222222222 0.044189852700491
0 0.7072222222222222 0.3788870703764321 0.034444444444444444 0.044189852700491
0 0.2461111111111111 0.7062193126022913 0.03222222222222222 0.044189852700491
0 0.7577777777777778 0.29705400981996727 0.03333333333333333 0.04746317512274959
0 0.6055555555555555 0.7037643207855974 0.03333333333333333 0.0425531914893617
0 0.24388888888888888 0.4214402618657938 0.03222222222222222 0.044189852700491
0 0.2966666666666667 0.46317512274959083 0.03333333333333333 0.0425531914893617
0 0.14055555555555554 0.6284779050736498 0.03666666666666667 0.0425531914893617
0 0.34833333333333333 0.7054009819967266 0.03 0.03927986906710311
0 0.45166666666666666 0.3404255319148936 0.03222222222222222 0.0425531914893617
0 0.3477777777777778 0.29541734860883795 0.03333333333333333 0.044189852700491
0 0.34833333333333333 0.5851063829787234 0.03222222222222222 0.03764320785597381
0 0.6055555555555555 0.8265139116202946 0.035555555555555556 0.04582651391162029
0 0.2961111111111111 0.339607201309329 0.03222222222222222 0.04091653027823241
0 0.45166666666666666 0.29623567921440264 0.03222222222222222 0.04582651391162029
0 0.6561111111111111 0.6211129296235679 0.034444444444444444 0.03764320785597381
0 0.7066666666666667 0.2553191489361702 0.03333333333333333 0.04582651391162029
0 0.24555555555555555 0.7504091653027823 0.03333333333333333 0.04091653027823241
0 0.245 0.2978723404255319 0.034444444444444444 0.04582651391162029
0 0.2461111111111111 0.8715220949263502 0.034444444444444444 0.044189852700491
0 0.6561111111111111 0.2569558101472995 0.034444444444444444 0.0425531914893617
0 0.19333333333333333 0.7921440261865794 0.03333333333333333 0.0425531914893617
0 0.5522222222222222 0.3788870703764321 0.03111111111111111 0.03764320785597381
0 0.8605555555555555 0.5810147299509002 0.034444444444444444 0.03927986906710311
0 0.7066666666666667 0.6235679214402619 0.03111111111111111 0.03927986906710311
0 0.3488888888888889 0.7872340425531915 0.035555555555555556 0.0425531914893617
0 0.605 0.662847790507365 0.03222222222222222 0.0425531914893617
0 0.7066666666666667 0.7029459901800328 0.03333333333333333 0.04091653027823241
0 0.34833333333333333 0.7454991816693944 0.03222222222222222 0.04091653027823241
0 0.2972222222222222 0.7913256955810147 0.034444444444444444 0.04091653027823241
0 0.605 0.4590834697217676 0.03222222222222222 0.04091653027823241
0 0.8605555555555555 0.41898527004909986 0.03222222222222222 0.0425531914893617
0 0.24444444444444444 0.5458265139116203 0.035555555555555556 0.04091653027823241
0 0.8611111111111112 0.7438625204582652 0.035555555555555556 0.04091653027823241
0 0.2961111111111111 0.38052373158756136 0.034444444444444444 0.04091653027823241
0 0.7066666666666667 0.33797054009819966 0.03333333333333333 0.04091653027823241
0 0.8616666666666667 0.6227495908346972 0.03222222222222222 0.04091653027823241
0 0.14055555555555554 0.4247135842880524 0.034444444444444444 0.04091653027823241
0 0.7583333333333333 0.3404255319148936 0.034444444444444444 0.03927986906710311
0 0.2461111111111111 0.79050736497545 0.03 0.03927986906710311
0 0.39944444444444444 0.6260229132569558 0.034444444444444444 0.04091653027823241
0 0.7061111111111111 0.4607201309328969 0.034444444444444444 0.04091653027823241
0 0.5544444444444444 0.1685761047463175 0.03333333333333333 0.05237315875613748
0 0.81 0.3821603927986907 0.03333333333333333 0.04091653027823241
0 0.8094444444444444 0.662847790507365 0.03222222222222222 0.03927986906710311
0 0.14055555555555554 0.5474631751227496 0.034444444444444444 0.044189852700491
0 0.2961111111111111 0.4230769230769231 0.03222222222222222 0.04091653027823241
0 0.45111111111111113 0.502454991816694 0.03111111111111111 0.0425531914893617
0 0.7072222222222222 0.5826513911620295 0.03222222222222222 0.03927986906710311
0 0.6044444444444445 0.29623567921440264 0.03333333333333333 0.04582651391162029
0 0.655 0.33878887070376434 0.03222222222222222 0.03927986906710311
0 0.245 0.5851063829787234 0.034444444444444444 0.03764320785597381
0 0.8605555555555555 0.45990180032733224 0.03222222222222222 0.03927986906710311
0 0.6555555555555556 0.16693944353518822 0.03333333333333333 0.04582651391162029
0 0.3477777777777778 0.4198036006546645 0.03333333333333333 0.03764320785597381
0 0.45111111111111113 0.5810147299509002 0.03333333333333333 0.03927986906710311
0 0.45111111111111113 0.6227495908346972 0.03333333333333333 0.04091653027823241
0 0.2966666666666667 0.7479541734860884 0.03333333333333333 0.04582651391162029
0 0.81 0.33878887070376434 0.03333333333333333 0.0425531914893617
0 0.8611111111111112 0.34124386252045824 0.03333333333333333 0.044189852700491
0 0.39944444444444444 0.5040916530278232 0.03222222222222222 0.03600654664484452
0 0.8105555555555556 0.8273322422258592 0.034444444444444444 0.044189852700491
0 0.8111111111111111 0.5777414075286416 0.03111111111111111 0.0425531914893617
0 0.6055555555555555 0.4198036006546645 0.03333333333333333 0.03764320785597381
0 0.8605555555555555 0.29705400981996727 0.034444444444444444 0.044189852700491
0 0.14055555555555554 0.5057283142389526 0.034444444444444444 0.0425531914893617
0 0.34833333333333333 0.8289689034369886 0.03222222222222222 0.04091653027823241
0 0.5033333333333333 0.4574468085106383 0.03777777777777778 0.04746317512274959
0 0.6561111111111111 0.4206219312602291 0.03 0.03927986906710311
0 0.8605555555555555 0.7037643207855974 0.034444444444444444 0.03927986906710311
0 0.8105555555555556 0.5016366612111293 0.034444444444444444 0.044189852700491
0 0.24555555555555555 0.8306055646481179 0.03333333333333333 0.04091653027823241
0 0.7072222222222222 0.662847790507365 0.03222222222222222 0.03927986906710311
0 0.24388888888888888 0.46399345335515546 0.034444444444444444 0.04091653027823241
0 0.34944444444444445 0.911620294599018 0.03666666666666667 0.04582651391162029
0 0.6055555555555555 0.7839607201309329 0.035555555555555556 0.0425531914893617
0 0.24666666666666667 0.9148936170212766 0.035555555555555556 0.0425531914893617
0 0.39944444444444444 0.5826513911620295 0.03222222222222222 0.0425531914893617
0 0.3477777777777778 0.502454991816694 0.03111111111111111 0.03600654664484452
0 0.2966666666666667 0.7054009819967266 0.028888888888888888 0.03927986906710311
0 0.295 0.5040916530278232 0.03222222222222222 0.03927986906710311
0 0.8611111111111112 0.823240589198036 0.03333333333333333 0.0425531914893617
0 0.14222222222222222 0.8355155482815058 0.035555555555555556 0.044189852700491
0 0.6555555555555556 0.7037643207855974 0.03333333333333333 0.03600654664484452
0 0.8616666666666667 0.2144026186579378 0.034444444444444444 0.0425531914893617
0 0.3488888888888889 0.8690671031096563 0.035555555555555556 0.0425531914893617
0 0.7583333333333333 0.37970540098199673 0.03222222222222222 0.03927986906710311
0 0.6044444444444445 0.5826513911620295 0.03111111111111111 0.03600654664484452
0 0.1922222222222222 0.46399345335515546 0.035555555555555556 0.04091653027823241
0 0.1438888888888889 0.9173486088379705 0.03666666666666667 0.044189852700491
0 0.6555555555555556 0.8666121112929623 0.03333333333333333 0.04091653027823241
0 0.605 0.7446808510638298 0.034444444444444444 0.03927986906710311
0 0.1411111111111111 0.381342062193126 0.03333333333333333 0.0425531914893617
0 0.24333333333333335 0.3780687397708674 0.03333333333333333 0.0425531914893617
0 0.3477777777777778 0.3788870703764321 0.03111111111111111 0.03764320785597381
0 0.1922222222222222 0.6268412438625205 0.03333333333333333 0.03927986906710311
0 0.1411111111111111 0.7111292962356792 0.035555555555555556 0.04091653027823241
0 0.45222222222222225 0.5425531914893617 0.03333333333333333 0.03764320785597381
0 0.9127777777777778 0.2561374795417349 0.034444444444444444 0.044189852700491
0 0.19277777777777777 0.7086743044189853 0.03222222222222222 0.0425531914893617
0 0.19277777777777777 0.544189852700491 0.03222222222222222 0.04091653027823241
0 0.8605555555555555 0.5409165302782324 0.03 0.03764320785597381
0 0.195 0.9148936170212766 0.034444444444444444 0.04582651391162029
0 0.19444444444444445 0.8731587561374795 0.03333333333333333 0.03764320785597381
0 0.29777777777777775 0.8314238952536824 0.03333333333333333 0.03927986906710311
0 0.09 0.38052373158756136 0.03333333333333333 0.04091653027823241
0 0.2961111111111111 0.29623567921440264 0.034444444444444444 0.04582651391162029
0 0.8111111111111111 0.9083469721767594 0.035555555555555556 0.04582651391162029
0 0.6561111111111111 0.4582651391162029 0.03 0.03600654664484452
0 0.2966666666666667 0.5834697217675942 0.03333333333333333 0.03764320785597381
0 0.5033333333333333 0.2528641571194763 0.042222222222222223 0.04091653027823241
0 0.5538888888888889 0.5016366612111293 0.03222222222222222 0.03764320785597381
0 0.5533333333333333 0.7446808510638298 0.03333333333333333 0.0425531914893617
0 0.9127777777777778 0.2144026186579378 0.034444444444444444 0.03927986906710311
0 0.5533333333333333 0.6227495908346972 0.03333333333333333 0.044189852700491
0 0.655 0.7831423895253683 0.03222222222222222 0.03764320785597381
0 0.9122222222222223 0.4582651391162029 0.03333333333333333 0.03927986906710311
0 0.2972222222222222 0.8723404255319149 0.03222222222222222 0.0425531914893617
0 0.5538888888888889 0.2978723404255319 0.034444444444444444 0.03927986906710311
0 0.8105555555555556 0.7430441898527005 0.027777777777777776 0.0425531914893617
0 0.9127777777777778 0.5 0.034444444444444444 0.04091653027823241
0 0.29777777777777775 0.9148936170212766 0.03333333333333333 0.0425531914893617
0 0.14055555555555554 0.4656301145662848 0.03222222222222222 0.04091653027823241
0 0.5544444444444444 0.5818330605564648 0.03111111111111111 0.03764320785597381
0 0.7072222222222222 0.16775777414075285 0.03222222222222222 0.05073649754500818
0 0.555 0.9124386252045826 0.034444444444444444 0.044189852700491
0 0.14055555555555554 0.5875613747954174 0.034444444444444444 0.03927986906710311
0 0.9127777777777778 0.5400981996726678 0.034444444444444444 0.03927986906710311
0 0.19277777777777777 0.29705400981996727 0.034444444444444444 0.04746317512274959
0 0.24444444444444444 0.33878887070376434 0.03111111111111111 0.03927986906710311
0 0.45166666666666666 0.7037643207855974 0.03 0.03927986906710311
0 0.14055555555555554 0.6710310965630114 0.03666666666666667 0.0425531914893617
0 0.8105555555555556 0.7004909983633388 0.03222222222222222 0.03927986906710311
0 0.09055555555555556 0.339607201309329 0.034444444444444444 0.04091653027823241
0 0.8094444444444444 0.29705400981996727 0.03222222222222222 0.04091653027823241
0 0.08944444444444444 0.4230769230769231 0.034444444444444444 0.04091653027823241
0 0.08944444444444444 0.29623567921440264 0.03666666666666667 0.04582651391162029
0 0.8611111111111112 0.2561374795417349 0.03333333333333333 0.03764320785597381
0 0.1922222222222222 0.5842880523731587 0.03333333333333333 0.0425531914893617
0 0.45166666666666666 0.7438625204582652 0.03222222222222222 0.04091653027823241
0 0.9122222222222223 0.4198036006546645 0.03333333333333333 0.04091653027823241
0 0.6572222222222223 0.9075286415711947 0.03222222222222222 0.04091653027823241
0 0.9127777777777778 0.5810147299509002 0.034444444444444444 0.04582651391162029
0 0.6561111111111111 0.21194762684124385 0.034444444444444444 0.044189852700491
0 0.24444444444444444 0.5040916530278232 0.035555555555555556 0.0425531914893617
0 0.5538888888888889 0.7864157119476268 0.03222222222222222 0.04091653027823241
0 0.8611111111111112 0.7839607201309329 0.03333333333333333 0.03927986906710311
0 0.8616666666666667 0.16775777414075285 0.034444444444444444 0.04746317512274959
0 0.1411111111111111 0.7520458265139116 0.03333333333333333 0.04091653027823241
0 0.4 0.7054009819967266 0.03111111111111111 0.03600654664484452
0 0.45166666666666666 0.8265139116202946 0.034444444444444444 0.0425531914893617
0 0.5044444444444445 0.32078559738134205 0.042222222222222223 0.03927986906710311
0 0.9122222222222223 0.3404255319148936 0.03333333333333333 0.03927986906710311
0 0.5538888888888889 0.662847790507365 0.03222222222222222 0.03600654664484452
0 0.8611111111111112 0.5 0.03111111111111111 0.04091653027823241
0 0.81 0.4206219312602291 0.03333333333333333 0.03600654664484452
0 0.3988888888888889 0.7847790507364976 0.03333333333333333 0.04091653027823241
0 0.8105555555555556 0.7847790507364976 0.03 0.03764320785597381
0 0.19333333333333333 0.339607201309329 0.03111111111111111 0.03764320785597381
0 0.5144444444444445 0.7364975450081833 0.022222222222222223 0.029459901800327332
0 0.555 0.2144026186579378 0.03666666666666667 0.02618657937806874
0 0.8611111111111112 0.38052373158756136 0.03333333333333333 0.024549918166939442
0 0.5033333333333333 0.220949263502455 0.044444444444444446 0.02618657937806874
0 0.5038888888888889 0.35515548281505727 0.043333333333333335 0.03273322422258593
0 0.1922222222222222 0.6677577741407529 0.03333333333333333 0.0425531914893617
0 0.6561111111111111 0.5400981996726678 0.03666666666666667 0.022913256955810146
0 0.5033333333333333 0.3829787234042553 0.044444444444444446 0.03273322422258593
0 0.2561111111111111 0.6669394435351882 0.021111111111111112 0.031096563011456628
0 0.5033333333333333 0.2888707037643208 0.042222222222222223 0.031096563011456628
0 0.8222222222222222 0.5409165302782324 0.02 0.031096563011456628
0 0.8111111111111111 0.8666121112929623 0.035555555555555556 0.031096563011456628
0 0.5044444444444445 0.1546644844517185 0.042222222222222223 0.03764320785597381
0 0.45055555555555554 0.867430441898527 0.034444444444444444 0.03927986906710311
0 0.5033333333333333 0.1890343698854337 0.042222222222222223 0.03764320785597381
0 0.45166666666666666 0.9083469721767594 0.034444444444444444 0.0425531914893617
0 0.9133333333333333 0.1718494271685761 0.035555555555555556 0.04582651391162029
0 0.19333333333333333 0.8338788870703764 0.035555555555555556 0.04091653027823241
0 0.1411111111111111 0.339607201309329 0.02666666666666667 0.03764320785597381
0 0.19333333333333333 0.7504091653027823 0.03111111111111111 0.03764320785597381
0 0.7061111111111111 0.5008183306055647 0.03222222222222222 0.03600654664484452
0 0.40055555555555555 0.911620294599018 0.034444444444444444 0.03927986906710311
0 0.2961111111111111 0.6661211129296236 0.03222222222222222 0.0425531914893617
0 0.9116666666666666 0.3788870703764321 0.03222222222222222 0.04091653027823241
0 0.4 0.82569558101473 0.03333333333333333 0.03436988543371522
0 0.5538888888888889 0.82569558101473 0.027777777777777776 0.03764320785597381
0 0.7066666666666667 0.2978723404255319 0.03111111111111111 0.03927986906710311
0 0.3988888888888889 0.7446808510638298 0.028888888888888888 0.03927986906710311
0 0.5544444444444444 0.8682487725040916 0.03333333333333333 0.044189852700491
0 0.4 0.6661211129296236 0.03333333333333333 0.03927986906710311
0 0.8616666666666667 0.8641571194762684 0.03222222222222222 0.03927986906710311
0 0.14222222222222222 0.792962356792144 0.03333333333333333 0.04091653027823241
0 0.7066666666666667 0.21194762684124385 0.03333333333333333 0.04091653027823241
0 0.14222222222222222 0.8756137479541735 0.035555555555555556 0.03600654664484452
0 0.1922222222222222 0.3780687397708674 0.03333333333333333 0.0425531914893617
0 0.5538888888888889 0.7013093289689034 0.03222222222222222 0.04091653027823241
0 0.19277777777777777 0.5032733224222586 0.034444444444444444 0.03764320785597381
0 0.1411111111111111 0.2978723404255319 0.03333333333333333 0.0425531914893617
0 0.9127777777777778 0.2995090016366612 0.034444444444444444 0.03927986906710311