0 0.320625 0.9042721518987342 0.0425 0.04113924050632911
0 0.523125 0.6590189873417721 0.02625 0.02531645569620253
0 0.5525 0.8457278481012658 0.02375 0.023734177215189875
0 0.5125 0.5878164556962026 0.02375 0.02531645569620253
0 0.518125 0.627373417721519 0.02625 0.023734177215189875
0 0.468125 0.39556962025316456 0.03125 0.02689873417721519
0 0.473125 0.4137658227848101 0.03375 0.02689873417721519
0 0.475 0.43908227848101267 0.03625 0.03955696202531646
0 0.479375 0.4620253164556962 0.02375 0.023734177215189875
0 0.520625 0.6439873417721519 0.02375 0.023734177215189875
0 0.556875 0.867879746835443 0.025 0.03164556962025317
0 0.4825 0.8607594936708861 0.035 0.04272151898734177
0 0.488125 0.8916139240506329 0.03875 0.0379746835443038
0 0.06875 0.4612341772151899 0.02375 0.030063291139240507
0 0.45875 0.33939873417721517 0.0375 0.030063291139240507
0 0.465 0.3583860759493671 0.03125 0.02689873417721519
0 0.46625 0.37816455696202533 0.0375 0.030063291139240507
0 0.52625 0.6748417721518988 0.02375 0.022151898734177215
0 0.365625 0.8251582278481012 0.04125 0.04272151898734177
0 0.739375 0.6867088607594937 0.04 0.04272151898734177
0 0.414375 0.7808544303797469 0.03875 0.03955696202531646
0 0.6325 0.36313291139240506 0.0375 0.03639240506329114
0 0.879375 0.3876582278481013 0.03 0.03639240506329114
0 0.14875 0.5316455696202531 0.03875 0.04113924050632911
0 0.108125 0.5435126582278481 0.03125 0.04113924050632911
0 0.66625 0.5743670886075949 0.04 0.04430379746835443
0 0.661875 0.5474683544303798 0.0375 0.0379746835443038
0 0.735 0.18591772151898733 0.0275 0.03322784810126582
0 0.85 0.2990506329113924 0.04125 0.04272151898734177
0 0.29125 0.7167721518987342 0.04125 0.04272151898734177
0 0.770625 0.5166139240506329 0.04125 0.03955696202531646
0 0.656875 0.24287974683544303 0.0325 0.03481012658227848
0 0.26125 0.5308544303797469 0.0425 0.04746835443037975
0 0.6925 0.37895569620253167 0.04 0.04113924050632911
0 0.58125 0.7634493670886076 0.04125 0.04430379746835443
0 0.6975 0.40901898734177217 0.04 0.04272151898734177
0 0.87375 0.3575949367088608 0.02875 0.03481012658227848
0 0.846875 0.3647151898734177 0.0275 0.03481012658227848
0 0.38 0.9185126582278481 0.04125 0.04113924050632911
0 0.094375 0.6463607594936709 0.03 0.03955696202531646
0 0.735 0.6558544303797469 0.04125 0.04272151898734177
0 0.699375 0.7966772151898734 0.04125 0.03955696202531646
0 0.315 0.8742088607594937 0.04125 0.04430379746835443
0 0.6875 0.34810126582278483 0.0425 0.04272151898734177
0 0.72125 0.5617088607594937 0.03875 0.0379746835443038
0 0.34 0.6708860759493671 0.04125 0.04588607594936709
0 0.5625 0.6392405063291139 0.03875 0.03955696202531646
0 0.61 0.11471518987341772 0.03125 0.0379746835443038
0 0.12625 0.6669303797468354 0.02875 0.03481012658227848
0 0.2575 0.49920886075949367 0.04 0.03955696202531646
0 0.36875 0.8560126582278481 0.0425 0.04113924050632911
0 0.86875 0.3275316455696203 0.03125 0.03955696202531646
0 0.76125 0.4572784810126582 0.03875 0.03955696202531646
0 0.46625 0.7634493670886076 0.04 0.04113924050632911
0 0.58625 0.7950949367088608 0.04 0.04272151898734177
0 0.804375 0.7349683544303798 0.03875 0.0379746835443038
0 0.845 0.26819620253164556 0.04125 0.03955696202531646
0 0.701875 0.43829113924050633 0.04125 0.03955696202531646
0 0.6425 0.14003164556962025 0.03375 0.03639240506329114
0 0.879375 0.48575949367088606 0.04 0.03955696202531646
0 0.741875 0.3314873417721519 0.04 0.03955696202531646
0 0.584375 0.4074367088607595 0.04 0.04113924050632911
0 0.79375 0.6708860759493671 0.03875 0.03955696202531646
0 0.888125 0.5474683544303798 0.04 0.04113924050632911
0 0.754375 0.7824367088607594 0.04 0.03955696202531646
0 0.08 0.5498417721518988 0.02875 0.03481012658227848
0 0.745 0.36075949367088606 0.04 0.03955696202531646
0 0.144375 0.497626582278481 0.0425 0.04746835443037975
0 0.595 0.8575949367088608 0.04125 0.04113924050632911
0 0.78875 0.6400316455696202 0.04125 0.04272151898734177
0 0.875 0.45569620253164556 0.04125 0.04113924050632911
0 0.71125 0.22784810126582278 0.03125 0.03481012658227848
0 0.27625 0.6234177215189873 0.03875 0.03955696202531646
0 0.31 0.8417721518987342 0.04125 0.04113924050632911
0 0.325 0.935126582278481 0.04125 0.04113924050632911
0 0.68875 0.7333860759493671 0.04 0.04113924050632911
0 0.775 0.5474683544303798 0.04 0.04272151898734177
0 0.784375 0.6099683544303798 0.0425 0.04113924050632911
0 0.42 0.8117088607594937 0.04 0.04113924050632911
0 0.111875 0.5735759493670886 0.0275 0.03322784810126582
0 0.09 0.6139240506329114 0.03 0.03639240506329114
0 0.09125 0.4509493670886076 0.03 0.03639240506329114
0 0.854375 0.2310126582278481 0.025 0.030063291139240507
0 0.34625 0.7001582278481012 0.03875 0.028481012658227847
0 0.433125 0.9003164556962026 0.04125 0.0490506329113924
0 0.490625 0.5387658227848101 0.0425 0.04113924050632911
0 0.523125 0.3837025316455696 0.03875 0.04113924050632911
0 0.42875 0.8757911392405063 0.04 0.04588607594936709
0 0.515 0.6083860759493671 0.02375 0.02531645569620253
0 0.529375 0.41693037974683544 0.04 0.04272151898734177
0 0.485625 0.5126582278481012 0.045 0.04588607594936709
0 0.711875 0.502373417721519 0.03875 0.0379746835443038
0 0.266875 0.5617088607594937 0.0425 0.04113924050632911
0 0.52875 0.6930379746835443 0.025 0.028481012658227847
0 0.311875 0.48417721518987344 0.04125 0.04113924050632911
0 0.685 0.7001582278481012 0.04 0.04430379746835443
0 0.696875 0.127373417721519 0.03125 0.03481012658227848
0 0.321875 0.5466772151898734 0.04125 0.03955696202531646
0 0.088125 0.5150316455696202 0.03875 0.03955696202531646
0 0.5725 0.7017405063291139 0.04125 0.03955696202531646
0 0.50875 0.5704113924050633 0.02375 0.02531645569620253
0 0.568125 0.6708860759493671 0.04 0.04430379746835443
0 0.71625 0.5316455696202531 0.03875 0.03955696202531646
0 0.44125 0.5791139240506329 0.03625 0.03481012658227848
0 0.841875 0.3338607594936709 0.02625 0.028481012658227847
0 0.82875 0.2412974683544304 0.0275 0.03322784810126582
0 0.52875 0.7911392405063291 0.04 0.04113924050632911
0 0.70375 0.8283227848101266 0.04 0.04113924050632911
0 0.853125 0.3916139240506329 0.0275 0.03322784810126582
0 0.765625 0.48813291139240506 0.04 0.04113924050632911
0 0.085 0.48575949367088606 0.0375 0.03639240506329114
0 0.68125 0.6708860759493671 0.04 0.04272151898734177
0 0.31625 0.5158227848101266 0.04 0.04272151898734177
0 0.6375 0.3916139240506329 0.04125 0.04272151898734177
0 0.808125 0.7658227848101266 0.04125 0.04113924050632911
0 0.813125 0.7966772151898734 0.04 0.04272151898734177
0 0.409375 0.75 0.04 0.04430379746835443
0 0.4 0.6843354430379747 0.0375 0.0379746835443038
0 0.78 0.5783227848101266 0.0425 0.04272151898734177
0 0.72 0.08386075949367089 0.0325 0.0379746835443038
0 0.1225 0.634493670886076 0.0275 0.03322784810126582
0 0.744375 0.7175632911392406 0.04125 0.04272151898734177
0 0.306875 0.4525316455696203 0.04375 0.04588607594936709
0 0.35 0.7310126582278481 0.04125 0.04588607594936709
0 0.68 0.20411392405063292 0.03 0.0379746835443038
0 0.425 0.8425632911392406 0.04 0.04113924050632911
0 0.870625 0.42325949367088606 0.0425 0.04430379746835443
0 0.084375 0.5814873417721519 0.0275 0.03322784810126582
0 0.471875 0.7943037974683544 0.04125 0.04113924050632911
0 0.8 0.7033227848101266 0.04 0.04430379746835443
0 0.88375 0.5166139240506329 0.03875 0.04113924050632911
0 0.271875 0.5933544303797469 0.04 0.04272151898734177
0 0.590625 0.8275316455696202 0.04 0.04272151898734177
0 0.335625 0.6392405063291139 0.04 0.03955696202531646
0 0.79625 0.31645569620253167 0.03875 0.03955696202531646
0 0.44875 0.6384493670886076 0.03875 0.03639240506329114
0 0.28125 0.6542721518987342 0.04125 0.04113924050632911
0 0.6925 0.09414556962025317 0.03125 0.0379746835443038
0 0.374375 0.8876582278481012 0.0425 0.04588607594936709
0 0.295625 0.747626582278481 0.04125 0.03955696202531646
0 0.730625 0.625 0.04 0.04272151898734177
0 0.729375 0.15110759493670886 0.03 0.03955696202531646
0 0.1175 0.6052215189873418 0.0275 0.03322784810126582
0 0.70625 0.19462025316455697 0.03375 0.03639240506329114
0 0.589375 0.439873417721519 0.04 0.04430379746835443
0 0.45875 0.7033227848101266 0.03875 0.04113924050632911
0 0.3675 0.46835443037974683 0.04125 0.04272151898734177
0 0.664375 0.09968354430379747 0.03 0.03639240506329114
0 0.628125 0.3299050632911392 0.03875 0.04430379746835443
0 0.791875 0.28560126582278483 0.04 0.04113924050632911
0 0.74125 0.21914556962025317 0.03125 0.0379746835443038
0 0.7025 0.1606012658227848 0.03125 0.03639240506329114
0 0.651875 0.21044303797468356 0.0325 0.03481012658227848
0 0.37125 0.49841772151898733 0.04125 0.04113924050632911
0 0.285625 0.6859177215189873 0.04 0.04113924050632911
0 0.33125 0.6083860759493671 0.04 0.03955696202531646
0 0.57625 0.7310126582278481 0.04375 0.04430379746835443
0 0.4625 0.7349683544303798 0.04125 0.04113924050632911
0 0.305 0.8109177215189873 0.04375 0.04113924050632911
0 0.78625 0.25316455696202533 0.0425 0.04430379746835443
0 0.695 0.7642405063291139 0.04 0.04430379746835443
0 0.725 0.11787974683544304 0.0325 0.0379746835443038
0 0.675 0.1685126582278481 0.02875 0.0379746835443038
0 0.478125 0.8267405063291139 0.04125 0.04430379746835443
0 0.5525 0.5799050632911392 0.03875 0.0379746835443038
0 0.54375 0.5189873417721519 0.03875 0.03955696202531646
0 0.15375 0.5632911392405063 0.04125 0.04430379746835443
0 0.675625 0.6392405063291139 0.04125 0.04113924050632911
0 0.36 0.7935126582278481 0.04125 0.04430379746835443
0 0.893125 0.5783227848101266 0.04125 0.04272151898734177
0 0.430625 0.5158227848101266 0.04 0.04272151898734177
0 0.355 0.7634493670886076 0.04125 0.04113924050632911
0 0.425625 0.48575949367088606 0.04 0.04113924050632911
0 0.685 0.23655063291139242 0.03 0.03481012658227848
0 0.75 0.7507911392405063 0.04125 0.04430379746835443
0 0.556875 0.6091772151898734 0.04 0.04272151898734177
0 0.75 0.3916139240506329 0.04125 0.04272151898734177
0 0.394375 0.6550632911392406 0.03875 0.03955696202531646
0 0.131875 0.7974683544303798 0.04125 0.03955696202531646
0 0.3625 0.43591772151898733 0.0425 0.04430379746835443
0 0.574375 0.3449367088607595 0.04125 0.04430379746835443
0 0.380625 0.5640822784810127 0.04 0.03955696202531646
0 0.539375 0.48813291139240506 0.0375 0.03955696202531646
0 0.17375 0.6875 0.04 0.04430379746835443
0 0.300625 0.7776898734177216 0.03875 0.03955696202531646
0 0.646875 0.4549050632911392 0.04 0.03955696202531646
0 0.80125 0.34572784810126583 0.03875 0.04113924050632911
0 0.57875 0.37816455696202533 0.04125 0.04113924050632911
0 0.725 0.5925632911392406 0.04125 0.04272151898734177
0 0.759375 0.8125 0.0425 0.04430379746835443
0 0.67125 0.6075949367088608 0.04 0.04272151898734177
0 0.643125 0.4240506329113924 0.04 0.04272151898734177
0 0.453125 0.6716772151898734 0.03875 0.04272151898734177
0 0.163125 0.625 0.04 0.04430379746835443
0 0.20375 0.5166139240506329 0.04 0.04113924050632911
0 0.15875 0.5949367088607594 0.04125 0.03955696202531646
0 0.645625 0.17958860759493672 0.03375 0.03639240506329114
0 0.138125 0.8283227848101266 0.0425 0.04430379746835443
0 0.6575 0.5174050632911392 0.03875 0.03955696202531646
0 0.54875 0.5490506329113924 0.04125 0.04272151898734177
0 0.385625 0.5925632911392406 0.04125 0.04113924050632911
0 0.1675 0.6550632911392406 0.03875 0.0379746835443038
0 0.7375 0.2990506329113924 0.0425 0.04588607594936709
0 0.1275 0.7650316455696202 0.0425 0.04430379746835443
0 0.669375 0.13449367088607594 0.03 0.0379746835443038
0 0.19875 0.4833860759493671 0.04 0.04430379746835443
0 0.325625 0.5791139240506329 0.04125 0.04430379746835443
0 0.39 0.6234177215189873 0.04 0.04113924050632911
0 0.653125 0.4865506329113924 0.04 0.04113924050632911
0 0.121875 0.7341772151898734 0.04125 0.04272151898734177
0 0.75625 0.4240506329113924 0.04 0.04272151898734177
0 0.61375 0.15031645569620253 0.0325 0.03955696202531646
0 0.118125 0.6993670886075949 0.0425 0.04588607594936709
0 0.638125 0.10759493670886076 0.03125 0.03955696202531646
0 0.706875 0.47072784810126583 0.04 0.04430379746835443
0 0.253125 0.4675632911392405 0.04125 0.04588607594936709
0 0.445 0.6075949367088608 0.04125 0.04430379746835443
0 0.805625 0.37816455696202533 0.04 0.04272151898734177
0 0.6825 0.31408227848101267 0.04125 0.04588607594936709
0 0.20875 0.5490506329113924 0.0425 0.04430379746835443
0 0.43625 0.5490506329113924 0.04 0.04430379746835443
0 0.404375 0.7167721518987342 0.03875 0.04272151898734177
0 0.42125 0.4541139240506329 0.04125 0.04272151898734177
0 0.376875 0.5324367088607594 0.04 0.04430379746835443
0 0.53375 0.4541139240506329 0.04 0.04430379746835443
0 0.415625 0.41930379746835444 0.0425 0.04746835443037975