0 0.5483333333333333 0.5230642504118617 0.03333333333333333 0.04612850082372323
0 0.5205555555555555 0.2751235584843493 0.03888888888888889 0.05601317957166392
0 0.525 0.3171334431630972 0.03888888888888889 0.054365733113673806
0 0.3211111111111111 0.3542009884678748 0.03777777777777778 0.05601317957166392
0 0.5805555555555556 0.34761120263591433 0.03777777777777778 0.054365733113673806
0 0.31166666666666665 0.26935749588138386 0.03888888888888889 0.05601317957166392
0 0.6711111111111111 0.24546952224052718 0.03888888888888889 0.05601317957166392
0 0.3161111111111111 0.3113673805601318 0.03666666666666667 0.05271828665568369
0 0.30666666666666664 0.22322899505766064 0.04 0.057660626029654036
0 0.41333333333333333 0.2487644151565074 0.03888888888888889 0.054365733113673806
0 0.5438888888888889 0.48517298187808894 0.03777777777777778 0.05271828665568369
0 0.37333333333333335 0.34514003294892914 0.03777777777777778 0.054365733113673806
0 0.5394444444444444 0.44233937397034595 0.03888888888888889 0.05601317957166392
0 0.34055555555555556 0.5189456342668863 0.03777777777777778 0.054365733113673806
0 0.7227777777777777 0.2355848434925865 0.03888888888888889 0.057660626029654036
0 0.42277777777777775 0.3344316309719934 0.03888888888888889 0.057660626029654036
0 0.43277777777777776 0.4184514003294893 0.04111111111111111 0.05930807248764415
0 0.585 0.3904448105436573 0.04 0.05601317957166392
0 0.7127777777777777 0.14827018121911037 0.04111111111111111 0.05930807248764415
0 0.5377777777777778 0.771004942339374 0.02666666666666667 0.036243822075782535
0 0.4822222222222222 0.3830313014827018 0.04777777777777778 0.04612850082372323
0 0.49777777777777776 0.5329489291598023 0.04555555555555556 0.047775947281713346
0 0.8761111111111111 0.6738056013179572 0.03888888888888889 0.051070840197693576
0 0.31666666666666665 0.7751235584843492 0.03888888888888889 0.05601317957166392
0 0.895 0.8401976935749588 0.04 0.05271828665568369
0 0.46555555555555556 0.2487644151565074 0.04777777777777778 0.042833607907743
0 0.3988888888888889 0.5922570016474464 0.04 0.054365733113673806
0 0.13 0.9785831960461285 0.042222222222222223 0.042833607907743
0 0.4622222222222222 0.2158154859967051 0.04666666666666667 0.047775947281713346
0 0.4866666666666667 0.41186161449752884 0.05 0.05271828665568369
0 0.057777777777777775 0.3130148270181219 0.03777777777777778 0.057660626029654036
0 0.89 0.7990115321252059 0.035555555555555556 0.04612850082372323
0 0.475 0.31466227347611203 0.043333333333333335 0.04612850082372323
0 0.8383333333333334 0.3418451400329489 0.03666666666666667 0.05271828665568369
0 0.8816666666666667 0.7166392092257001 0.03333333333333333 0.04942339373970346
0 0.12 0.899505766062603 0.03888888888888889 0.051070840197693576
0 0.8338888888888889 0.30230642504118616 0.04 0.054365733113673806
0 0.6911111111111111 0.8772652388797364 0.03777777777777778 0.05601317957166392
0 0.12555555555555556 0.942339373970346 0.04 0.054365733113673806
0 0.8583333333333333 0.5082372322899505 0.03888888888888889 0.051070840197693576
0 0.6733333333333333 0.714168039538715 0.03777777777777778 0.051070840197693576
0 0.6955555555555556 0.9225700164744646 0.03666666666666667 0.054365733113673806
0 0.2427777777777778 0.5790774299835255 0.03666666666666667 0.051070840197693576
0 0.87 0.16392092257001648 0.03777777777777778 0.057660626029654036
0 0.8994444444444445 0.41515650741350907 0.03777777777777778 0.051070840197693576
0 0.36333333333333334 0.7265238879736409 0.03333333333333333 0.04942339373970346
0 0.15333333333333332 0.7240527182866557 0.03888888888888889 0.051070840197693576
0 0.8938888888888888 0.3747940691927512 0.04111111111111111 0.05601317957166392
0 0.4588888888888889 0.18039538714991762 0.051111111111111114 0.054365733113673806
0 0.6844444444444444 0.3698517298187809 0.034444444444444444 0.047775947281713346
0 0.8744444444444445 0.20757825370675453 0.04 0.05601317957166392
0 0.6872222222222222 0.8369028006589786 0.03666666666666667 0.051070840197693576
0 0.6772222222222222 0.7528830313014827 0.03777777777777778 0.05271828665568369
0 0.6833333333333333 0.7940691927512356 0.03777777777777778 0.054365733113673806
0 0.26055555555555554 0.27677100494233936 0.03888888888888889 0.05271828665568369
0 0.06666666666666667 0.39950576606260296 0.03777777777777778 0.051070840197693576
0 0.6305555555555555 0.3401976935749588 0.03777777777777778 0.054365733113673806
0 0.9011111111111111 0.8846787479406919 0.04 0.057660626029654036
0 0.8788888888888889 0.24958813838550248 0.04 0.05601317957166392
0 0.8888888888888888 0.3311367380560132 0.04111111111111111 0.05271828665568369
0 0.06222222222222222 0.357495881383855 0.03777777777777778 0.05271828665568369
0 0.29833333333333334 0.6120263591433278 0.04111111111111111 0.05930807248764415
0 0.10222222222222223 0.7314662273476112 0.03777777777777778 0.04942339373970346
0 0.14888888888888888 0.6845140032948929 0.04 0.05271828665568369
0 0.15777777777777777 0.7652388797364086 0.04111111111111111 0.051070840197693576
0 0.6266666666666667 0.29489291598023065 0.034444444444444444 0.05601317957166392
0 0.8477777777777777 0.42504118616144976 0.03888888888888889 0.051070840197693576
0 0.8838888888888888 0.2915980230642504 0.04 0.054365733113673806
0 0.31277777777777777 0.7364085667215815 0.03666666666666667 0.04942339373970346
0 0.8422222222222222 0.3846787479406919 0.04 0.054365733113673806
0 0.35888888888888887 0.6845140032948929 0.035555555555555556 0.04942339373970346
0 0.11222222222222222 0.8171334431630972 0.04111111111111111 0.054365733113673806
0 0.11666666666666667 0.8591433278418451 0.03888888888888889 0.05271828665568369
0 0.8016666666666666 0.47528830313014825 0.034444444444444444 0.04942339373970346
0 0.10777777777777778 0.30477759472817134 0.04 0.057660626029654036
0 0.8111111111111111 0.557660626029654 0.035555555555555556 0.04942339373970346
0 0.15888888888888889 0.29654036243822074 0.03888888888888889 0.05271828665568369
0 0.6938888888888889 0.45304777594728174 0.03666666666666667 0.051070840197693576
0 0.17166666666666666 0.4233937397034596 0.03666666666666667 0.04942339373970346
0 0.8283333333333334 0.2602965403624382 0.03888888888888889 0.05601317957166392
0 0.6505555555555556 0.5057660626029654 0.03333333333333333 0.047775947281713346
0 0.885 0.7594728171334432 0.03777777777777778 0.05601317957166392
0 0.08 0.5247116968698518 0.03777777777777778 0.04942339373970346
0 0.08833333333333333 0.6095551894563427 0.035555555555555556 0.04942339373970346
0 0.8183333333333334 0.17462932454695224 0.03777777777777778 0.054365733113673806
0 0.2927777777777778 0.5700164744645799 0.03888888888888889 0.051070840197693576
0 0.6538888888888889 0.5453047775947282 0.03666666666666667 0.05271828665568369
0 0.905 0.4596375617792422 0.04 0.05601317957166392
0 0.15388888888888888 0.24958813838550248 0.04 0.05930807248764415
0 0.8644444444444445 0.11696869851729819 0.03888888888888889 0.060955518945634266
0 0.145 0.64332784184514 0.04111111111111111 0.05930807248764415
0 0.6211111111111111 0.2545304777594728 0.03222222222222222 0.04612850082372323
0 0.8527777777777777 0.4670510708401977 0.03777777777777778 0.05271828665568369
0 0.052222222222222225 0.2660626029654036 0.04111111111111111 0.05930807248764415
0 0.59 0.4332784184514003 0.035555555555555556 0.051070840197693576
0 0.07166666666666667 0.44233937397034595 0.04 0.054365733113673806
0 0.3861111111111111 0.4670510708401977 0.03888888888888889 0.04942339373970346
0 0.09833333333333333 0.6919275123558485 0.03888888888888889 0.05271828665568369
0 0.3211111111111111 0.8220757825370676 0.03888888888888889 0.05601317957166392
0 0.21833333333333332 0.3731466227347611 0.03777777777777778 0.05271828665568369
0 0.075 0.4843492586490939 0.03777777777777778 0.054365733113673806
0 0.10388888888888889 0.257001647446458 0.042222222222222223 0.060955518945634266
0 0.1622222222222222 0.3385502471169687 0.034444444444444444 0.05271828665568369
0 0.7822222222222223 0.3113673805601318 0.03666666666666667 0.051070840197693576
0 0.8233333333333334 0.21746293245469522 0.04 0.054365733113673806
0 0.8066666666666666 0.5164744645799012 0.03666666666666667 0.05601317957166392
0 0.8205555555555556 0.6441515650741351 0.03666666666666667 0.054365733113673806
0 0.5305555555555556 0.357495881383855 0.03333333333333333 0.04612850082372323
0 0.8133333333333334 0.12932454695222406 0.04111111111111111 0.060955518945634266
0 0.7961111111111111 0.4357495881383855 0.035555555555555556 0.05271828665568369
0 0.6111111111111112 0.16639209225700163 0.03777777777777778 0.060955518945634266
0 0.47944444444444445 0.34761120263591433 0.04555555555555556 0.054365733113673806
0 0.30333333333333334 0.6548599670510709 0.03666666666666667 0.051070840197693576
0 0.6611111111111111 0.1556836902800659 0.04111111111111111 0.05930807248764415
0 0.12111111111111111 0.4332784184514003 0.03777777777777778 0.051070840197693576
0 0.09388888888888888 0.6507413509060955 0.04111111111111111 0.05601317957166392
0 0.815 0.5996705107084019 0.03666666666666667 0.057660626029654036
0 0.10666666666666667 0.7751235584843492 0.04 0.054365733113673806
0 0.4711111111111111 0.2825370675453048 0.05 0.054365733113673806
0 0.16277777777777777 0.8080724876441515 0.042222222222222223 0.060955518945634266
0 0.11277777777777778 0.34925864909390447 0.04 0.054365733113673806
0 0.14 0.5996705107084019 0.03888888888888889 0.05271828665568369
0 0.2561111111111111 0.23064250411861614 0.03888888888888889 0.057660626029654036
0 0.6644444444444444 0.6301482701812191 0.03888888888888889 0.05601317957166392
0 0.13111111111111112 0.5164744645799012 0.04 0.054365733113673806
0 0.11777777777777777 0.3912685337726524 0.03777777777777778 0.054365733113673806
0 0.8705555555555555 0.6350906095551895 0.03888888888888889 0.051070840197693576
0 0.08444444444444445 0.5675453047775947 0.03777777777777778 0.05601317957166392
0 0.7277777777777777 0.2784184514003295 0.03333333333333333 0.04612850082372323
0 0.8616666666666667 0.5502471169686985 0.03777777777777778 0.05271828665568369
0 0.36777777777777776 0.7685337726523888 0.03888888888888889 0.057660626029654036
0 0.49333333333333335 0.48599670510708404 0.04777777777777778 0.057660626029654036
0 0.6166666666666667 0.2116968698517298 0.03777777777777778 0.057660626029654036
0 0.23833333333333334 0.5387149917627677 0.04111111111111111 0.051070840197693576
0 0.28944444444444445 0.5313014827018122 0.03777777777777778 0.054365733113673806
0 0.7372222222222222 0.3616144975288303 0.035555555555555556 0.04942339373970346
0 0.39 0.5090609555189456 0.04 0.054365733113673806
0 0.30777777777777776 0.6960461285008237 0.03777777777777778 0.05601317957166392
0 0.8661111111111112 0.5922570016474464 0.03888888888888889 0.054365733113673806
0 0.6683333333333333 0.6738056013179572 0.04 0.054365733113673806
0 0.2838888888888889 0.48846787479406917 0.03666666666666667 0.051070840197693576
0 0.4272222222222222 0.37644151565074135 0.03888888888888889 0.04942339373970346
0 0.135 0.5601317957166392 0.03888888888888889 0.05271828665568369
0 0.7872222222222223 0.3517298187808896 0.03666666666666667 0.05601317957166392
0 0.5116666666666667 0.18533772652388797 0.04 0.05930807248764415
0 0.4038888888888889 0.6350906095551895 0.04111111111111111 0.054365733113673806
0 0.24666666666666667 0.6210873146622735 0.04 0.054365733113673806
0 0.4088888888888889 0.2026359143327842 0.04111111111111111 0.05930807248764415
0 0.6994444444444444 0.4950576606260296 0.04 0.05601317957166392
0 0.35833333333333334 0.21252059308072488 0.03888888888888889 0.060955518945634266
0 0.6588888888888889 0.5873146622734761 0.03777777777777778 0.054365733113673806
0 0.32666666666666666 0.3970345963756178 0.03666666666666667 0.051070840197693576
0 0.5572222222222222 0.6079077429983526 0.04 0.05601317957166392
0 0.345 0.5601317957166392 0.03777777777777778 0.05271828665568369
0 0.5533333333333333 0.5642504118616145 0.03666666666666667 0.05601317957166392
0 0.5761111111111111 0.3056013179571664 0.03666666666666667 0.05271828665568369
0 0.7422222222222222 0.4052718286655684 0.04 0.05601317957166392
0 0.21444444444444444 0.33278418451400327 0.035555555555555556 0.051070840197693576
0 0.69 0.4110378912685338 0.03777777777777778 0.05601317957166392
0 0.3516666666666667 0.6449752883031301 0.03888888888888889 0.054365733113673806
0 0.6666666666666666 0.20345963756177923 0.03888888888888889 0.05271828665568369
0 0.595 0.4744645799011532 0.03666666666666667 0.054365733113673806
0 0.7916666666666666 0.39456342668863265 0.03666666666666667 0.05271828665568369
0 0.7177777777777777 0.19439868204283361 0.03777777777777778 0.05271828665568369
0 0.6344444444444445 0.37891268533772654 0.03666666666666667 0.051070840197693576
0 0.395 0.5502471169686985 0.03888888888888889 0.051070840197693576
0 0.23333333333333334 0.49917627677100496 0.04 0.054365733113673806
0 0.33611111111111114 0.4794069192751236 0.03666666666666667 0.05271828665568369
0 0.33111111111111113 0.43739703459637563 0.03888888888888889 0.05601317957166392
0 0.6761111111111111 0.2899505766062603 0.03888888888888889 0.054365733113673806
0 0.3672222222222222 0.30230642504118616 0.03777777777777778 0.05601317957166392
0 0.20444444444444446 0.24052718286655683 0.04 0.060955518945634266
0 0.7783333333333333 0.2677100494233937 0.03777777777777778 0.057660626029654036
0 0.20944444444444443 0.2883031301482702 0.03888888888888889 0.057660626029654036
0 0.535 0.3986820428336079 0.03888888888888889 0.05601317957166392
0 0.6811111111111111 0.3311367380560132 0.03777777777777778 0.05271828665568369
0 0.12611111111111112 0.47364085667215816 0.04 0.054365733113673806
0 0.26944444444444443 0.3640856672158155 0.03888888888888889 0.051070840197693576
0 0.7322222222222222 0.3187808896210873 0.03777777777777778 0.057660626029654036
0 0.2511111111111111 0.6622734761120264 0.04 0.05271828665568369
0 0.4172222222222222 0.29242174629324547 0.03777777777777778 0.051070840197693576
0 0.645 0.4645799011532125 0.03666666666666667 0.05271828665568369
0 0.22333333333333333 0.4135090609555189 0.03888888888888889 0.05271828665568369
0 0.515 0.23064250411861614 0.03888888888888889 0.054365733113673806
0 0.37666666666666665 0.3871499176276771 0.03777777777777778 0.05271828665568369
0 0.28 0.4464579901153213 0.03777777777777778 0.05271828665568369
0 0.275 0.40362438220757824 0.03888888888888889 0.05271828665568369
0 0.34833333333333333 0.600494233937397 0.04 0.05601317957166392
0 0.3638888888888889 0.25947281713344317 0.03777777777777778 0.054365733113673806
0 0.3811111111111111 0.42751235584843494 0.03666666666666667 0.05271828665568369
0 0.16666666666666666 0.38220757825370677 0.03777777777777778 0.05601317957166392
0 0.26611111111111113 0.3212520593080725 0.03888888888888889 0.057660626029654036
0 0.6405555555555555 0.42257001647446457 0.03666666666666667 0.05601317957166392
0 0.22833333333333333 0.45634266886326197 0.03888888888888889 0.05601317957166392