0 0.41 0.30870279146141216 0.03666666666666667 0.05747126436781609
0 0.6644444444444444 0.3579638752052545 0.03777777777777778 0.052545155993431854
0 0.5611111111111111 0.38095238095238093 0.035555555555555556 0.04597701149425287
0 0.46166666666666667 0.319376026272578 0.035555555555555556 0.054187192118226604
0 0.4438888888888889 0.6551724137931034 0.03888888888888889 0.05090311986863711
0 0.6116666666666667 0.39080459770114945 0.03666666666666667 0.04926108374384237
0 0.8177777777777778 0.38587848932676516 0.03666666666666667 0.05090311986863711
0 0.7655555555555555 0.42036124794745483 0.03666666666666667 0.047619047619047616
0 0.4411111111111111 0.6986863711001642 0.03666666666666667 0.047619047619047616
0 0.3372222222222222 0.7183908045977011 0.03888888888888889 0.054187192118226604
0 0.5627777777777778 0.3366174055829228 0.034444444444444444 0.052545155993431854
0 0.3561111111111111 0.3415435139573071 0.035555555555555556 0.047619047619047616
0 0.39055555555555554 0.6863711001642037 0.03666666666666667 0.04926108374384237
0 0.2538888888888889 0.2824302134646962 0.035555555555555556 0.04926108374384237
0 0.18166666666666667 0.69376026272578 0.03666666666666667 0.054187192118226604
0 0.35833333333333334 0.30049261083743845 0.035555555555555556 0.052545155993431854
0 0.6488888888888888 0.6929392446633826 0.03333333333333333 0.047619047619047616
0 0.6088888888888889 0.43267651888341546 0.035555555555555556 0.05090311986863711
0 0.3927777777777778 0.6420361247947455 0.03666666666666667 0.052545155993431854
0 0.8027777777777778 0.7175697865353038 0.03666666666666667 0.05090311986863711
0 0.18722222222222223 0.6059113300492611 0.03777777777777778 0.054187192118226604
0 0.8144444444444444 0.4302134646962233 0.035555555555555556 0.047619047619047616
0 0.7133333333333334 0.4088669950738916 0.035555555555555556 0.047619047619047616
0 0.3427777777777778 0.6330049261083743 0.035555555555555556 0.05582922824302135
0 0.30444444444444446 0.3333333333333333 0.04 0.05090311986863711
0 0.6477777777777778 0.7331691297208539 0.034444444444444444 0.04597701149425287
0 0.40555555555555556 0.3924466338259442 0.03666666666666667 0.05747126436781609
0 0.33944444444444444 0.6773399014778325 0.03666666666666667 0.04597701149425287
0 0.7122222222222222 0.7463054187192119 0.023333333333333334 0.03940886699507389
0 0.3061111111111111 0.2922824302134647 0.03777777777777778 0.04433497536945813
0 0.8688888888888889 0.3973727422003284 0.034444444444444444 0.047619047619047616
0 0.4638888888888889 0.5295566502463054 0.02666666666666667 0.041050903119868636
0 0.15166666666666667 0.26108374384236455 0.03888888888888889 0.052545155993431854
0 0.7633333333333333 0.4605911330049261 0.034444444444444444 0.04597701149425287
0 0.6627777777777778 0.4006568144499179 0.03666666666666667 0.04926108374384237
0 0.09944444444444445 0.24958949096880131 0.03888888888888889 0.05582922824302135
0 0.5138888888888888 0.2857142857142857 0.04555555555555556 0.04597701149425287
0 0.7083333333333334 0.7865353037766831 0.023333333333333334 0.0361247947454844
0 0.19111111111111112 0.5541871921182266 0.02666666666666667 0.0361247947454844
0 0.8 0.7668308702791461 0.034444444444444444 0.041050903119868636
0 0.51 0.4154351395730706 0.04777777777777778 0.04433497536945813
0 0.51 0.3891625615763547 0.04555555555555556 0.04597701149425287
0 0.5022222222222222 0.5311986863711001 0.04 0.04926108374384237
0 0.5572222222222222 0.4244663382594417 0.03666666666666667 0.05090311986863711
0 0.35444444444444445 0.3825944170771757 0.03777777777777778 0.052545155993431854
0 0.14722222222222223 0.3440065681444992 0.04 0.052545155993431854
0 0.2511111111111111 0.3218390804597701 0.03777777777777778 0.04597701149425287
0 0.45944444444444443 0.361247947454844 0.035555555555555556 0.04433497536945813
0 0.20277777777777778 0.2684729064039409 0.03666666666666667 0.052545155993431854
0 0.5911111111111111 0.5525451559934319 0.023333333333333334 0.034482758620689655
0 0.5416666666666666 0.7577996715927751 0.035555555555555556 0.05582922824302135
0 0.44166666666666665 0.4827586206896552 0.023333333333333334 0.03776683087027915
0 0.2011111111111111 0.312807881773399 0.03777777777777778 0.04926108374384237
0 0.8133333333333334 0.4720853858784893 0.034444444444444444 0.05090311986863711
0 0.8655555555555555 0.43842364532019706 0.035555555555555556 0.047619047619047616
0 0.43777777777777777 0.5640394088669951 0.025555555555555557 0.03940886699507389
0 0.44333333333333336 0.4425287356321839 0.024444444444444446 0.03776683087027915
0 0.7122222222222222 0.7027914614121511 0.023333333333333334 0.03940886699507389
0 0.43944444444444447 0.5246305418719212 0.022222222222222223 0.0361247947454844
0 0.7977777777777778 0.8037766830870279 0.035555555555555556 0.047619047619047616
0 0.7183333333333334 0.5763546798029556 0.024444444444444446 0.03940886699507389
0 0.6877777777777778 0.6970443349753694 0.02666666666666667 0.041050903119868636
0 0.14833333333333334 0.30295566502463056 0.03666666666666667 0.04597701149425287
0 0.07888888888888888 0.6732348111658456 0.03888888888888889 0.05090311986863711
0 0.25 0.36288998357963875 0.03777777777777778 0.04926108374384237
0 0.545 0.7134646962233169 0.03222222222222222 0.042692939244663386
0 0.4572222222222222 0.39983579638752054 0.03777777777777778 0.05090311986863711
0 0.6866666666666666 0.7389162561576355 0.024444444444444446 0.0361247947454844
0 0.5177777777777778 0.21921182266009853 0.04555555555555556 0.047619047619047616
0 0.12444444444444444 0.5517241379310345 0.025555555555555557 0.04597701149425287
0 0.5477777777777778 0.6715927750410509 0.03111111111111111 0.054187192118226604
0 0.19833333333333333 0.3563218390804598 0.034444444444444444 0.05090311986863711
0 0.4077777777777778 0.35139573070607555 0.03333333333333333 0.041050903119868636
0 0.13166666666666665 0.42610837438423643 0.023333333333333334 0.03776683087027915
0 0.30722222222222223 0.24876847290640394 0.03777777777777778 0.04926108374384237
0 0.18444444444444444 0.6510673234811166 0.03888888888888889 0.04926108374384237
0 0.6672222222222223 0.5673234811165846 0.024444444444444446 0.03940886699507389
0 0.6972222222222222 0.4909688013136289 0.022222222222222223 0.0361247947454844
0 0.08277777777777778 0.5870279146141215 0.03777777777777778 0.04926108374384237
0 0.1461111111111111 0.6420361247947455 0.023333333333333334 0.0361247947454844
0 0.44 0.7389162561576355 0.03777777777777778 0.047619047619047616
0 0.4266666666666667 0.777504105090312 0.023333333333333334 0.0361247947454844
0 0.3883333333333333 0.7274220032840722 0.03666666666666667 0.04926108374384237
0 0.6594444444444445 0.4408866995073892 0.03666666666666667 0.04926108374384237
0 0.5883333333333334 0.6403940886699507 0.023333333333333334 0.0361247947454844
0 0.595 0.4696223316912972 0.022222222222222223 0.034482758620689655
0 0.715 0.6600985221674877 0.023333333333333334 0.03776683087027915
0 0.9211111111111111 0.40311986863711 0.035555555555555556 0.042692939244663386
0 0.8633333333333333 0.47865353037766833 0.034444444444444444 0.04597701149425287
0 0.11888888888888889 0.6789819376026273 0.025555555555555557 0.041050903119868636
0 0.09777777777777778 0.2947454844006568 0.04 0.04597701149425287
0 0.7105555555555556 0.4490968801313629 0.035555555555555556 0.04926108374384237
0 0.5005555555555555 0.5706075533661741 0.028888888888888888 0.042692939244663386
0 0.43555555555555553 0.6100164203612479 0.023333333333333334 0.03776683087027915
0 0.5866666666666667 0.6814449917898193 0.024444444444444446 0.0361247947454844
0 0.67 0.48357963875205257 0.021111111111111112 0.0361247947454844
0 0.15777777777777777 0.39080459770114945 0.025555555555555557 0.03940886699507389
0 0.6455555555555555 0.7750410509031199 0.03888888888888889 0.05090311986863711
0 0.31055555555555553 0.2019704433497537 0.03888888888888889 0.06239737274220033
0 0.6144444444444445 0.6428571428571429 0.024444444444444446 0.034482758620689655
0 0.6405555555555555 0.5632183908045977 0.02 0.034482758620689655
0 0.11444444444444445 0.7602627257799671 0.02666666666666667 0.041050903119868636
0 0.095 0.3341543513957307 0.04 0.052545155993431854
0 0.15222222222222223 0.5114942528735632 0.022222222222222223 0.03940886699507389
0 0.6172222222222222 0.5574712643678161 0.022222222222222223 0.034482758620689655
0 0.1288888888888889 0.46551724137931033 0.022222222222222223 0.0361247947454844
0 0.46444444444444444 0.4876847290640394 0.024444444444444446 0.03776683087027915
0 0.14833333333333334 0.5977011494252874 0.023333333333333334 0.03940886699507389
0 0.6122222222222222 0.6855500821018062 0.024444444444444446 0.0361247947454844
0 0.4672222222222222 0.44745484400656815 0.023333333333333334 0.0361247947454844
0 0.11722222222222223 0.7200328407224958 0.024444444444444446 0.03776683087027915
0 0.9244444444444444 0.32101806239737274 0.03777777777777778 0.05747126436781609
0 0.12222222222222222 0.5944170771756979 0.022222222222222223 0.03940886699507389
0 0.0811111111111111 0.6297208538587848 0.03777777777777778 0.04926108374384237
0 0.5888888888888889 0.5919540229885057 0.022222222222222223 0.03776683087027915
0 0.9188888888888889 0.44745484400656815 0.03777777777777778 0.052545155993431854
0 0.15388888888888888 0.4720853858784893 0.023333333333333334 0.0361247947454844
0 0.13277777777777777 0.3850574712643678 0.024444444444444446 0.03776683087027915
0 0.12666666666666668 0.506568144499179 0.024444444444444446 0.03940886699507389
0 0.6894444444444444 0.6568144499178982 0.025555555555555557 0.034482758620689655
0 0.6188888888888889 0.5147783251231527 0.022222222222222223 0.034482758620689655
0 0.15666666666666668 0.4302134646962233 0.022222222222222223 0.0361247947454844
0 0.14333333333333334 0.6830870279146142 0.022222222222222223 0.034482758620689655
0 0.6461111111111111 0.47701149425287354 0.02 0.031198686371100164
0 0.7222222222222222 0.49589490968801314 0.021111111111111112 0.0361247947454844
0 0.7172222222222222 0.6190476190476191 0.025555555555555557 0.041050903119868636
0 0.6922222222222222 0.6141215106732348 0.024444444444444446 0.042692939244663386
0 0.6683333333333333 0.5246305418719212 0.021111111111111112 0.03940886699507389
0 0.6955555555555556 0.5287356321839081 0.022222222222222223 0.03284072249589491
0 0.62 0.4745484400656814 0.021111111111111112 0.03284072249589491
0 0.08055555555555556 0.37438423645320196 0.024444444444444446 0.0361247947454844
0 0.4622222222222222 0.5681444991789819 0.025555555555555557 0.034482758620689655
0 0.42388888888888887 0.8144499178981938 0.024444444444444446 0.03776683087027915
0 0.07833333333333334 0.4178981937602627 0.023333333333333334 0.03940886699507389
0 0.72 0.5328407224958949 0.021111111111111112 0.034482758620689655
0 0.6155555555555555 0.6026272577996716 0.023333333333333334 0.03940886699507389
0 0.46 0.6124794745484401 0.024444444444444446 0.04433497536945813
0 0.10555555555555556 0.38013136288998356 0.025555555555555557 0.03940886699507389
0 0.12111111111111111 0.6362889983579638 0.023333333333333334 0.034482758620689655
0 0.14166666666666666 0.7233169129720853 0.02 0.0361247947454844
0 0.45166666666666666 0.7799671592775042 0.022222222222222223 0.034482758620689655
0 0.13833333333333334 0.8054187192118226 0.022222222222222223 0.0361247947454844
0 0.14055555555555554 0.7651888341543513 0.022222222222222223 0.03776683087027915
0 0.6933333333333334 0.5730706075533661 0.021111111111111112 0.03284072249589491
0 0.105 0.42036124794745483 0.023333333333333334 0.034482758620689655
0 0.52 0.1863711001642036 0.04777777777777778 0.041050903119868636
0 0.5933333333333334 0.5106732348111659 0.022222222222222223 0.03940886699507389
0 0.6433333333333333 0.5197044334975369 0.02 0.034482758620689655
0 0.15 0.555008210180624 0.023333333333333334 0.042692939244663386
0 0.11277777777777778 0.7996715927750411 0.022222222222222223 0.034482758620689655
0 0.5022222222222222 0.7881773399014779 0.023333333333333334 0.029556650246305417
0 0.5166666666666667 0.2536945812807882 0.04777777777777778 0.03940886699507389
0 0.5116666666666667 0.35139573070607555 0.04777777777777778 0.05090311986863711
0 0.6655555555555556 0.6100164203612479 0.023333333333333334 0.03940886699507389
0 0.4488888888888889 0.8177339901477833 0.023333333333333334 0.03284072249589491
0 0.9222222222222223 0.36535303776683087 0.03777777777777778 0.04433497536945813
0 0.5127777777777778 0.32019704433497537 0.04555555555555556 0.03940886699507389
0 0.7472222222222222 0.7955665024630542 0.03666666666666667 0.052545155993431854
0 0.25555555555555554 0.2372742200328407 0.03666666666666667 0.054187192118226604
0 0.6138888888888889 0.3464696223316913 0.03666666666666667 0.052545155993431854
0 0.8705555555555555 0.35385878489326766 0.03666666666666667 0.052545155993431854
0 0.75 0.7085385878489326 0.035555555555555556 0.052545155993431854
0 0.7661111111111111 0.3760262725779967 0.035555555555555556 0.05090311986863711
0 0.715 0.3669950738916256 0.03666666666666667 0.05090311986863711
0 0.7488888888888889 0.7536945812807881 0.035555555555555556 0.047619047619047616
0 0.5044444444444445 0.49014778325123154 0.042222222222222223 0.05090311986863711