0 0.8461111111111111 0.2471264367816092 0.035555555555555556 0.04926108374384237
0 0.5005555555555555 0.4458128078817734 0.04777777777777778 0.047619047619047616
0 0.4177777777777778 0.3899835796387521 0.02666666666666667 0.041050903119868636
0 0.3844444444444444 0.854679802955665 0.027777777777777776 0.041050903119868636
0 0.39555555555555555 0.47126436781609193 0.034444444444444444 0.052545155993431854
0 0.18333333333333332 0.08292282430213464 0.04 0.05747126436781609
0 0.8855555555555555 0.25205254515599346 0.04777777777777778 0.05747126436781609
0 0.14777777777777779 0.764367816091954 0.04111111111111111 0.05747126436781609
0 0.39055555555555554 0.8078817733990148 0.02666666666666667 0.041050903119868636
0 0.5072222222222222 0.09441707717569786 0.025555555555555557 0.042692939244663386
0 0.4288888888888889 0.3054187192118227 0.02666666666666667 0.041050903119868636
0 0.14055555555555554 0.42036124794745483 0.03666666666666667 0.05090311986863711
0 0.5216666666666666 0.2963875205254516 0.04666666666666667 0.047619047619047616
0 0.5105555555555555 0.8760262725779967 0.03111111111111111 0.04597701149425287
0 0.27055555555555555 0.6182266009852216 0.04 0.05582922824302135
0 0.4022222222222222 0.722495894909688 0.02666666666666667 0.03776683087027915
0 0.14277777777777778 0.8070607553366174 0.03888888888888889 0.054187192118226604
0 0.16944444444444445 0.5985221674876847 0.04 0.04926108374384237
0 0.43222222222222223 0.47783251231527096 0.025555555555555557 0.03940886699507389
0 0.8588888888888889 0.9022988505747126 0.03888888888888889 0.04926108374384237
0 0.09888888888888889 0.7536945812807881 0.043333333333333335 0.059113300492610835
0 0.4116666666666667 0.645320197044335 0.02666666666666667 0.041050903119868636
0 0.8005555555555556 0.9178981937602627 0.04111111111111111 0.029556650246305417
0 0.42777777777777776 0.5172413793103449 0.027777777777777776 0.04597701149425287
0 0.545 0.41379310344827586 0.02666666666666667 0.041050903119868636
0 0.7377777777777778 0.6247947454844006 0.03777777777777778 0.05090311986863711
0 0.7877777777777778 0.632183908045977 0.03666666666666667 0.05090311986863711
0 0.11944444444444445 0.5862068965517241 0.04 0.052545155993431854
0 0.6972222222222222 0.5295566502463054 0.03888888888888889 0.054187192118226604
0 0.8727777777777778 0.7783251231527094 0.03888888888888889 0.05090311986863711
0 0.4166666666666667 0.6018062397372742 0.027777777777777776 0.042692939244663386
0 0.5183333333333333 0.3284072249589491 0.04666666666666667 0.04926108374384237
0 0.4222222222222222 0.5599343185550082 0.027777777777777776 0.04597701149425287
0 0.09222222222222222 0.7988505747126436 0.044444444444444446 0.059113300492610835
0 0.1272222222222222 0.11986863711001643 0.044444444444444446 0.05747126436781609
0 0.8627777777777778 0.8604269293924466 0.04 0.05582922824302135
0 0.8683333333333333 0.8177339901477833 0.04 0.05582922824302135
0 0.9205555555555556 0.40229885057471265 0.04 0.05582922824302135
0 0.10277777777777777 0.7134646962233169 0.042222222222222223 0.054187192118226604
0 0.5294444444444445 0.229064039408867 0.04777777777777778 0.04597701149425287
0 0.3972222222222222 0.7651888341543513 0.02666666666666667 0.04433497536945813
0 0.4116666666666667 0.43103448275862066 0.02666666666666667 0.041050903119868636
0 0.6177777777777778 0.34072249589490966 0.03888888888888889 0.054187192118226604
0 0.18 0.5139573070607554 0.03888888888888889 0.05090311986863711
0 0.8011111111111111 0.5509031198686372 0.044444444444444446 0.054187192118226604
0 0.5966666666666667 0.5090311986863711 0.03666666666666667 0.047619047619047616
0 0.5377777777777778 0.16174055829228243 0.04777777777777778 0.04597701149425287
0 0.4066666666666667 0.6839080459770115 0.028888888888888888 0.04433497536945813
0 0.4305555555555556 0.0812807881773399 0.03 0.04597701149425287
0 0.5694444444444444 0.4178981937602627 0.025555555555555557 0.04597701149425287
0 0.5161111111111111 0.8349753694581281 0.03 0.047619047619047616
0 0.8994444444444445 0.5697865353037767 0.03777777777777778 0.04926108374384237
0 0.19666666666666666 0.3891625615763547 0.04111111111111111 0.05747126436781609
0 0.48388888888888887 0.6847290640394089 0.025555555555555557 0.027914614121510674
0 0.4816666666666667 0.7060755336617406 0.02666666666666667 0.031198686371100164
0 0.8094444444444444 0.4688013136288998 0.03888888888888889 0.047619047619047616
0 0.5466666666666666 0.09277504105090312 0.04888888888888889 0.052545155993431854
0 0.5422222222222223 0.1272577996715928 0.04777777777777778 0.05747126436781609
0 0.5338888888888889 0.19458128078817735 0.04888888888888889 0.05747126436781609
0 0.7127777777777777 0.4039408866995074 0.03888888888888889 0.05582922824302135
0 0.3188888888888889 0.24220032840722497 0.04111111111111111 0.05747126436781609
0 0.22666666666666666 0.138752052545156 0.042222222222222223 0.05582922824302135
0 0.5672222222222222 0.33169129720853857 0.03888888888888889 0.052545155993431854
0 0.6516666666666666 0.47865353037766833 0.03777777777777778 0.05090311986863711
0 0.8805555555555555 0.30623973727422005 0.04 0.05582922824302135
0 0.7644444444444445 0.41133004926108374 0.04 0.054187192118226604
0 0.7333333333333333 0.6666666666666666 0.04 0.05582922824302135
0 0.7216666666666667 0.7504105090311987 0.04111111111111111 0.05747126436781609
0 0.29055555555555557 0.05582922824302135 0.043333333333333335 0.06403940886699508
0 0.5727777777777778 0.28981937602627256 0.03666666666666667 0.054187192118226604
0 0.8388888888888889 0.6412151067323482 0.03777777777777778 0.054187192118226604
0 0.64 0.17077175697865354 0.03888888888888889 0.05582922824302135
0 0.6016666666666667 0.4671592775041051 0.03666666666666667 0.05582922824302135
0 0.7283333333333334 0.277504105090312 0.043333333333333335 0.060755336617405585
0 0.8316666666666667 0.2963875205254516 0.042222222222222223 0.060755336617405585
0 0.8588888888888889 0.4753694581280788 0.03777777777777778 0.052545155993431854
0 0.6727777777777778 0.30870279146141216 0.03777777777777778 0.052545155993431854
0 0.865 0.4351395730706076 0.04 0.05582922824302135
0 0.6461111111111111 0.12233169129720854 0.04111111111111111 0.06403940886699508
0 0.5838888888888889 0.20525451559934318 0.04 0.05747126436781609
0 0.8744444444444445 0.35139573070607555 0.04 0.05582922824302135
0 0.8538888888888889 0.5180623973727422 0.03777777777777778 0.05582922824302135
0 0.6633333333333333 0.3949096880131363 0.03777777777777778 0.054187192118226604
0 0.7538888888888889 0.49835796387520526 0.03888888888888889 0.052545155993431854
0 0.3788888888888889 0.1683087027914614 0.04 0.05582922824302135
0 0.38555555555555554 0.12397372742200329 0.03777777777777778 0.054187192118226604
0 0.6672222222222223 0.3505747126436782 0.03888888888888889 0.05747126436781609
0 0.5888888888888889 0.16009852216748768 0.04111111111111111 0.05747126436781609
0 0.6122222222222222 0.38752052545155996 0.04111111111111111 0.05747126436781609
0 0.7588888888888888 0.4540229885057471 0.04111111111111111 0.059113300492610835
0 0.32944444444444443 0.1568144499178982 0.04111111111111111 0.059113300492610835
0 0.6577777777777778 0.4376026272577997 0.03888888888888889 0.054187192118226604
0 0.23277777777777778 0.09523809523809523 0.042222222222222223 0.05582922824302135
0 0.5777777777777777 0.24794745484400657 0.03888888888888889 0.052545155993431854
0 0.2061111111111111 0.3070607553366174 0.043333333333333335 0.05747126436781609
0 0.3411111111111111 0.06486042692939245 0.04111111111111111 0.06568144499178982
0 0.105 0.28653530377668307 0.04111111111111111 0.05582922824302135
0 0.87 0.39326765188834156 0.03777777777777778 0.05090311986863711
0 0.6305555555555555 0.6469622331691297 0.03888888888888889 0.05582922824302135
0 0.7822222222222223 0.674055829228243 0.03666666666666667 0.052545155993431854
0 0.8194444444444444 0.38095238095238093 0.03666666666666667 0.052545155993431854
0 0.5066666666666667 0.4014778325123153 0.04888888888888889 0.06403940886699508
0 0.78 0.28407224958949095 0.03888888888888889 0.059113300492610835
0 0.8255555555555556 0.3390804597701149 0.03777777777777778 0.05090311986863711
0 0.2783333333333333 0.15024630541871922 0.042222222222222223 0.06403940886699508
0 0.7233333333333334 0.32019704433497537 0.03888888888888889 0.05090311986863711
0 0.38333333333333336 0.5533661740558292 0.03777777777777778 0.054187192118226604
0 0.2822222222222222 0.5361247947454844 0.04 0.05747126436781609
0 0.6461111111111111 0.5197044334975369 0.03777777777777778 0.052545155993431854
0 0.8483333333333334 0.5607553366174056 0.03666666666666667 0.052545155993431854
0 0.21166666666666667 0.26354679802955666 0.043333333333333335 0.05747126436781609
0 0.8222222222222222 0.7684729064039408 0.03777777777777778 0.054187192118226604
0 0.3238888888888889 0.20114942528735633 0.03777777777777778 0.05090311986863711
0 0.39055555555555554 0.07881773399014778 0.03888888888888889 0.05582922824302135
0 0.6222222222222222 0.2996715927750411 0.035555555555555556 0.04926108374384237
0 0.6411111111111111 0.5607553366174056 0.04 0.054187192118226604
0 0.9044444444444445 0.5270935960591133 0.03888888888888889 0.054187192118226604
0 0.09944444444444445 0.3308702791461412 0.04111111111111111 0.05582922824302135
0 0.6283333333333333 0.25779967159277506 0.03888888888888889 0.054187192118226604
0 0.2872222222222222 0.49014778325123154 0.03777777777777778 0.054187192118226604
0 0.33444444444444443 0.1116584564860427 0.04 0.052545155993431854
0 0.28444444444444444 0.10426929392446634 0.044444444444444446 0.05747126436781609
0 0.43277777777777776 0.26354679802955666 0.027777777777777776 0.04433497536945813
0 0.27666666666666667 0.5779967159277504 0.03888888888888889 0.04926108374384237
0 0.14555555555555555 0.3793103448275862 0.04111111111111111 0.05747126436781609
0 0.8166666666666667 0.8103448275862069 0.04 0.05582922824302135
0 0.6338888888888888 0.21510673234811165 0.03666666666666667 0.052545155993431854
0 0.6066666666666667 0.42610837438423643 0.03666666666666667 0.04597701149425287
0 0.7116666666666667 0.8308702791461412 0.03888888888888889 0.054187192118226604
0 0.18555555555555556 0.47372742200328405 0.043333333333333335 0.059113300492610835
0 0.9316666666666666 0.31444991789819376 0.04111111111111111 0.060755336617405585
0 0.5211111111111111 0.7914614121510674 0.03222222222222222 0.052545155993431854
0 0.5916666666666667 0.5500821018062397 0.03777777777777778 0.05747126436781609
0 0.30777777777777776 0.32676518883415434 0.04 0.054187192118226604
0 0.30277777777777776 0.3694581280788177 0.04 0.05747126436781609
0 0.6716666666666666 0.7380952380952381 0.04111111111111111 0.060755336617405585
0 0.31333333333333335 0.2857142857142857 0.04111111111111111 0.054187192118226604
0 0.7277777777777777 0.7077175697865353 0.04111111111111111 0.05582922824302135
0 0.7733333333333333 0.33251231527093594 0.04 0.05747126436781609
0 0.5866666666666667 0.5952380952380952 0.04 0.05747126436781609
0 0.6772222222222222 0.69376026272578 0.03777777777777778 0.052545155993431854
0 0.16722222222222222 0.21182266009852216 0.04 0.05582922824302135
0 0.7177777777777777 0.361247947454844 0.03888888888888889 0.054187192118226604
0 0.16333333333333333 0.6395730706075534 0.042222222222222223 0.059113300492610835
0 0.8888888888888888 0.6535303776683087 0.03888888888888889 0.054187192118226604
0 0.7766666666666666 0.7167487684729064 0.03777777777777778 0.05582922824302135
0 0.46055555555555555 0.26683087027914615 0.027777777777777776 0.04597701149425287
0 0.9105555555555556 0.4860426929392447 0.03777777777777778 0.04926108374384237
0 0.5644444444444444 0.4614121510673235 0.028888888888888888 0.047619047619047616
0 0.7616666666666667 0.8415435139573071 0.04111111111111111 0.05582922824302135
0 0.17666666666666667 0.12889983579638753 0.04111111111111111 0.05747126436781609
0 0.19055555555555556 0.43103448275862066 0.04111111111111111 0.052545155993431854
0 0.915 0.4458128078817734 0.03888888888888889 0.054187192118226604
0 0.5316666666666666 0.7110016420361248 0.028888888888888888 0.047619047619047616
0 0.8438888888888889 0.6001642036124795 0.03333333333333333 0.04926108374384237
0 0.39055555555555554 0.5106732348111659 0.034444444444444444 0.05090311986863711
0 0.6811111111111111 0.6551724137931034 0.03777777777777778 0.054187192118226604
0 0.2222222222222222 0.17980295566502463 0.03888888888888889 0.05090311986863711
0 0.5261111111111111 0.2627257799671593 0.04777777777777778 0.05582922824302135
0 0.6555555555555556 0.8620689655172413 0.04 0.05582922824302135
0 0.21666666666666667 0.22167487684729065 0.04111111111111111 0.05582922824302135
0 0.7666666666666667 0.7996715927750411 0.043333333333333335 0.059113300492610835
0 0.11 0.24466338259441708 0.042222222222222223 0.054187192118226604
0 0.45 0.35139573070607555 0.02666666666666667 0.041050903119868636
0 0.15166666666666667 0.33579638752052543 0.04111111111111111 0.052545155993431854
0 0.8066666666666666 0.8908045977011494 0.04111111111111111 0.05582922824302135
0 0.1322222222222222 0.0722495894909688 0.042222222222222223 0.06239737274220033
0 0.7727777777777778 0.7577996715927751 0.03888888888888889 0.04926108374384237
0 0.6605555555555556 0.8201970443349754 0.04 0.05747126436781609
0 0.2011111111111111 0.34811165845648606 0.04111111111111111 0.05090311986863711
0 0.5372222222222223 0.6699507389162561 0.03111111111111111 0.04597701149425287
0 0.425 0.1297208538587849 0.028888888888888888 0.04597701149425287
0 0.4222222222222222 0.34893267651888343 0.025555555555555557 0.03940886699507389
0 0.47555555555555556 0.13793103448275862 0.024444444444444446 0.042692939244663386
0 0.11555555555555555 0.2044334975369458 0.042222222222222223 0.054187192118226604
0 0.7566666666666667 0.8842364532019704 0.042222222222222223 0.05582922824302135
0 0.8944444444444445 0.6108374384236454 0.04 0.05747126436781609
0 0.5338888888888889 0.49835796387520526 0.02666666666666667 0.042692939244663386
0 0.46555555555555556 0.2257799671592775 0.027777777777777776 0.04597701149425287
0 0.7072222222222222 0.44499178981937604 0.03777777777777778 0.052545155993431854
0 0.7161111111111111 0.7906403940886699 0.03777777777777778 0.05090311986863711
0 0.5016666666666667 0.14532019704433496 0.025555555555555557 0.042692939244663386
0 0.555 0.5435139573070608 0.02666666666666667 0.041050903119868636
0 0.8116666666666666 0.8530377668308703 0.03888888888888889 0.04926108374384237
0 0.8055555555555556 0.5090311986863711 0.043333333333333335 0.05747126436781609
0 0.2966666666666667 0.409688013136289 0.03888888888888889 0.047619047619047616
0 0.7 0.9129720853858785 0.04 0.05747126436781609
0 0.13555555555555557 0.45977011494252873 0.03888888888888889 0.054187192118226604
0 0.7061111111111111 0.8727422003284072 0.03888888888888889 0.05090311986863711
0 0.15611111111111112 0.29720853858784896 0.042222222222222223 0.052545155993431854
0 0.2916666666666667 0.4482758620689655 0.03666666666666667 0.05582922824302135
0 0.53 0.5369458128078818 0.025555555555555557 0.03940886699507389
0 0.1288888888888889 0.5032840722495895 0.04111111111111111 0.059113300492610835
0 0.8272222222222222 0.7274220032840722 0.03777777777777778 0.05090311986863711
0 0.43833333333333335 0.4376026272577997 0.027777777777777776 0.042692939244663386
0 0.7688888888888888 0.37192118226600984 0.03888888888888889 0.04926108374384237
0 0.6866666666666666 0.6133004926108374 0.03777777777777778 0.052545155993431854
0 0.7027777777777777 0.4876847290640394 0.04 0.05582922824302135
0 0.5594444444444444 0.5016420361247947 0.027777777777777776 0.047619047619047616
0 0.5488888888888889 0.583743842364532 0.027777777777777776 0.04597701149425287
0 0.4438888888888889 0.3924466338259442 0.027777777777777776 0.047619047619047616
0 0.47 0.18472906403940886 0.02666666666666667 0.041050903119868636
0 0.5394444444444444 0.4548440065681445 0.02666666666666667 0.04433497536945813
0 0.5266666666666666 0.7520525451559934 0.028888888888888888 0.04433497536945813
0 0.41944444444444445 0.17405582922824303 0.025555555555555557 0.03940886699507389
0 0.12111111111111111 0.16009852216748768 0.043333333333333335 0.059113300492610835
0 0.8833333333333333 0.6962233169129721 0.03888888888888889 0.052545155993431854
0 0.1238888888888889 0.5476190476190477 0.04111111111111111 0.05582922824302135
0 0.11277777777777778 0.6272577996715928 0.04 0.05582922824302135
0 0.7427777777777778 0.583743842364532 0.03888888888888889 0.054187192118226604
0 0.6655555555555556 0.7783251231527094 0.03888888888888889 0.05090311986863711
0 0.16166666666666665 0.25533661740558294 0.042222222222222223 0.060755336617405585
0 0.17222222222222222 0.16912972085385877 0.03666666666666667 0.05090311986863711
0 0.925 0.361247947454844 0.03666666666666667 0.05090311986863711
0 0.15333333333333332 0.7208538587848933 0.04 0.05582922824302135
0 0.8788888888888889 0.7372742200328407 0.03777777777777778 0.052545155993431854
0 0.10833333333333334 0.6707717569786535 0.04 0.05582922824302135
0 0.15777777777777777 0.6814449917898193 0.04111111111111111 0.052545155993431854
0 0.455 0.30870279146141216 0.025555555555555557 0.041050903119868636
0 0.4811111111111111 0.090311986863711 0.027777777777777776 0.04597701149425287
0 0.7933333333333333 0.590311986863711 0.03888888888888889 0.054187192118226604
0 0.65 0.9055829228243021 0.04111111111111111 0.05747126436781609
0 0.5433333333333333 0.625615763546798 0.027777777777777776 0.04433497536945813
0 0.17333333333333334 0.5566502463054187 0.042222222222222223 0.060755336617405585
0 0.6916666666666667 0.5706075533661741 0.04 0.05582922824302135
0 0.43722222222222223 0.22249589490968802 0.02666666666666667 0.041050903119868636
0 0.7511111111111111 0.9170771756978654 0.042222222222222223 0.03940886699507389
0 0.7483333333333333 0.5410509031198686 0.04 0.05582922824302135
0 0.5961111111111111 0.11494252873563218 0.04111111111111111 0.060755336617405585
0 0.6777777777777778 0.26683087027914615 0.03666666666666667 0.052545155993431854
0 0.8327777777777777 0.6863711001642037 0.03888888888888889 0.05582922824302135
0 0.6366666666666667 0.6018062397372742 0.04 0.05582922824302135
0 0.23944444444444443 0.046798029556650245 0.042222222222222223 0.06403940886699508
0 0.8138888888888889 0.42610837438423643 0.04111111111111111 0.059113300492610835
0 0.5616666666666666 0.3727422003284072 0.03888888888888889 0.054187192118226604