0 0.5927777777777777 0.7314662273476112 0.024444444444444446 0.03789126853377265
0 0.13 0.8607907742998353 0.024444444444444446 0.036243822075782535
0 0.23222222222222222 0.3871499176276771 0.04 0.03130148270181219
0 0.5155555555555555 0.7380560131795717 0.021111111111111112 0.02800658978583196
0 0.1272222222222222 0.7784184514003295 0.024444444444444446 0.03459637561779242
0 0.10111111111111111 0.7808896210873146 0.022222222222222223 0.03459637561779242
0 0.49277777777777776 0.36902800658978585 0.043333333333333335 0.03789126853377265
0 0.49166666666666664 0.3393739703459638 0.04111111111111111 0.039538714991762765
0 0.15833333333333333 0.9003294892915981 0.025555555555555557 0.03789126853377265
0 0.155 0.8130148270181219 0.022222222222222223 0.03459637561779242
0 0.5961111111111111 0.7726523887973641 0.024444444444444446 0.03459637561779242
0 0.15444444444444444 0.7742998352553542 0.023333333333333334 0.036243822075782535
0 0.10277777777777777 0.8196046128500823 0.024444444444444446 0.036243822075782535
0 0.4866666666666667 0.2026359143327842 0.044444444444444446 0.032948929159802305
0 0.365 0.8369028006589786 0.022222222222222223 0.036243822075782535
0 0.48833333333333334 0.2685337726523888 0.042222222222222223 0.03459637561779242
0 0.07611111111111112 0.7825370675453048 0.025555555555555557 0.036243822075782535
0 0.07777777777777778 0.8212520593080724 0.025555555555555557 0.03459637561779242
0 0.34055555555555556 0.8393739703459637 0.024444444444444446 0.036243822075782535
0 0.15722222222222224 0.857495881383855 0.024444444444444446 0.04118616144975288
0 0.12944444444444445 0.8163097199341022 0.025555555555555557 0.039538714991762765
0 0.5555555555555556 0.40197693574958815 0.022222222222222223 0.03459637561779242
0 0.28055555555555556 0.25617792421746294 0.035555555555555556 0.044481054365733116
0 0.6038888888888889 0.6894563426688632 0.034444444444444444 0.04612850082372323
0 0.62 0.771004942339374 0.024444444444444446 0.036243822075782535
0 0.3622222222222222 0.7932454695222405 0.022222222222222223 0.03789126853377265
0 0.36 0.7537067545304778 0.022222222222222223 0.03459637561779242
0 0.13833333333333334 0.7347611202635914 0.04111111111111111 0.044481054365733116
0 0.33611111111111114 0.7561779242174629 0.023333333333333334 0.03459637561779242
0 0.085 0.6968698517298187 0.04111111111111111 0.042833607907743
0 0.08611111111111111 0.7388797364085667 0.042222222222222223 0.051070840197693576
0 0.09388888888888888 0.5280065897858319 0.024444444444444446 0.032948929159802305
0 0.06777777777777778 0.5304777594728172 0.023333333333333334 0.03459637561779242
0 0.48444444444444446 0.16886326194398682 0.043333333333333335 0.04118616144975288
0 0.09444444444444444 0.5683690280065898 0.025555555555555557 0.03789126853377265
0 0.06444444444444444 0.4489291598023064 0.025555555555555557 0.036243822075782535
0 0.3377777777777778 0.7957166392092258 0.024444444444444446 0.03789126853377265
0 0.6183333333333333 0.7314662273476112 0.023333333333333334 0.039538714991762765
0 0.0661111111111111 0.48846787479406917 0.025555555555555557 0.032948929159802305
0 0.8994444444444445 0.23805601317957167 0.03777777777777778 0.042833607907743
0 0.44166666666666665 0.7891268533772653 0.023333333333333334 0.036243822075782535
0 0.09166666666666666 0.4464579901153213 0.023333333333333334 0.036243822075782535
0 0.48388888888888887 0.1342668863261944 0.044444444444444446 0.04118616144975288
0 0.13666666666666666 0.6927512355848435 0.03777777777777778 0.04612850082372323
0 0.8977777777777778 0.19934102141680396 0.03777777777777778 0.044481054365733116
0 0.46444444444444444 0.7446457990115322 0.022222222222222223 0.03459637561779242
0 0.2816666666666667 0.29736408566721584 0.034444444444444444 0.04118616144975288
0 0.4661111111111111 0.78665568369028 0.023333333333333334 0.036243822075782535
0 0.44 0.7479406919275123 0.024444444444444446 0.036243822075782535
0 0.7077777777777777 0.6803953871499177 0.03888888888888889 0.047775947281713346
0 0.19111111111111112 0.729818780889621 0.04 0.04942339373970346
0 0.5566666666666666 0.44233937397034595 0.02666666666666667 0.039538714991762765
0 0.49722222222222223 0.5214168039538715 0.03 0.03789126853377265
0 0.6955555555555556 0.34596375617792424 0.03888888888888889 0.044481054365733116
0 0.09222222222222222 0.48517298187808894 0.02666666666666667 0.03789126853377265
0 0.8472222222222222 0.24382207578253706 0.035555555555555556 0.044481054365733116
0 0.12666666666666668 0.3130148270181219 0.03888888888888889 0.04942339373970346
0 0.4872222222222222 0.2355848434925865 0.044444444444444446 0.04612850082372323
0 0.3477777777777778 0.71499176276771 0.04 0.047775947281713346
0 0.07444444444444444 0.3616144975288303 0.03777777777777778 0.044481054365733116
0 0.18944444444444444 0.6886326194398682 0.03666666666666667 0.044481054365733116
0 0.08388888888888889 0.6532125205930808 0.04111111111111111 0.054365733113673806
0 0.7594444444444445 0.6746293245469522 0.03666666666666667 0.04612850082372323
0 0.17833333333333334 0.30807248764415157 0.03888888888888889 0.047775947281713346
0 0.07444444444444444 0.31795716639209226 0.03888888888888889 0.04942339373970346
0 0.8483333333333334 0.28747940691927515 0.03666666666666667 0.04612850082372323
0 0.8077777777777778 0.5831960461285008 0.03888888888888889 0.051070840197693576
0 0.8111111111111111 0.6680395387149918 0.035555555555555556 0.044481054365733116
0 0.8094444444444444 0.627677100494234 0.035555555555555556 0.044481054365733116
0 0.4905555555555556 0.3014827018121911 0.042222222222222223 0.042833607907743
0 0.3461111111111111 0.6705107084019769 0.04 0.047775947281713346
0 0.7444444444444445 0.2528830313014827 0.03777777777777778 0.051070840197693576
0 0.7572222222222222 0.5873146622734761 0.03888888888888889 0.04942339373970346
0 0.07611111111111112 0.40444810543657334 0.04 0.044481054365733116
0 0.3983333333333333 0.7084019769357496 0.03666666666666667 0.042833607907743
0 0.23166666666666666 0.34514003294892914 0.03777777777777778 0.04612850082372323
0 0.345 0.6268533772652389 0.035555555555555556 0.04612850082372323
0 0.7577777777777778 0.6334431630971994 0.03666666666666667 0.04612850082372323
0 0.7055555555555556 0.6400329489291599 0.03666666666666667 0.044481054365733116
0 0.2827777777777778 0.3401976935749588 0.03888888888888889 0.047775947281713346
0 0.2788888888888889 0.2100494233937397 0.03666666666666667 0.05271828665568369
0 0.6033333333333334 0.6466227347611203 0.034444444444444444 0.044481054365733116
0 0.23055555555555557 0.3039538714991763 0.034444444444444444 0.042833607907743
0 0.6422222222222222 0.30724876441515653 0.03333333333333333 0.039538714991762765
0 0.9 0.2825370675453048 0.04 0.04942339373970346
0 0.1361111111111111 0.6474464579901154 0.03888888888888889 0.054365733113673806
0 0.3877777777777778 0.3731466227347611 0.03666666666666667 0.04612850082372323
0 0.6544444444444445 0.64332784184514 0.03666666666666667 0.044481054365733116
0 0.7033333333333334 0.5939044481054365 0.03888888888888889 0.051070840197693576
0 0.335 0.3369028006589786 0.03666666666666667 0.044481054365733116
0 0.43944444444444447 0.3673805601317957 0.03777777777777778 0.047775947281713346
0 0.6533333333333333 0.5980230642504119 0.03888888888888889 0.04942339373970346
0 0.7466666666666667 0.29654036243822074 0.035555555555555556 0.042833607907743
0 0.8955555555555555 0.15238879736408567 0.04 0.05601317957166392
0 0.6927777777777778 0.30230642504118616 0.03666666666666667 0.04612850082372323
0 0.6922222222222222 0.25947281713344317 0.03777777777777778 0.04942339373970346
0 0.5888888888888889 0.2701812191103789 0.035555555555555556 0.04942339373970346
0 0.6022222222222222 0.6029654036243822 0.03888888888888889 0.051070840197693576
0 0.5533333333333333 0.6943986820428336 0.03777777777777778 0.04612850082372323
0 0.49444444444444446 0.4415156507413509 0.043333333333333335 0.04942339373970346
0 0.5516666666666666 0.6523887973640856 0.03777777777777778 0.044481054365733116
0 0.8455555555555555 0.19934102141680396 0.03888888888888889 0.051070840197693576
0 0.3977777777777778 0.6680395387149918 0.035555555555555556 0.044481054365733116
0 0.33611111111111114 0.37808896210873144 0.03666666666666667 0.047775947281713346
0 0.6555555555555556 0.6861614497528831 0.04 0.047775947281713346
0 0.2288888888888889 0.2586490939044481 0.03777777777777778 0.051070840197693576
0 0.795 0.24794069192751236 0.03888888888888889 0.051070840197693576
0 0.4388888888888889 0.32537067545304776 0.03777777777777778 0.042833607907743
0 0.45055555555555554 0.7042833607907742 0.03666666666666667 0.044481054365733116
0 0.6444444444444445 0.3500823723228995 0.03777777777777778 0.04942339373970346
0 0.45 0.6622734761120264 0.035555555555555556 0.04612850082372323
0 0.3861111111111111 0.3319604612850082 0.03666666666666667 0.042833607907743
0 0.38666666666666666 0.2883031301482702 0.03888888888888889 0.051070840197693576
0 0.39611111111111114 0.6227347611202636 0.03888888888888889 0.051070840197693576
0 0.5911111111111111 0.313838550247117 0.035555555555555556 0.044481054365733116
0 0.1288888888888889 0.3953871499176277 0.03888888888888889 0.05601317957166392
0 0.4388888888888889 0.2833607907742998 0.03777777777777778 0.047775947281713346
0 0.7472222222222222 0.3401976935749588 0.03888888888888889 0.051070840197693576
0 0.6411111111111111 0.2627677100494234 0.03777777777777778 0.05271828665568369
0 0.5416666666666666 0.3624382207578254 0.04111111111111111 0.04942339373970346
0 0.5405555555555556 0.31960461285008235 0.03666666666666667 0.042833607907743
0 0.3338888888888889 0.2907742998352554 0.03777777777777778 0.051070840197693576
0 0.5927777777777777 0.35667215815486 0.03777777777777778 0.04942339373970346
0 0.4488888888888889 0.6177924217462932 0.04 0.04942339373970346
0 0.7988888888888889 0.33360790774299837 0.03888888888888889 0.04942339373970346
0 0.7972222222222223 0.2932454695222405 0.03666666666666667 0.04612850082372323
0 0.5394444444444444 0.2742998352553542 0.03888888888888889 0.051070840197693576
0 0.18833333333333332 0.642504118616145 0.04111111111111111 0.054365733113673806
0 0.5494444444444444 0.6070840197693574 0.04 0.05271828665568369
0 0.18 0.38879736408566723 0.04 0.054365733113673806
0 0.49722222222222223 0.48517298187808894 0.04 0.044481054365733116