0 0.696875 0.3291139240506329 0.02625 0.03322784810126582
0 0.301875 0.6360759493670886 0.03875 0.04588607594936709
0 0.476875 0.6661392405063291 0.025 0.03164556962025317
0 0.485 0.3829113924050633 0.03875 0.03322784810126582
0 0.805625 0.3314873417721519 0.025 0.02689873417721519
0 0.818125 0.3615506329113924 0.0375 0.030063291139240507
0 0.653125 0.33069620253164556 0.03375 0.03164556962025317
0 0.246875 0.6416139240506329 0.03625 0.03481012658227848
0 0.474375 0.6930379746835443 0.02375 0.02531645569620253
0 0.160625 0.47943037974683544 0.02375 0.03164556962025317
0 0.63125 0.6471518987341772 0.03875 0.0379746835443038
0 0.689375 0.42563291139240506 0.025 0.030063291139240507
0 0.1375 0.4129746835443038 0.02375 0.028481012658227847
0 0.708125 0.5213607594936709 0.02625 0.028481012658227847
0 0.135 0.4454113924050633 0.0225 0.02689873417721519
0 0.124375 0.7990506329113924 0.04 0.03639240506329114
0 0.08375 0.6068037974683544 0.03625 0.03639240506329114
0 0.635625 0.5838607594936709 0.03875 0.0379746835443038
0 0.193125 0.6083860759493671 0.03625 0.03639240506329114
0 0.289375 0.8014240506329114 0.03625 0.03639240506329114
0 0.2625 0.41930379746835444 0.03625 0.03481012658227848
0 0.131875 0.7017405063291139 0.03875 0.0379746835443038
0 0.1325 0.4778481012658228 0.025 0.03164556962025317
0 0.82625 0.42800632911392406 0.0275 0.03481012658227848
0 0.165625 0.41455696202531644 0.0275 0.0379746835443038
0 0.506875 0.8386075949367089 0.035 0.03322784810126582
0 0.305 0.5799050632911392 0.03625 0.03481012658227848
0 0.0875 0.5427215189873418 0.035 0.03481012658227848
0 0.128125 0.7666139240506329 0.0375 0.03481012658227848
0 0.129375 0.7349683544303798 0.03625 0.03481012658227848
0 0.3175 0.4177215189873418 0.03375 0.03322784810126582
0 0.241875 0.7080696202531646 0.0375 0.0379746835443038
0 0.16375 0.44699367088607594 0.025 0.02689873417721519
0 0.089375 0.5110759493670886 0.035 0.03481012658227848
0 0.71375 0.4588607594936709 0.02625 0.030063291139240507
0 0.760625 0.3963607594936709 0.03625 0.03322784810126582
0 0.123125 0.8322784810126582 0.03875 0.03639240506329114
0 0.535625 0.4541139240506329 0.03375 0.03481012658227848
0 0.515625 0.7112341772151899 0.03625 0.03164556962025317
0 0.716875 0.4264240506329114 0.0275 0.03481012658227848
0 0.761875 0.3623417721518987 0.0375 0.04430379746835443
0 0.429375 0.3876582278481013 0.0375 0.04430379746835443
0 0.69375 0.5522151898734177 0.03875 0.03955696202531646
0 0.511875 0.7737341772151899 0.035 0.030063291139240507
0 0.255625 0.5142405063291139 0.03625 0.03481012658227848
0 0.71125 0.4897151898734177 0.025 0.03164556962025317
0 0.260625 0.44936708860759494 0.03625 0.03481012658227848
0 0.085625 0.5743670886075949 0.03625 0.03481012658227848
0 0.2525 0.5458860759493671 0.0375 0.03481012658227848
0 0.50625 0.870253164556962 0.0325 0.03639240506329114
0 0.855625 0.5870253164556962 0.03625 0.0379746835443038
0 0.64 0.5197784810126582 0.035 0.03322784810126582
0 0.870625 0.36313291139240506 0.0375 0.04113924050632911
0 0.870625 0.3987341772151899 0.03875 0.03639240506329114
0 0.195625 0.5751582278481012 0.035 0.03639240506329114
0 0.595 0.3916139240506329 0.03375 0.03481012658227848
0 0.86 0.5237341772151899 0.035 0.03481012658227848
0 0.8025 0.5537974683544303 0.03625 0.03955696202531646
0 0.53125 0.5174050632911392 0.0325 0.03481012658227848
0 0.09375 0.4454113924050633 0.035 0.03322784810126582
0 0.19875 0.5435126582278481 0.035 0.03322784810126582
0 0.649375 0.3924050632911392 0.035 0.03481012658227848
0 0.235 0.803006329113924 0.0375 0.0379746835443038
0 0.753125 0.4920886075949367 0.03625 0.0379746835443038
0 0.18375 0.7697784810126582 0.03625 0.03639240506329114
0 0.858125 0.555379746835443 0.03625 0.03481012658227848
0 0.3725 0.4200949367088608 0.035 0.04113924050632911
0 0.32 0.38449367088607594 0.035 0.0379746835443038
0 0.54 0.38686708860759494 0.03875 0.04588607594936709
0 0.755625 0.45806962025316456 0.035 0.03322784810126582
0 0.52625 0.5822784810126582 0.035 0.03481012658227848
0 0.520625 0.6471518987341772 0.0375 0.03639240506329114
0 0.795625 0.6526898734177216 0.0375 0.0379746835443038
0 0.201875 0.5142405063291139 0.035 0.03322784810126582
0 0.19125 0.6400316455696202 0.0375 0.03639240506329114
0 0.090625 0.47705696202531644 0.03375 0.03639240506329114
0 0.095625 0.41455696202531644 0.035 0.03481012658227848
0 0.683125 0.6819620253164557 0.03875 0.04272151898734177
0 0.7575 0.4272151898734177 0.0375 0.03481012658227848
0 0.643125 0.48813291139240506 0.03375 0.03639240506329114
0 0.250625 0.5791139240506329 0.0375 0.0379746835443038
0 0.140625 0.5751582278481012 0.03625 0.03481012658227848
0 0.514375 0.7420886075949367 0.0375 0.03639240506329114
0 0.0975 0.3829113924050633 0.03625 0.03481012658227848
0 0.1375 0.6075949367088608 0.0375 0.03639240506329114
0 0.593125 0.42325949367088606 0.03625 0.0379746835443038
0 0.19 0.6740506329113924 0.03875 0.0379746835443038
0 0.209375 0.3829113924050633 0.035 0.03955696202531646
0 0.313125 0.4833860759493671 0.0375 0.0379746835443038
0 0.523125 0.6147151898734177 0.03625 0.0379746835443038
0 0.518125 0.6795886075949367 0.0375 0.0379746835443038
0 0.533125 0.4849683544303797 0.035 0.03322784810126582
0 0.645625 0.45569620253164556 0.03625 0.03481012658227848
0 0.306875 0.5466772151898734 0.03625 0.0379746835443038
0 0.31625 0.4501582278481013 0.035 0.0379746835443038
0 0.2575 0.48180379746835444 0.0375 0.03639240506329114
0 0.20625 0.4485759493670886 0.0325 0.03481012658227848
0 0.2075 0.41693037974683544 0.03375 0.03481012658227848
0 0.1 0.34889240506329117 0.03875 0.03955696202531646
0 0.264375 0.3852848101265823 0.0375 0.04272151898734177
0 0.5275 0.5506329113924051 0.03375 0.03481012658227848
0 0.20375 0.48180379746835444 0.035 0.0379746835443038
0 0.509375 0.8061708860759493 0.03875 0.04113924050632911
0 0.6475 0.42325949367088606 0.0375 0.03639240506329114
0 0.143125 0.5419303797468354 0.03875 0.0379746835443038
0 0.145 0.3188291139240506 0.025 0.030063291139240507
0 0.17375 0.31566455696202533 0.02375 0.030063291139240507
0 0.455625 0.7848101265822784 0.03125 0.03164556962025317
0 0.074375 0.7341772151898734 0.03375 0.03481012658227848
0 0.30375 0.6147151898734177 0.03625 0.04430379746835443
0 0.650625 0.3575949367088608 0.035 0.04113924050632911
0 0.599375 0.32674050632911394 0.03625 0.03164556962025317
0 0.480625 0.4375 0.03875 0.0379746835443038
0 0.681875 0.4897151898734177 0.02625 0.03322784810126582
0 0.071875 0.7658227848101266 0.0375 0.03481012658227848
0 0.688125 0.6170886075949367 0.03625 0.03639240506329114
0 0.706875 0.36313291139240506 0.03375 0.0379746835443038
0 0.685625 0.45569620253164556 0.025 0.02531645569620253
0 0.62875 0.6811708860759493 0.03625 0.0379746835443038
0 0.15375 0.3813291139240506 0.03625 0.03322784810126582
0 0.08 0.6384493670886076 0.035 0.03639240506329114
0 0.296875 0.7064873417721519 0.0375 0.03639240506329114
0 0.310625 0.5134493670886076 0.03375 0.03164556962025317
0 0.29375 0.7381329113924051 0.03625 0.03639240506329114
0 0.23125 0.8662974683544303 0.03625 0.03164556962025317
0 0.233125 0.8362341772151899 0.035 0.03481012658227848
0 0.1875 0.7056962025316456 0.035 0.030063291139240507
0 0.185 0.7357594936708861 0.0375 0.0379746835443038
0 0.285625 0.865506329113924 0.0375 0.03164556962025317
0 0.076875 0.7025316455696202 0.03625 0.03481012658227848
0 0.07875 0.6700949367088608 0.03625 0.03322784810126582
0 0.8 0.5878164556962026 0.0375 0.03481012658227848
0 0.793125 0.49287974683544306 0.02375 0.03481012658227848
0 0.15625 0.3504746835443038 0.035 0.03639240506329114
0 0.2375 0.7697784810126582 0.0375 0.03481012658227848
0 0.066875 0.8299050632911392 0.03875 0.03639240506329114
0 0.815625 0.39319620253164556 0.03875 0.03955696202531646
0 0.69 0.5862341772151899 0.03625 0.03481012658227848
0 0.28875 0.8346518987341772 0.03625 0.03639240506329114
0 0.865625 0.46044303797468356 0.035 0.03322784810126582
0 0.24 0.7389240506329114 0.0375 0.03322784810126582
0 0.62375 0.745253164556962 0.03625 0.03639240506329114
0 0.63375 0.615506329113924 0.0375 0.03481012658227848
0 0.68625 0.6479430379746836 0.03625 0.03481012658227848
0 0.6375 0.5514240506329114 0.03625 0.03322784810126582
0 0.244375 0.6740506329113924 0.04 0.03639240506329114
0 0.2925 0.7689873417721519 0.035 0.03481012658227848
0 0.135625 0.6392405063291139 0.03625 0.03639240506329114
0 0.374375 0.38449367088607594 0.03125 0.03639240506329114
0 0.15875 0.5110759493670886 0.02625 0.028481012658227847
0 0.868125 0.4319620253164557 0.03625 0.03322784810126582
0 0.13375 0.6700949367088608 0.03875 0.03481012658227848
0 0.48 0.6471518987341772 0.02125 0.014240506329113924
0 0.479375 0.6313291139240507 0.0225 0.015822784810126583
0 0.4825 0.6162974683544303 0.02125 0.01740506329113924
0 0.4825 0.6012658227848101 0.01875 0.015822784810126583
0 0.4825 0.5830696202531646 0.02 0.0189873417721519
0 0.475 0.5332278481012658 0.02875 0.012658227848101266
0 0.49 0.3275316455696203 0.03875 0.03955696202531646
0 0.72375 0.3322784810126582 0.0275 0.03164556962025317
0 0.83375 0.33069620253164556 0.02625 0.03164556962025317
0 0.484375 0.5664556962025317 0.02125 0.020569620253164556
0 0.483125 0.4098101265822785 0.0375 0.02689873417721519
0 0.478125 0.4936708860759494 0.03375 0.02689873417721519
0 0.476875 0.5166139240506329 0.0375 0.02531645569620253
0 0.4875 0.3560126582278481 0.0375 0.023734177215189875
0 0.538125 0.4224683544303797 0.03625 0.03481012658227848
0 0.86375 0.4912974683544304 0.035 0.03322784810126582
0 0.3 0.6748417721518988 0.03875 0.0379746835443038
0 0.798125 0.4272151898734177 0.02375 0.030063291139240507
0 0.5975 0.35680379746835444 0.03375 0.0379746835443038
0 0.824375 0.4596518987341772 0.025 0.028481012658227847
0 0.81875 0.5237341772151899 0.0275 0.030063291139240507
0 0.795625 0.45806962025316456 0.0225 0.028481012658227847
0 0.249375 0.6115506329113924 0.03375 0.03322784810126582
0 0.465 0.8409810126582279 0.0225 0.023734177215189875
0 0.625625 0.7128164556962026 0.03625 0.0379746835443038
0 0.063125 0.8631329113924051 0.04125 0.03639240506329114
0 0.821875 0.4920886075949367 0.02625 0.030063291139240507
0 0.07 0.7974683544303798 0.03625 0.03481012658227848
0 0.464375 0.8670886075949367 0.025 0.028481012658227847
0 0.70375 0.3939873417721519 0.035 0.03322784810126582
0 0.38 0.3235759493670886 0.03625 0.04113924050632911
0 0.3775 0.3536392405063291 0.0375 0.028481012658227847
0 0.7975 0.6186708860759493 0.03625 0.03322784810126582