0 0.25466666666666665 0.9561538461538461 0.042666666666666665 0.04461538461538461
0 0.622 0.6292307692307693 0.042666666666666665 0.047692307692307694
0 0.4686666666666667 0.8607692307692307 0.042666666666666665 0.04461538461538461
0 0.8233333333333334 0.7953846153846154 0.04133333333333333 0.043076923076923075
0 0.358 0.8907692307692308 0.04533333333333334 0.047692307692307694
0 0.77 0.8084615384615385 0.04133333333333333 0.043076923076923075
0 0.6093333333333333 0.8561538461538462 0.04133333333333333 0.04
0 0.44733333333333336 0.7553846153846154 0.04133333333333333 0.043076923076923075
0 0.33066666666666666 0.7492307692307693 0.042666666666666665 0.043076923076923075
0 0.9 0.5930769230769231 0.04666666666666667 0.05076923076923077
0 0.31 0.34307692307692306 0.04 0.047692307692307694
0 0.7833333333333333 0.5846153846153846 0.04 0.04153846153846154
0 0.122 0.5853846153846154 0.037333333333333336 0.04
0 0.588 0.7507692307692307 0.042666666666666665 0.047692307692307694
0 0.81 0.7253846153846154 0.042666666666666665 0.04153846153846154
0 0.49266666666666664 0.7038461538461539 0.03866666666666667 0.038461538461538464
0 0.37133333333333335 0.6646153846153846 0.03866666666666667 0.04153846153846154
0 0.756 0.7415384615384616 0.04 0.038461538461538464
0 0.874 0.4584615384615385 0.04666666666666667 0.05076923076923077
0 0.3453333333333333 0.8207692307692308 0.042666666666666665 0.043076923076923075
0 0.736 0.6338461538461538 0.042666666666666665 0.04
0 0.838 0.5723076923076923 0.042666666666666665 0.04461538461538461
0 0.206 0.71 0.042666666666666665 0.04461538461538461
0 0.352 0.8538461538461538 0.042666666666666665 0.043076923076923075
0 0.44266666666666665 0.21923076923076923 0.032 0.036923076923076927
0 0.514 0.3638461538461538 0.04533333333333334 0.04923076923076923
0 0.596 0.7861538461538462 0.03866666666666667 0.04153846153846154
0 0.5686666666666667 0.6461538461538462 0.04 0.043076923076923075
0 0.11533333333333333 0.5492307692307692 0.044 0.04923076923076923
0 0.6613333333333333 0.8407692307692308 0.04666666666666667 0.04923076923076923
0 0.2 0.676923076923077 0.042666666666666665 0.04153846153846154
0 0.7633333333333333 0.7730769230769231 0.04133333333333333 0.04461538461538461
0 0.5073333333333333 0.7746153846153846 0.04133333333333333 0.043076923076923075
0 0.5006666666666667 0.7376923076923076 0.04133333333333333 0.046153846153846156
0 0.2693333333333333 0.43153846153846154 0.04133333333333333 0.04153846153846154
0 0.708 0.19538461538461538 0.044 0.05076923076923077
0 0.5486666666666666 0.5415384615384615 0.044 0.052307692307692305
0 0.324 0.7153846153846154 0.042666666666666665 0.04461538461538461
0 0.7506666666666667 0.7076923076923077 0.042666666666666665 0.046153846153846156
0 0.7826666666666666 0.2915384615384615 0.042666666666666665 0.04461538461538461
0 0.858 0.38153846153846155 0.04533333333333334 0.047692307692307694
0 0.2833333333333333 0.5038461538461538 0.04133333333333333 0.043076923076923075
0 0.5566666666666666 0.5776923076923077 0.04 0.04
0 0.8513333333333334 0.3453846153846154 0.04533333333333334 0.047692307692307694
0 0.8306666666666667 0.536923076923077 0.044 0.047692307692307694
0 0.304 0.61 0.044 0.04923076923076923
0 0.13666666666666666 0.6561538461538462 0.044 0.046153846153846156
0 0.696 0.7223076923076923 0.04133333333333333 0.046153846153846156
0 0.6426666666666667 0.7376923076923076 0.044 0.046153846153846156
0 0.414 0.58 0.04133333333333333 0.043076923076923075
0 0.5813333333333334 0.7153846153846154 0.04133333333333333 0.043076923076923075
0 0.4066666666666667 0.8407692307692308 0.044 0.047692307692307694
0 0.454 0.7876923076923077 0.04 0.043076923076923075
0 0.8153333333333334 0.7607692307692308 0.04133333333333333 0.046153846153846156
0 0.8806666666666667 0.4946153846153846 0.048 0.046153846153846156
0 0.6486666666666666 0.7730769230769231 0.042666666666666665 0.04461538461538461
0 0.8446666666666667 0.6076923076923076 0.04533333333333334 0.047692307692307694
0 0.38666666666666666 0.7369230769230769 0.04133333333333333 0.04153846153846154
0 0.79 0.32461538461538464 0.042666666666666665 0.046153846153846156
0 0.79 0.6215384615384615 0.044 0.04923076923076923
0 0.47533333333333333 0.8976923076923077 0.042666666666666665 0.046153846153846156
0 0.29 0.5407692307692308 0.03866666666666667 0.04153846153846154
0 0.3253333333333333 0.4169230769230769 0.04133333333333333 0.043076923076923075
0 0.09533333333333334 0.44153846153846155 0.042666666666666665 0.043076923076923075
0 0.4246666666666667 0.3515384615384615 0.03866666666666667 0.04
0 0.562 0.6115384615384616 0.04 0.046153846153846156
0 0.7226666666666667 0.5684615384615385 0.03866666666666667 0.043076923076923075
0 0.844 0.31153846153846154 0.044 0.046153846153846156
0 0.37866666666666665 0.40307692307692305 0.04133333333333333 0.04461538461538461
0 0.7693333333333333 0.22076923076923077 0.044 0.046153846153846156
0 0.7426666666666667 0.67 0.042666666666666665 0.046153846153846156
0 0.17933333333333334 0.5707692307692308 0.04133333333333333 0.04153846153846154
0 0.296 0.5746153846153846 0.04133333333333333 0.043076923076923075
0 0.7026666666666667 0.7584615384615384 0.04133333333333333 0.046153846153846156
0 0.31733333333333336 0.6792307692307692 0.044 0.047692307692307694
0 0.8233333333333334 0.2023076923076923 0.04533333333333334 0.04923076923076923
0 0.14533333333333334 0.39 0.04133333333333333 0.046153846153846156
0 0.668 0.2815384615384615 0.03866666666666667 0.04461538461538461
0 0.7286666666666667 0.3046153846153846 0.04133333333333333 0.04461538461538461
0 0.37866666666666665 0.7007692307692308 0.04133333333333333 0.047692307692307694
0 0.47933333333333333 0.6338461538461538 0.04133333333333333 0.04461538461538461
0 0.6346666666666667 0.7007692307692308 0.044 0.04923076923076923
0 0.19266666666666668 0.6423076923076924 0.04666666666666667 0.052307692307692305
0 0.3993333333333333 0.8053846153846154 0.044 0.046153846153846156
0 0.5353333333333333 0.4715384615384615 0.037333333333333336 0.04153846153846154
0 0.7966666666666666 0.3607692307692308 0.042666666666666665 0.043076923076923075
0 0.15266666666666667 0.42615384615384616 0.042666666666666665 0.043076923076923075
0 0.722 0.27153846153846156 0.042666666666666665 0.04153846153846154
0 0.434 0.6846153846153846 0.04133333333333333 0.046153846153846156
0 0.4646666666666667 0.5623076923076923 0.04 0.04153846153846154
0 0.6153333333333333 0.5961538461538461 0.04 0.04
0 0.8646666666666667 0.41923076923076924 0.04533333333333334 0.047692307692307694
0 0.31066666666666665 0.6446153846153846 0.042666666666666665 0.04153846153846154
0 0.14466666666666667 0.6923076923076923 0.04533333333333334 0.04923076923076923
0 0.7153333333333334 0.2353846153846154 0.044 0.047692307692307694
0 0.486 0.67 0.042666666666666665 0.047692307692307694
0 0.676 0.3192307692307692 0.042666666666666665 0.04923076923076923
0 0.338 0.49 0.04133333333333333 0.043076923076923075
0 0.628 0.6646153846153846 0.042666666666666665 0.043076923076923075
0 0.186 0.6053846153846154 0.044 0.046153846153846156
0 0.43733333333333335 0.4230769230769231 0.04133333333333333 0.04461538461538461
0 0.514 0.8107692307692308 0.04133333333333333 0.046153846153846156
0 0.10866666666666666 0.5092307692307693 0.04533333333333334 0.047692307692307694
0 0.542 0.5046153846153846 0.04 0.04153846153846154
0 0.7766666666666666 0.5523076923076923 0.042666666666666665 0.043076923076923075
0 0.8026666666666666 0.6884615384615385 0.044 0.04923076923076923
0 0.12933333333333333 0.6192307692307693 0.04533333333333334 0.046153846153846156
0 0.31866666666666665 0.38076923076923075 0.03866666666666667 0.046153846153846156
0 0.69 0.686923076923077 0.042666666666666665 0.04461538461538461
0 0.7433333333333333 0.37461538461538463 0.04133333333333333 0.04153846153846154
0 0.194 0.3376923076923077 0.04533333333333334 0.04923076923076923
0 0.46266666666666667 0.8253846153846154 0.042666666666666665 0.046153846153846156
0 0.6826666666666666 0.6523076923076923 0.04133333333333333 0.04153846153846154
0 0.45266666666666666 0.4946153846153846 0.04133333333333333 0.04153846153846154
0 0.3933333333333333 0.47384615384615386 0.042666666666666665 0.043076923076923075
0 0.4166666666666667 0.31461538461538463 0.04 0.047692307692307694
0 0.4206666666666667 0.6123076923076923 0.04133333333333333 0.043076923076923075
0 0.7626666666666667 0.18076923076923077 0.04666666666666667 0.05384615384615385
0 0.824 0.5015384615384615 0.044 0.046153846153846156
0 0.36533333333333334 0.63 0.04133333333333333 0.047692307692307694
0 0.6893333333333334 0.39153846153846156 0.04133333333333333 0.043076923076923075
0 0.37266666666666665 0.3669230769230769 0.04133333333333333 0.047692307692307694
0 0.3993333333333333 0.5092307692307693 0.03866666666666667 0.04461538461538461
0 0.576 0.6815384615384615 0.04133333333333333 0.04461538461538461
0 0.6346666666666667 0.4053846153846154 0.042666666666666665 0.04461538461538461
0 0.442 0.7207692307692307 0.042666666666666665 0.046153846153846156
0 0.676 0.6169230769230769 0.04533333333333334 0.047692307692307694
0 0.458 0.5269230769230769 0.042666666666666665 0.043076923076923075
0 0.7753333333333333 0.25769230769230766 0.042666666666666665 0.046153846153846156
0 0.7706666666666667 0.5169230769230769 0.04133333333333333 0.046153846153846156
0 0.22866666666666666 0.5215384615384615 0.042666666666666665 0.046153846153846156
0 0.458 0.29615384615384616 0.029333333333333333 0.024615384615384615
0 0.45 0.2561538461538462 0.03866666666666667 0.04153846153846154
0 0.456 0.28 0.029333333333333333 0.026153846153846153
0 0.5806666666666667 0.4207692307692308 0.04533333333333334 0.047692307692307694
0 0.366 0.32846153846153847 0.044 0.04923076923076923
0 0.4066666666666667 0.5453846153846154 0.04 0.04461538461538461
0 0.27666666666666667 0.46692307692307694 0.042666666666666665 0.047692307692307694
0 0.6486666666666666 0.4753846153846154 0.042666666666666665 0.04461538461538461
0 0.7566666666666667 0.4469230769230769 0.044 0.047692307692307694
0 0.594 0.49230769230769234 0.042666666666666665 0.04461538461538461
0 0.8166666666666667 0.4646153846153846 0.04533333333333334 0.052307692307692305
0 0.7366666666666667 0.34 0.042666666666666665 0.04461538461538461
0 0.19933333333333333 0.3769230769230769 0.042666666666666665 0.046153846153846156
0 0.5006666666666667 0.2923076923076923 0.044 0.04923076923076923
0 0.622 0.3346153846153846 0.042666666666666665 0.04461538461538461
0 0.6953333333333334 0.42615384615384616 0.04133333333333333 0.046153846153846156
0 0.6146666666666667 0.29846153846153844 0.042666666666666665 0.046153846153846156
0 0.254 0.3569230769230769 0.04533333333333334 0.052307692307692305
0 0.44533333333333336 0.46 0.04533333333333334 0.047692307692307694
0 0.6273333333333333 0.37 0.044 0.046153846153846156
0 0.71 0.4969230769230769 0.042666666666666665 0.04461538461538461
0 0.5606666666666666 0.31384615384615383 0.03866666666666667 0.04153846153846154
0 0.522 0.40076923076923077 0.04 0.043076923076923075
0 0.43066666666666664 0.3869230769230769 0.042666666666666665 0.047692307692307694
0 0.4266666666666667 0.6492307692307693 0.042666666666666665 0.04461538461538461
0 0.574 0.3861538461538462 0.04 0.04461538461538461
0 0.588 0.4576923076923077 0.04133333333333333 0.046153846153846156
0 0.3313333333333333 0.45384615384615384 0.04133333333333333 0.047692307692307694
0 0.214 0.4492307692307692 0.04666666666666667 0.04923076923076923
0 0.6413333333333333 0.44 0.042666666666666665 0.04461538461538461
0 0.7033333333333334 0.46307692307692305 0.04133333333333333 0.04461538461538461
0 0.662 0.5461538461538461 0.04133333333333333 0.04461538461538461
0 0.6553333333333333 0.5115384615384615 0.04 0.04461538461538461
0 0.478 0.40384615384615385 0.036 0.052307692307692305
0 0.4693333333333333 0.36230769230769233 0.03866666666666667 0.05076923076923077
0 0.6693333333333333 0.5823076923076923 0.04133333333333333 0.04461538461538461
0 0.764 0.48307692307692307 0.042666666666666665 0.043076923076923075
0 0.7486666666666667 0.4084615384615385 0.04133333333333333 0.046153846153846156
0 0.5546666666666666 0.2776923076923077 0.042666666666666665 0.046153846153846156
0 0.472 0.5969230769230769 0.042666666666666665 0.047692307692307694
0 0.08666666666666667 0.4053846153846154 0.04666666666666667 0.04923076923076923
0 0.38666666666666666 0.44 0.042666666666666665 0.046153846153846156
0 0.166 0.4969230769230769 0.044 0.05076923076923077
0 0.262 0.39692307692307693 0.042666666666666665 0.04461538461538461
0 0.566 0.3484615384615385 0.04133333333333333 0.04461538461538461
0 0.6073333333333333 0.26153846153846155 0.04133333333333333 0.04923076923076923
0 0.7166666666666667 0.5315384615384615 0.042666666666666665 0.04461538461538461
0 0.13866666666666666 0.35307692307692307 0.044 0.05076923076923077
0 0.3506666666666667 0.5584615384615385 0.04133333333333333 0.04461538461538461
0 0.6086666666666667 0.563076923076923 0.042666666666666665 0.043076923076923075
0 0.3446666666666667 0.5246153846153846 0.04133333333333333 0.043076923076923075
0 0.20666666666666667 0.4123076923076923 0.04133333333333333 0.04461538461538461
0 0.222 0.48538461538461536 0.042666666666666665 0.046153846153846156
0 0.684 0.3576923076923077 0.04133333333333333 0.04461538461538461
0 0.6013333333333334 0.5261538461538462 0.04533333333333334 0.047692307692307694
0 0.8306666666666667 0.24076923076923076 0.044 0.046153846153846156
0 0.5273333333333333 0.43615384615384617 0.042666666666666665 0.04923076923076923
0 0.8033333333333333 0.39615384615384613 0.044 0.05076923076923077
0 0.7086666666666667 0.7930769230769231 0.042666666666666665 0.04461538461538461
0 0.41933333333333334 0.9115384615384615 0.044 0.047692307692307694
0 0.7293333333333333 0.6015384615384616 0.04133333333333333 0.043076923076923075
0 0.5193333333333333 0.8446153846153847 0.036 0.038461538461538464
0 0.18533333333333332 0.9015384615384615 0.044 0.047692307692307694
0 0.22066666666666668 0.7792307692307693 0.042666666666666665 0.047692307692307694
0 0.3586666666666667 0.5938461538461538 0.04 0.043076923076923075
0 0.19266666666666668 0.9384615384615385 0.04666666666666667 0.04923076923076923
0 0.15866666666666668 0.7623076923076924 0.04133333333333333 0.04461538461538461
0 0.16466666666666666 0.7961538461538461 0.044 0.046153846153846156
0 0.6546666666666666 0.8061538461538461 0.04133333333333333 0.04153846153846154
0 0.8373333333333334 0.27692307692307694 0.04133333333333333 0.04461538461538461
0 0.43866666666666665 0.19076923076923077 0.032 0.03230769230769231
0 0.7153333333333334 0.8269230769230769 0.04133333333333333 0.04
0 0.39266666666666666 0.77 0.04133333333333333 0.043076923076923075
0 0.19866666666666666 0.9730769230769231 0.044 0.04461538461538461
0 0.17866666666666667 0.8638461538461538 0.04533333333333334 0.046153846153846156
0 0.414 0.8769230769230769 0.042666666666666665 0.04461538461538461
0 0.23333333333333334 0.8523076923076923 0.044 0.047692307692307694
0 0.15266666666666667 0.7284615384615385 0.042666666666666665 0.043076923076923075
0 0.10266666666666667 0.4753846153846154 0.04133333333333333 0.04153846153846154
0 0.338 0.7846153846153846 0.044 0.047692307692307694
0 0.892 0.5553846153846154 0.042666666666666665 0.046153846153846156
0 0.248 0.9176923076923077 0.04533333333333334 0.047692307692307694
0 0.81 0.42923076923076925 0.03866666666666667 0.02923076923076923
0 0.21333333333333335 0.7438461538461538 0.042666666666666665 0.043076923076923075
0 0.508 0.3269230769230769 0.04 0.03076923076923077
0 0.174 0.536923076923077 0.04133333333333333 0.046153846153846156
0 0.602 0.8215384615384616 0.042666666666666665 0.04923076923076923
0 0.5273333333333333 0.8776923076923077 0.04 0.047692307692307694
0 0.22733333333333333 0.8138461538461539 0.04133333333333333 0.04153846153846154
0 0.796 0.6553846153846153 0.04 0.03230769230769231
0 0.8946666666666667 0.5230769230769231 0.042666666666666665 0.04
0 0.17266666666666666 0.83 0.04133333333333333 0.04
0 0.15866666666666668 0.46 0.03866666666666667 0.04153846153846154
0 0.6613333333333333 0.24769230769230768 0.04133333333333333 0.033846153846153845
0 0.24066666666666667 0.8853846153846154 0.04133333333333333 0.03230769230769231