0 0.7455555555555555 0.1608832807570978 0.035555555555555556 0.04416403785488959
0 0.057777777777777775 0.7981072555205048 0.03111111111111111 0.03785488958990536
0 0.6911111111111111 0.4187697160883281 0.03333333333333333 0.04258675078864353
0 0.6388888888888888 0.750788643533123 0.035555555555555556 0.04100946372239748
0 0.9077777777777778 0.667192429022082 0.035555555555555556 0.04100946372239748
0 0.43333333333333335 0.668769716088328 0.03777777777777778 0.04100946372239748
0 0.325 0.5070977917981072 0.034444444444444444 0.03943217665615142
0 0.32555555555555554 0.38170347003154576 0.03111111111111111 0.03785488958990536
0 0.5322222222222223 0.5039432176656151 0.03333333333333333 0.03943217665615142
0 0.1111111111111111 0.8817034700315457 0.03777777777777778 0.04100946372239748
0 0.165 0.5512618296529969 0.034444444444444444 0.04258675078864353
0 0.4311111111111111 0.2949526813880126 0.035555555555555556 0.04416403785488959
0 0.11166666666666666 0.5914826498422713 0.03666666666666667 0.04100946372239748
0 0.7455555555555555 0.4589905362776025 0.03111111111111111 0.03785488958990536
0 0.05611111111111111 0.5914826498422713 0.034444444444444444 0.04100946372239748
0 0.2727777777777778 0.4242902208201893 0.03666666666666667 0.04100946372239748
0 0.6922222222222222 0.8296529968454258 0.035555555555555556 0.04416403785488959
0 0.43444444444444447 0.8343848580441641 0.03777777777777778 0.04100946372239748
0 0.16444444444444445 0.5914826498422713 0.035555555555555556 0.04100946372239748
0 0.21833333333333332 0.5094637223974764 0.034444444444444444 0.03785488958990536
0 0.6383333333333333 0.831230283911672 0.034444444444444444 0.04100946372239748
0 0.7472222222222222 0.7074132492113565 0.03666666666666667 0.04258675078864353
0 0.165 0.7586750788643533 0.03666666666666667 0.04100946372239748
0 0.6916666666666667 0.5867507886435331 0.03666666666666667 0.04416403785488959
0 0.43 0.2082018927444795 0.035555555555555556 0.04100946372239748
0 0.9072222222222223 0.6261829652996845 0.03666666666666667 0.03785488958990536
0 0.9066666666666666 0.5 0.03777777777777778 0.04416403785488959
0 0.6927777777777778 0.75 0.03666666666666667 0.04258675078864353
0 0.4816666666666667 0.45741324921135645 0.034444444444444444 0.04416403785488959
0 0.21944444444444444 0.6317034700315457 0.03666666666666667 0.04574132492113565
0 0.21888888888888888 0.167192429022082 0.03777777777777778 0.050473186119873815
0 0.4922222222222222 0.7389589905362776 0.022222222222222223 0.02996845425867508
0 0.49333333333333335 0.7602523659305994 0.021111111111111112 0.012618296529968454
0 0.11166666666666666 0.5102523659305994 0.03888888888888889 0.04258675078864353
0 0.8544444444444445 0.667981072555205 0.035555555555555556 0.04258675078864353
0 0.3761111111111111 0.20899053627760253 0.03666666666666667 0.04574132492113565
0 0.32611111111111113 0.2113564668769716 0.034444444444444444 0.0473186119873817
0 0.43166666666666664 0.5063091482649842 0.03666666666666667 0.04100946372239748
0 0.5327777777777778 0.20425867507886436 0.03666666666666667 0.04574132492113565
0 0.3238888888888889 0.42113564668769715 0.03222222222222222 0.04100946372239748
0 0.38055555555555554 0.6711356466876972 0.03666666666666667 0.04258675078864353
0 0.6911111111111111 0.20662460567823343 0.035555555555555556 0.0473186119873817
0 0.8527777777777777 0.5875394321766562 0.03666666666666667 0.04258675078864353
0 0.7466666666666667 0.500788643533123 0.035555555555555556 0.04258675078864353
0 0.5316666666666666 0.46214511041009465 0.03666666666666667 0.04100946372239748
0 0.4311111111111111 0.46214511041009465 0.035555555555555556 0.04416403785488959
0 0.5844444444444444 0.37933753943217663 0.03333333333333333 0.03943217665615142
0 0.7455555555555555 0.20741324921135645 0.035555555555555556 0.04574132492113565
0 0.5316666666666666 0.5441640378548895 0.034444444444444444 0.04100946372239748
0 0.32666666666666666 0.30047318611987384 0.03333333333333333 0.03943217665615142
0 0.32666666666666666 0.2586750788643533 0.035555555555555556 0.04416403785488959
0 0.8533333333333334 0.5441640378548895 0.035555555555555556 0.04416403785488959
0 0.7466666666666667 0.6269716088328076 0.035555555555555556 0.04258675078864353
0 0.37833333333333335 0.5449526813880127 0.03666666666666667 0.03943217665615142
0 0.16444444444444445 0.42665615141955837 0.03777777777777778 0.04258675078864353
0 0.7461111111111111 0.3777602523659306 0.03666666666666667 0.03943217665615142
0 0.1638888888888889 0.5094637223974764 0.03666666666666667 0.04100946372239748
0 0.6377777777777778 0.33675078864353314 0.035555555555555556 0.04258675078864353
0 0.3788888888888889 0.6277602523659306 0.035555555555555556 0.04100946372239748
0 0.8 0.3785488958990536 0.035555555555555556 0.04100946372239748
0 0.5866666666666667 0.7105678233438486 0.03777777777777778 0.04258675078864353
0 0.5322222222222223 0.668769716088328 0.035555555555555556 0.04100946372239748
0 0.5861111111111111 0.667981072555205 0.03666666666666667 0.04258675078864353
0 0.16444444444444445 0.3422712933753943 0.03777777777777778 0.04100946372239748
0 0.37833333333333335 0.5047318611987381 0.03666666666666667 0.03785488958990536
0 0.5316666666666666 0.6269716088328076 0.034444444444444444 0.04258675078864353
0 0.11166666666666666 0.7184542586750788 0.034444444444444444 0.03943217665615142
0 0.6922222222222222 0.5031545741324921 0.035555555555555556 0.04100946372239748
0 0.16444444444444445 0.3840694006309148 0.03777777777777778 0.04258675078864353
0 0.325 0.5488958990536278 0.034444444444444444 0.04100946372239748
0 0.1111111111111111 0.3824921135646688 0.03777777777777778 0.04258675078864353
0 0.7466666666666667 0.583596214511041 0.035555555555555556 0.04416403785488959
0 0.6383333333333333 0.5055205047318612 0.03666666666666667 0.04258675078864353
0 0.7461111111111111 0.5417981072555205 0.03666666666666667 0.03943217665615142
0 0.6383333333333333 0.29337539432176657 0.03666666666666667 0.04416403785488959
0 0.32555555555555554 0.5891167192429022 0.03333333333333333 0.03943217665615142
0 0.16444444444444445 0.6750788643533123 0.03777777777777778 0.04416403785488959
0 0.6383333333333333 0.3785488958990536 0.03666666666666667 0.04100946372239748
0 0.21833333333333332 0.3864353312302839 0.03666666666666667 0.0473186119873817
0 0.5844444444444444 0.2058359621451104 0.035555555555555556 0.04574132492113565
0 0.6916666666666667 0.37618296529968454 0.03666666666666667 0.03943217665615142
0 0.16444444444444445 0.6332807570977917 0.035555555555555556 0.03943217665615142
0 0.7461111111111111 0.4187697160883281 0.03666666666666667 0.04258675078864353
0 0.3761111111111111 0.2981072555205047 0.03222222222222222 0.04100946372239748
0 0.4311111111111111 0.33675078864353314 0.035555555555555556 0.03943217665615142
0 0.6377777777777778 0.4629337539432177 0.035555555555555556 0.04258675078864353
0 0.5844444444444444 0.46214511041009465 0.03333333333333333 0.04100946372239748
0 0.6394444444444445 0.668769716088328 0.034444444444444444 0.04100946372239748
0 0.7988888888888889 0.2058359621451104 0.035555555555555556 0.04574132492113565
0 0.2727777777777778 0.2996845425867508 0.034444444444444444 0.04100946372239748
0 0.9072222222222223 0.5851735015772871 0.03666666666666667 0.04100946372239748
0 0.1111111111111111 0.2996845425867508 0.035555555555555556 0.04416403785488959
0 0.6916666666666667 0.667192429022082 0.034444444444444444 0.04100946372239748
0 0.5855555555555556 0.5031545741324921 0.03333333333333333 0.04100946372239748
0 0.5855555555555556 0.5867507886435331 0.035555555555555556 0.04416403785488959
0 0.6922222222222222 0.5441640378548895 0.035555555555555556 0.04100946372239748
0 0.11055555555555556 0.4676656151419558 0.03666666666666667 0.03943217665615142
0 0.37722222222222224 0.4645110410094637 0.03666666666666667 0.04258675078864353
0 0.7988888888888889 0.25157728706624605 0.035555555555555556 0.04258675078864353
0 0.585 0.42034700315457413 0.034444444444444444 0.04258675078864353
0 0.7988888888888889 0.501577287066246 0.035555555555555556 0.04100946372239748
0 0.1111111111111111 0.6332807570977917 0.035555555555555556 0.04258675078864353
0 0.48333333333333334 0.31782334384858046 0.03777777777777778 0.03943217665615142
0 0.37666666666666665 0.2539432176656151 0.035555555555555556 0.04416403785488959
0 0.43444444444444447 0.751577287066246 0.03777777777777778 0.04574132492113565
0 0.3788888888888889 0.5859621451104101 0.03333333333333333 0.04258675078864353
0 0.855 0.751577287066246 0.03666666666666667 0.04258675078864353
0 0.16444444444444445 0.46845425867507884 0.035555555555555556 0.04100946372239748
0 0.057777777777777775 0.3824921135646688 0.035555555555555556 0.04258675078864353
0 0.6933333333333334 0.9156151419558359 0.03777777777777778 0.04574132492113565
0 0.585 0.29574132492113564 0.034444444444444444 0.03943217665615142
0 0.9072222222222223 0.5433753943217665 0.03666666666666667 0.04258675078864353
0 0.11055555555555556 0.4250788643533123 0.03666666666666667 0.04258675078864353
0 0.1638888888888889 0.7176656151419558 0.03666666666666667 0.04100946372239748
0 0.4305555555555556 0.3777602523659306 0.034444444444444444 0.04258675078864353
0 0.057777777777777775 0.42665615141955837 0.03111111111111111 0.04574132492113565
0 0.8527777777777777 0.501577287066246 0.034444444444444444 0.04100946372239748
0 0.6394444444444445 0.7089905362776026 0.03666666666666667 0.04258675078864353
0 0.7477777777777778 0.666403785488959 0.035555555555555556 0.03943217665615142
0 0.8527777777777777 0.4597791798107255 0.034444444444444444 0.03943217665615142
0 0.5844444444444444 0.25236593059936907 0.03777777777777778 0.0473186119873817
0 0.6922222222222222 0.4597791798107255 0.035555555555555556 0.04258675078864353
0 0.8533333333333334 0.37933753943217663 0.035555555555555556 0.04258675078864353
0 0.2733333333333333 0.5078864353312302 0.035555555555555556 0.03785488958990536
0 0.6388888888888888 0.5457413249211357 0.03777777777777778 0.04100946372239748
0 0.2722222222222222 0.5899053627760252 0.03111111111111111 0.04100946372239748
0 0.05722222222222222 0.7160883280757098 0.034444444444444444 0.04100946372239748
0 0.6377777777777778 0.2082018927444795 0.03777777777777778 0.04416403785488959
0 0.21944444444444444 0.8832807570977917 0.03888888888888889 0.04100946372239748
0 0.6377777777777778 0.25157728706624605 0.035555555555555556 0.03943217665615142
0 0.32722222222222225 0.7531545741324921 0.034444444444444444 0.04258675078864353
0 0.32666666666666666 0.6719242902208202 0.03333333333333333 0.03785488958990536
0 0.5316666666666666 0.5843848580441641 0.03222222222222222 0.03943217665615142
0 0.5855555555555556 0.5433753943217665 0.03111111111111111 0.03943217665615142
0 0.8005555555555556 0.5851735015772871 0.03222222222222222 0.04100946372239748
0 0.5838888888888889 0.6277602523659306 0.03666666666666667 0.03785488958990536
0 0.9083333333333333 0.8730283911671924 0.034444444444444444 0.04258675078864353
0 0.8533333333333334 0.4195583596214511 0.03333333333333333 0.03785488958990536
0 0.4811111111111111 0.21687697160883282 0.044444444444444446 0.02996845425867508
0 0.27166666666666667 0.25709779179810727 0.03222222222222222 0.04100946372239748
0 0.48055555555555557 0.15063091482649843 0.043333333333333335 0.033123028391167195
0 0.2722222222222222 0.5496845425867508 0.03333333333333333 0.03943217665615142
0 0.9083333333333333 0.916403785488959 0.03666666666666667 0.04416403785488959
0 0.5322222222222223 0.33201892744479494 0.03333333333333333 0.04889589905362776
0 0.6927777777777778 0.8722397476340694 0.034444444444444444 0.04100946372239748
0 0.9072222222222223 0.7097791798107256 0.034444444444444444 0.04416403785488959
0 0.05722222222222222 0.5504731861198738 0.034444444444444444 0.03785488958990536
0 0.4816666666666667 0.35331230283911674 0.03888888888888889 0.03470031545741325
0 0.5316666666666666 0.2902208201892745 0.034444444444444444 0.04100946372239748
0 0.4811111111111111 0.28470031545741326 0.04 0.02996845425867508
0 0.3277777777777778 0.8375394321766562 0.035555555555555556 0.03785488958990536
0 0.8538888888888889 0.7933753943217665 0.03222222222222222 0.04100946372239748
0 0.8555555555555555 0.8761829652996845 0.035555555555555556 0.03943217665615142
0 0.43 0.4187697160883281 0.035555555555555556 0.03943217665615142
0 0.4338888888888889 0.7089905362776026 0.03888888888888889 0.03943217665615142
0 0.058333333333333334 0.8399053627760252 0.034444444444444444 0.04258675078864353
0 0.8544444444444445 0.916403785488959 0.035555555555555556 0.04416403785488959
0 0.9094444444444445 0.831230283911672 0.034444444444444444 0.04100946372239748
0 0.9077777777777778 0.7894321766561514 0.03333333333333333 0.03627760252365931
0 0.48055555555555557 0.18454258675078863 0.04111111111111111 0.03785488958990536
0 0.9072222222222223 0.2941640378548896 0.034444444444444444 0.03943217665615142
0 0.3827777777777778 0.919558359621451 0.03666666666666667 0.03785488958990536
0 0.38 0.7933753943217665 0.035555555555555556 0.03785488958990536
0 0.7472222222222222 0.8722397476340694 0.034444444444444444 0.04416403785488959
0 0.21833333333333332 0.7570977917981072 0.034444444444444444 0.03785488958990536
0 0.5855555555555556 0.75 0.028888888888888888 0.03627760252365931
0 0.21888888888888888 0.8383280757097792 0.035555555555555556 0.04574132492113565
0 0.4361111111111111 0.8761829652996845 0.03666666666666667 0.04258675078864353
0 0.4816666666666667 0.5 0.034444444444444444 0.03470031545741325
0 0.4811111111111111 0.3832807570977918 0.03777777777777778 0.03470031545741325
0 0.9077777777777778 0.3777602523659306 0.035555555555555556 0.03943217665615142
0 0.8522222222222222 0.25236593059936907 0.035555555555555556 0.04416403785488959
0 0.1111111111111111 0.8391167192429022 0.035555555555555556 0.04416403785488959
0 0.9066666666666666 0.4187697160883281 0.03777777777777778 0.03943217665615142
0 0.6922222222222222 0.7082018927444795 0.035555555555555556 0.04100946372239748
0 0.6922222222222222 0.7894321766561514 0.035555555555555556 0.033123028391167195
0 0.058333333333333334 0.8824921135646687 0.034444444444444444 0.03943217665615142
0 0.3827777777777778 0.8761829652996845 0.03666666666666667 0.04574132492113565
0 0.5855555555555556 0.7894321766561514 0.028888888888888888 0.03943217665615142
0 0.43555555555555553 0.917981072555205 0.03777777777777778 0.04100946372239748
0 0.6383333333333333 0.42034700315457413 0.03666666666666667 0.04258675078864353
0 0.3283333333333333 0.8777602523659306 0.03666666666666667 0.04258675078864353
0 0.11166666666666666 0.9266561514195584 0.03666666666666667 0.04258675078864353
0 0.21777777777777776 0.2586750788643533 0.035555555555555556 0.04100946372239748
0 0.9072222222222223 0.334384858044164 0.03666666666666667 0.04100946372239748
0 0.8522222222222222 0.33753943217665616 0.03333333333333333 0.03785488958990536
0 0.9088888888888889 0.751577287066246 0.035555555555555556 0.03943217665615142
0 0.7461111111111111 0.2902208201892745 0.034444444444444444 0.04100946372239748
0 0.5322222222222223 0.7097791798107256 0.03777777777777778 0.04100946372239748
0 0.9061111111111111 0.25236593059936907 0.034444444444444444 0.04416403785488959
0 0.8544444444444445 0.833596214511041 0.035555555555555556 0.04574132492113565
0 0.6383333333333333 0.8722397476340694 0.03222222222222222 0.04100946372239748
0 0.5861111111111111 0.8730283911671924 0.034444444444444444 0.04258675078864353
0 0.43 0.1632492113564669 0.03777777777777778 0.04258675078864353
0 0.7472222222222222 0.831230283911672 0.034444444444444444 0.03785488958990536
0 0.5861111111111111 0.916403785488959 0.03666666666666667 0.04100946372239748
0 0.057777777777777775 0.5094637223974764 0.03333333333333333 0.03785488958990536
0 0.7461111111111111 0.3351735015772871 0.034444444444444444 0.04574132492113565
0 0.38222222222222224 0.8343848580441641 0.035555555555555556 0.04100946372239748
0 0.7466666666666667 0.7894321766561514 0.035555555555555556 0.04258675078864353
0 0.43166666666666664 0.5457413249211357 0.03666666666666667 0.03785488958990536
0 0.9072222222222223 0.4582018927444795 0.03666666666666667 0.03943217665615142
0 0.1111111111111111 0.34069400630914826 0.03333333333333333 0.03785488958990536
0 0.43277777777777776 0.5843848580441641 0.034444444444444444 0.03943217665615142
0 0.7994444444444444 0.4597791798107255 0.034444444444444444 0.03943217665615142
0 0.05722222222222222 0.29889589905362773 0.034444444444444444 0.04258675078864353
0 0.1111111111111111 0.7570977917981072 0.03333333333333333 0.03785488958990536
0 0.056666666666666664 0.6727129337539433 0.03333333333333333 0.04574132492113565
0 0.1111111111111111 0.7973186119873817 0.03333333333333333 0.03943217665615142
0 0.2727777777777778 0.38485804416403785 0.034444444444444444 0.04100946372239748
0 0.21888888888888888 0.5906940063091483 0.035555555555555556 0.03627760252365931
0 0.7994444444444444 0.29337539432176657 0.034444444444444444 0.04100946372239748
0 0.3283333333333333 0.7965299684542587 0.034444444444444444 0.04100946372239748
0 0.2738888888888889 0.2113564668769716 0.03666666666666667 0.0473186119873817
0 0.16555555555555557 0.9266561514195584 0.035555555555555556 0.04574132492113565
0 0.7472222222222222 0.9148264984227129 0.03666666666666667 0.04100946372239748
0 0.38 0.7555205047318612 0.03777777777777778 0.03785488958990536
0 0.5322222222222223 0.4195583596214511 0.035555555555555556 0.04100946372239748
0 0.165 0.8391167192429022 0.03666666666666667 0.04100946372239748
0 0.7466666666666667 0.748422712933754 0.03777777777777778 0.03627760252365931
0 0.165 0.8832807570977917 0.03666666666666667 0.04100946372239748
0 0.056666666666666664 0.6309148264984227 0.03333333333333333 0.03785488958990536
0 0.4811111111111111 0.25 0.042222222222222223 0.03943217665615142
0 0.6388888888888888 0.7894321766561514 0.03333333333333333 0.03943217665615142
0 0.05722222222222222 0.46845425867507884 0.03 0.03785488958990536
0 0.6388888888888888 0.916403785488959 0.03333333333333333 0.04416403785488959
0 0.9066666666666666 0.20741324921135645 0.03777777777777778 0.04574132492113565
0 0.8527777777777777 0.2973186119873817 0.03666666666666667 0.04258675078864353
0 0.32944444444444443 0.9211356466876972 0.03666666666666667 0.04416403785488959
0 0.6916666666666667 0.6277602523659306 0.034444444444444444 0.03785488958990536
0 0.37722222222222224 0.4242902208201893 0.034444444444444444 0.03470031545741325
0 0.11222222222222222 0.5504731861198738 0.035555555555555556 0.04100946372239748
0 0.1111111111111111 0.6766561514195584 0.035555555555555556 0.04416403785488959
0 0.6383333333333333 0.5851735015772871 0.034444444444444444 0.03785488958990536
0 0.22 0.9250788643533123 0.04 0.04258675078864353
0 0.32611111111111113 0.7113564668769716 0.03222222222222222 0.04100946372239748
0 0.6922222222222222 0.334384858044164 0.03777777777777778 0.04416403785488959
0 0.43444444444444447 0.7941640378548895 0.035555555555555556 0.03943217665615142
0 0.8522222222222222 0.20662460567823343 0.03777777777777778 0.0473186119873817
0 0.058888888888888886 0.9250788643533123 0.035555555555555556 0.04258675078864353
0 0.05722222222222222 0.7570977917981072 0.034444444444444444 0.04100946372239748
0 0.21833333333333332 0.7168769716088328 0.03666666666666667 0.04258675078864353
0 0.4305555555555556 0.25157728706624605 0.034444444444444444 0.04258675078864353
0 0.21777777777777776 0.6750788643533123 0.035555555555555556 0.04100946372239748
0 0.5322222222222223 0.24842271293375395 0.035555555555555556 0.04258675078864353
0 0.7455555555555555 0.250788643533123 0.035555555555555556 0.03785488958990536
0 0.21833333333333332 0.3422712933753943 0.034444444444444444 0.03785488958990536
0 0.057777777777777775 0.34069400630914826 0.03333333333333333 0.03785488958990536
0 0.6922222222222222 0.29337539432176657 0.035555555555555556 0.03785488958990536
0 0.7994444444444444 0.4195583596214511 0.034444444444444444 0.04100946372239748
0 0.21833333333333332 0.7957413249211357 0.034444444444444444 0.04258675078864353
0 0.165 0.7988958990536278 0.034444444444444444 0.03943217665615142
0 0.38055555555555554 0.7152996845425867 0.03666666666666667 0.04574132492113565
0 0.5861111111111111 0.832018927444795 0.034444444444444444 0.03943217665615142
0 0.43222222222222223 0.6269716088328076 0.03777777777777778 0.04258675078864353
0 0.5316666666666666 0.751577287066246 0.03666666666666667 0.04258675078864353
0 0.5322222222222223 0.37933753943217663 0.035555555555555556 0.04258675078864353
0 0.21888888888888888 0.42665615141955837 0.03333333333333333 0.03627760252365931
0 0.855 0.7097791798107256 0.034444444444444444 0.04100946372239748
0 0.21888888888888888 0.21529968454258674 0.035555555555555556 0.04574132492113565
0 0.8538888888888889 0.6285488958990536 0.034444444444444444 0.03627760252365931
0 0.2733333333333333 0.46608832807570977 0.035555555555555556 0.04258675078864353
0 0.21777777777777776 0.30126182965299686 0.035555555555555556 0.04416403785488959
0 0.32611111111111113 0.34069400630914826 0.03222222222222222 0.04416403785488959
0 0.6394444444444445 0.6261829652996845 0.03666666666666667 0.04416403785488959
0 0.32555555555555554 0.6301261829652997 0.035555555555555556 0.04258675078864353
0 0.21833333333333332 0.46845425867507884 0.03666666666666667 0.04416403785488959
0 0.37722222222222224 0.3824921135646688 0.03666666666666667 0.04889589905362776
0 0.2727777777777778 0.3430599369085173 0.03666666666666667 0.04258675078864353
0 0.37666666666666665 0.3391167192429022 0.035555555555555556 0.03785488958990536
0 0.6922222222222222 0.25236593059936907 0.03777777777777778 0.04416403785488959
0 0.8005555555555556 0.5433753943217665 0.034444444444444444 0.04258675078864353
0 0.1638888888888889 0.2996845425867508 0.03888888888888889 0.04416403785488959
0 0.5844444444444444 0.33675078864353314 0.035555555555555556 0.04258675078864353
0 0.21944444444444444 0.5504731861198738 0.03666666666666667 0.04100946372239748
0 0.7994444444444444 0.3359621451104101 0.03666666666666667 0.04416403785488959
0 0.3244444444444444 0.4629337539432177 0.035555555555555556 0.04574132492113565