0 0.8094444444444444 0.20559210526315788 0.03666666666666667 0.05263157894736842
0 0.2461111111111111 0.15707236842105263 0.03666666666666667 0.049342105263157895
0 0.6488888888888888 0.32648026315789475 0.035555555555555556 0.044407894736842105
0 0.23777777777777778 0.2886513157894737 0.03666666666666667 0.046052631578947366
0 0.24222222222222223 0.203125 0.03666666666666667 0.046052631578947366
0 0.3877777777777778 0.42680921052631576 0.035555555555555556 0.04276315789473684
0 0.3416666666666667 0.29605263157894735 0.035555555555555556 0.046052631578947366
0 0.34444444444444444 0.25164473684210525 0.03666666666666667 0.049342105263157895
0 0.16833333333333333 0.6578947368421053 0.03777777777777778 0.046052631578947366
0 0.6022222222222222 0.23519736842105263 0.03333333333333333 0.047697368421052634
0 0.2966666666666667 0.16036184210526316 0.03777777777777778 0.05263157894736842
0 0.07833333333333334 0.35773026315789475 0.03666666666666667 0.046052631578947366
0 0.33944444444444444 0.33881578947368424 0.03777777777777778 0.046052631578947366
0 0.16277777777777777 0.7828947368421053 0.03666666666666667 0.049342105263157895
0 0.5972222222222222 0.3215460526315789 0.034444444444444444 0.04111842105263158
0 0.18388888888888888 0.32730263157894735 0.035555555555555556 0.04111842105263158
0 0.42333333333333334 0.7623355263157895 0.03666666666666667 0.047697368421052634
0 0.24 0.24588815789473684 0.03666666666666667 0.046052631578947366
0 0.1661111111111111 0.7006578947368421 0.035555555555555556 0.046052631578947366
0 0.39 0.3848684210526316 0.035555555555555556 0.044407894736842105
0 0.8061111111111111 0.2524671052631579 0.035555555555555556 0.047697368421052634
0 0.17055555555555554 0.615953947368421 0.03777777777777778 0.044407894736842105
0 0.7411111111111112 0.5822368421052632 0.03666666666666667 0.046052631578947366
0 0.12166666666666667 0.569078947368421 0.035555555555555556 0.04276315789473684
0 0.22722222222222221 0.5370065789473685 0.035555555555555556 0.039473684210526314
0 0.7483333333333333 0.4161184210526316 0.034444444444444444 0.04276315789473684
0 0.695 0.453125 0.03333333333333333 0.044407894736842105
0 0.07111111111111111 0.5238486842105263 0.03666666666666667 0.05098684210526316
0 0.7983333333333333 0.42105263157894735 0.034444444444444444 0.044407894736842105
0 0.7422222222222222 0.5394736842105263 0.034444444444444444 0.04276315789473684
0 0.06666666666666667 0.6069078947368421 0.03666666666666667 0.046052631578947366
0 0.5866666666666667 0.5707236842105263 0.034444444444444444 0.046052631578947366
0 0.4888888888888889 0.47368421052631576 0.042222222222222223 0.049342105263157895
0 0.28944444444444445 0.29605263157894735 0.035555555555555556 0.044407894736842105
0 0.6916666666666667 0.537828947368421 0.035555555555555556 0.04276315789473684
0 0.175 0.5345394736842105 0.035555555555555556 0.04276315789473684
0 0.07666666666666666 0.4004934210526316 0.035555555555555556 0.04276315789473684
0 0.5833333333333334 0.6554276315789473 0.03777777777777778 0.049342105263157895
0 0.8538888888888889 0.33963815789473684 0.03666666666666667 0.05098684210526316
0 0.6955555555555556 0.4120065789473684 0.03111111111111111 0.044407894736842105
0 0.21777777777777776 0.7055921052631579 0.03666666666666667 0.046052631578947366
0 0.5844444444444444 0.6118421052631579 0.03666666666666667 0.044407894736842105
0 0.8005555555555556 0.3774671052631579 0.03666666666666667 0.046052631578947366
0 0.17277777777777778 0.5748355263157895 0.035555555555555556 0.044407894736842105
0 0.22 0.6620065789473685 0.03666666666666667 0.047697368421052634
0 0.9005555555555556 0.46875 0.03666666666666667 0.049342105263157895
0 0.11888888888888889 0.6101973684210527 0.03666666666666667 0.046052631578947366
0 0.18555555555555556 0.2837171052631579 0.03666666666666667 0.05263157894736842
0 0.3672222222222222 0.8412828947368421 0.035555555555555556 0.04276315789473684
0 0.4494444444444444 0.22039473684210525 0.03777777777777778 0.05098684210526316
0 0.38 0.5921052631578947 0.03666666666666667 0.049342105263157895
0 0.8972222222222223 0.5526315789473685 0.035555555555555556 0.046052631578947366
0 0.20944444444444443 0.8692434210526315 0.03777777777777778 0.044407894736842105
0 0.8872222222222222 0.8009868421052632 0.03777777777777778 0.046052631578947366
0 0.12833333333333333 0.40213815789473684 0.034444444444444444 0.044407894736842105
0 0.7977777777777778 0.4605263157894737 0.03333333333333333 0.04111842105263158
0 0.11444444444444445 0.694078947368421 0.03333333333333333 0.046052631578947366
0 0.7961111111111111 0.5016447368421053 0.035555555555555556 0.044407894736842105
0 0.6894444444444444 0.5789473684210527 0.035555555555555556 0.046052631578947366
0 0.45222222222222225 0.171875 0.03666666666666667 0.05263157894736842
0 0.37 0.7993421052631579 0.03666666666666667 0.046052631578947366
0 0.9122222222222223 0.2138157894736842 0.03888888888888889 0.049342105263157895
0 0.8022222222222222 0.3347039473684211 0.03333333333333333 0.04276315789473684
0 0.2111111111111111 0.8248355263157895 0.03777777777777778 0.049342105263157895
0 0.42 0.8050986842105263 0.034444444444444444 0.044407894736842105
0 0.3738888888888889 0.71875 0.03666666666666667 0.046052631578947366
0 0.1638888888888889 0.7417763157894737 0.034444444444444444 0.04276315789473684
0 0.8855555555555555 0.8421052631578947 0.03777777777777778 0.04276315789473684
0 0.11666666666666667 0.6529605263157895 0.034444444444444444 0.046052631578947366
0 0.10833333333333334 0.819078947368421 0.03888888888888889 0.049342105263157895
0 0.28055555555555556 0.5 0.03666666666666667 0.04276315789473684
0 0.2916666666666667 0.2524671052631579 0.03777777777777778 0.049342105263157895
0 0.5883333333333334 0.5254934210526315 0.03333333333333333 0.047697368421052634
0 0.6861111111111111 0.662828947368421 0.03666666666666667 0.046052631578947366
0 0.07277777777777777 0.48355263157894735 0.03666666666666667 0.04111842105263158
0 0.375 0.6743421052631579 0.034444444444444444 0.046052631578947366
0 0.23666666666666666 0.32976973684210525 0.03666666666666667 0.039473684210526314
0 0.6816666666666666 0.7458881578947368 0.03888888888888889 0.05098684210526316
0 0.45555555555555555 0.3470394736842105 0.025555555555555557 0.039473684210526314
0 0.08944444444444444 0.14309210526315788 0.03888888888888889 0.047697368421052634
0 0.37722222222222224 0.6348684210526315 0.034444444444444444 0.04276315789473684
0 0.41833333333333333 0.8478618421052632 0.035555555555555556 0.044407894736842105
0 0.06944444444444445 0.5649671052631579 0.035555555555555556 0.04111842105263158
0 0.6877777777777778 0.6200657894736842 0.03666666666666667 0.046052631578947366
0 0.7361111111111112 0.7072368421052632 0.03666666666666667 0.04276315789473684
0 0.6844444444444444 0.7023026315789473 0.035555555555555556 0.04276315789473684
0 0.725 0.9564144736842105 0.03888888888888889 0.049342105263157895
0 0.38222222222222224 0.5493421052631579 0.034444444444444444 0.04111842105263158
0 0.15777777777777777 0.8667763157894737 0.03666666666666667 0.046052631578947366
0 0.4255555555555556 0.4712171052631579 0.02666666666666667 0.039473684210526314
0 0.1827777777777778 0.3651315789473684 0.03666666666666667 0.03782894736842105
0 0.8983333333333333 0.5115131578947368 0.035555555555555556 0.04276315789473684
0 0.8038888888888889 0.29523026315789475 0.035555555555555556 0.046052631578947366
0 0.9061111111111111 0.34375 0.03666666666666667 0.04276315789473684
0 0.365 0.884046052631579 0.03777777777777778 0.049342105263157895
0 0.5955555555555555 0.36348684210526316 0.035555555555555556 0.046052631578947366
0 0.9038888888888889 0.38569078947368424 0.03666666666666667 0.044407894736842105
0 0.20777777777777778 0.9111842105263158 0.03777777777777778 0.044407894736842105
0 0.7394444444444445 0.6241776315789473 0.03777777777777778 0.044407894736842105
0 0.7288888888888889 0.8708881578947368 0.035555555555555556 0.04276315789473684
0 0.7383333333333333 0.6661184210526315 0.03666666666666667 0.04276315789473684
0 0.8927777777777778 0.6776315789473685 0.03777777777777778 0.049342105263157895
0 0.21555555555555556 0.7458881578947368 0.03777777777777778 0.04111842105263158
0 0.7322222222222222 0.7894736842105263 0.034444444444444444 0.044407894736842105
0 0.8833333333333333 0.8824013157894737 0.03777777777777778 0.046052631578947366
0 0.08777777777777777 0.18914473684210525 0.03777777777777778 0.047697368421052634
0 0.7305555555555555 0.8305921052631579 0.03666666666666667 0.044407894736842105
0 0.5938888888888889 0.40542763157894735 0.03222222222222222 0.04111842105263158
0 0.16055555555555556 0.8248355263157895 0.03666666666666667 0.04111842105263158
0 0.37222222222222223 0.759046052631579 0.034444444444444444 0.04111842105263158
0 0.415 0.9276315789473685 0.03666666666666667 0.04276315789473684
0 0.9088888888888889 0.30098684210526316 0.03777777777777778 0.049342105263157895
0 0.4166666666666667 0.8873355263157895 0.03666666666666667 0.044407894736842105
0 0.15611111111111112 0.9078947368421053 0.03666666666666667 0.044407894736842105
0 0.11888888888888889 0.3560855263157895 0.025555555555555557 0.04111842105263158
0 0.08555555555555555 0.23190789473684212 0.03777777777777778 0.047697368421052634
0 0.8944444444444445 0.6348684210526315 0.035555555555555556 0.046052631578947366
0 0.4583333333333333 0.3092105263157895 0.022222222222222223 0.03289473684210526
0 0.14833333333333334 0.2779605263157895 0.023333333333333334 0.039473684210526314
0 0.8961111111111111 0.59375 0.035555555555555556 0.04276315789473684
0 0.42333333333333334 0.5098684210526315 0.024444444444444446 0.04111842105263158
0 0.89 0.7212171052631579 0.03666666666666667 0.044407894736842105
0 0.8888888888888888 0.7598684210526315 0.03666666666666667 0.04276315789473684
0 0.4272222222222222 0.4284539473684211 0.025555555555555557 0.039473684210526314
0 0.3838888888888889 0.5106907894736842 0.034444444444444444 0.04276315789473684
0 0.7261111111111112 0.912828947368421 0.03666666666666667 0.044407894736842105
0 0.7333333333333333 0.7475328947368421 0.03333333333333333 0.046052631578947366
0 0.1111111111111111 0.7738486842105263 0.035555555555555556 0.044407894736842105
0 0.125 0.4868421052631579 0.03666666666666667 0.04276315789473684
0 0.5927777777777777 0.4440789473684211 0.035555555555555556 0.04276315789473684
0 0.21333333333333335 0.7837171052631579 0.03777777777777778 0.044407894736842105
0 0.4533333333333333 0.4317434210526316 0.024444444444444446 0.04111842105263158
0 0.43444444444444447 0.3042763157894737 0.021111111111111112 0.03125
0 0.45055555555555554 0.47286184210526316 0.023333333333333334 0.04111842105263158
0 0.14666666666666667 0.3190789473684211 0.023333333333333334 0.03618421052631579
0 0.8805555555555555 0.9243421052631579 0.03666666666666667 0.047697368421052634
0 0.14444444444444443 0.36019736842105265 0.022222222222222223 0.03618421052631579
0 0.11277777777777778 0.7360197368421053 0.034444444444444444 0.04111842105263158
0 0.49833333333333335 0.26726973684210525 0.044444444444444446 0.044407894736842105
0 0.08 0.31167763157894735 0.03888888888888889 0.049342105263157895
0 0.43944444444444447 0.6800986842105263 0.025555555555555557 0.039473684210526314
0 0.9033333333333333 0.4251644736842105 0.035555555555555556 0.044407894736842105
0 0.4483333333333333 0.515625 0.022222222222222223 0.03453947368421053
0 0.12 0.3149671052631579 0.025555555555555557 0.039473684210526314
0 0.8788888888888889 0.96875 0.03777777777777778 0.044407894736842105
0 0.12222222222222222 0.2754934210526316 0.022222222222222223 0.03782894736842105
0 0.39166666666666666 0.34539473684210525 0.035555555555555556 0.044407894736842105
0 0.43722222222222223 0.7212171052631579 0.027777777777777776 0.039473684210526314
0 0.45444444444444443 0.3881578947368421 0.02666666666666667 0.03289473684210526
0 0.6983333333333334 0.3725328947368421 0.034444444444444444 0.04111842105263158
0 0.5911111111111111 0.48519736842105265 0.03666666666666667 0.029605263157894735
0 0.9105555555555556 0.2565789473684211 0.035555555555555556 0.04276315789473684
0 0.48833333333333334 0.7697368421052632 0.024444444444444446 0.03618421052631579
0 0.4866666666666667 0.5148026315789473 0.04666666666666667 0.03289473684210526
0 0.225 0.5773026315789473 0.03777777777777778 0.047697368421052634
0 0.2822222222222222 0.45805921052631576 0.035555555555555556 0.044407894736842105
0 0.4955555555555556 0.3988486842105263 0.042222222222222223 0.039473684210526314
0 0.49777777777777776 0.33305921052631576 0.043333333333333335 0.04276315789473684
0 0.5027777777777778 0.16858552631578946 0.04555555555555556 0.03289473684210526
0 0.4961111111111111 0.3667763157894737 0.04555555555555556 0.03453947368421053
0 0.5016666666666667 0.19983552631578946 0.044444444444444446 0.039473684210526314
0 0.08222222222222222 0.2746710526315789 0.03777777777777778 0.044407894736842105
0 0.5 0.23026315789473684 0.04666666666666667 0.03125
0 0.49777777777777776 0.3001644736842105 0.043333333333333335 0.03125
0 0.5994444444444444 0.28125 0.03666666666666667 0.047697368421052634
0 0.5483333333333333 0.2746710526315789 0.03777777777777778 0.046052631578947366
0 0.23 0.45805921052631576 0.035555555555555556 0.046052631578947366
0 0.2833333333333333 0.41694078947368424 0.035555555555555556 0.044407894736842105
0 0.23444444444444446 0.37088815789473684 0.03777777777777778 0.049342105263157895
0 0.1761111111111111 0.4942434210526316 0.03888888888888889 0.044407894736842105
0 0.7505555555555555 0.375 0.03666666666666667 0.046052631578947366
0 0.12333333333333334 0.5287828947368421 0.03666666666666667 0.047697368421052634
0 0.2872222222222222 0.3355263157894737 0.035555555555555556 0.044407894736842105
0 0.6038888888888889 0.18996710526315788 0.03666666666666667 0.05263157894736842
0 0.7472222222222222 0.4555921052631579 0.035555555555555556 0.04276315789473684
0 0.29388888888888887 0.2080592105263158 0.03777777777777778 0.046052631578947366
0 0.07444444444444444 0.44243421052631576 0.035555555555555556 0.047697368421052634
0 0.17833333333333334 0.45394736842105265 0.03666666666666667 0.044407894736842105
0 0.7 0.328125 0.035555555555555556 0.05098684210526316
0 0.285 0.375 0.034444444444444444 0.04276315789473684
0 0.2288888888888889 0.49917763157894735 0.035555555555555556 0.04276315789473684
0 0.5461111111111111 0.31661184210526316 0.03666666666666667 0.044407894736842105
0 0.1811111111111111 0.4095394736842105 0.035555555555555556 0.05098684210526316
0 0.5533333333333333 0.18503289473684212 0.03777777777777778 0.05098684210526316
0 0.65 0.28289473684210525 0.03333333333333333 0.049342105263157895
0 0.22277777777777777 0.6208881578947368 0.035555555555555556 0.046052631578947366
0 0.7455555555555555 0.4975328947368421 0.034444444444444444 0.047697368421052634
0 0.12666666666666668 0.4457236842105263 0.035555555555555556 0.046052631578947366
0 0.55 0.23108552631578946 0.035555555555555556 0.044407894736842105
0 0.6544444444444445 0.19490131578947367 0.03777777777777778 0.049342105263157895
0 0.23222222222222222 0.4144736842105263 0.035555555555555556 0.047697368421052634
0 0.7566666666666667 0.20148026315789475 0.03777777777777778 0.05098684210526316
0 0.3861111111111111 0.46875 0.034444444444444444 0.047697368421052634
0 0.7516666666666667 0.3347039473684211 0.034444444444444444 0.044407894736842105
0 0.3938888888888889 0.30180921052631576 0.03777777777777778 0.049342105263157895
0 0.44722222222222224 0.26644736842105265 0.035555555555555556 0.047697368421052634
0 0.6522222222222223 0.2393092105263158 0.035555555555555556 0.044407894736842105
0 0.7533333333333333 0.2911184210526316 0.035555555555555556 0.049342105263157895
0 0.6933333333333334 0.4967105263157895 0.034444444444444444 0.046052631578947366
0 0.7555555555555555 0.24671052631578946 0.03666666666666667 0.046052631578947366