0 0.6711111111111111 0.4120065789473684 0.04 0.047697368421052634
0 0.7161111111111111 0.35444078947368424 0.04 0.05098684210526316
0 0.5927777777777777 0.17516447368421054 0.03666666666666667 0.047697368421052634
0 0.49166666666666664 0.19572368421052633 0.04888888888888889 0.05098684210526316
0 0.07555555555555556 0.2080592105263158 0.043333333333333335 0.05592105263157895
0 0.6811111111111111 0.4917763157894737 0.03666666666666667 0.046052631578947366
0 0.22722222222222221 0.6480263157894737 0.04111111111111111 0.05098684210526316
0 0.20833333333333334 0.48273026315789475 0.03888888888888889 0.047697368421052634
0 0.2544444444444444 0.4292763157894737 0.03777777777777778 0.044407894736842105
0 0.865 0.27713815789473684 0.03777777777777778 0.049342105263157895
0 0.46944444444444444 0.4613486842105263 0.03777777777777778 0.046052631578947366
0 0.5705555555555556 0.43585526315789475 0.04 0.05098684210526316
0 0.7505555555555555 0.17927631578947367 0.03777777777777778 0.046052631578947366
0 0.5516666666666666 0.26973684210526316 0.04 0.047697368421052634
0 0.5561111111111111 0.31085526315789475 0.04 0.047697368421052634
0 0.5988888888888889 0.6825657894736842 0.04111111111111111 0.054276315789473686
0 0.9016666666666666 0.1356907894736842 0.042222222222222223 0.05592105263157895
0 0.9066666666666666 0.18338815789473684 0.042222222222222223 0.05263157894736842
0 0.6827777777777778 0.05674342105263158 0.03888888888888889 0.05756578947368421
0 0.6927777777777778 0.14884868421052633 0.03777777777777778 0.05098684210526316
0 0.3338888888888889 0.665296052631579 0.043333333333333335 0.05592105263157895
0 0.6666666666666666 0.37006578947368424 0.04 0.049342105263157895
0 0.47833333333333333 0.5419407894736842 0.03777777777777778 0.047697368421052634
0 0.8138888888888889 0.29276315789473684 0.03777777777777778 0.049342105263157895
0 0.5622222222222222 0.3519736842105263 0.03888888888888889 0.05098684210526316
0 0.5655555555555556 0.39473684210526316 0.03777777777777778 0.047697368421052634
0 0.3011111111111111 0.84375 0.03777777777777778 0.054276315789473686
0 0.2972222222222222 0.32976973684210525 0.03666666666666667 0.049342105263157895
0 0.3005555555555556 0.3717105263157895 0.03888888888888889 0.05098684210526316
0 0.6511111111111111 0.2450657894736842 0.03888888888888889 0.049342105263157895
0 0.6761111111111111 0.45148026315789475 0.04 0.049342105263157895
0 0.27944444444444444 0.15789473684210525 0.042222222222222223 0.054276315789473686
0 0.22277777777777777 0.6069078947368421 0.04 0.049342105263157895
0 0.6977777777777778 0.19161184210526316 0.03888888888888889 0.05098684210526316
0 0.2877777777777778 0.2450657894736842 0.04 0.05263157894736842
0 0.88 0.40213815789473684 0.04 0.05263157894736842
0 0.6316666666666667 0.07236842105263158 0.043333333333333335 0.054276315789473686
0 0.8 0.16529605263157895 0.04111111111111111 0.054276315789473686
0 0.325 0.5797697368421053 0.03777777777777778 0.049342105263157895
0 0.6472222222222223 0.203125 0.03777777777777778 0.049342105263157895
0 0.1988888888888889 0.39473684210526316 0.04111111111111111 0.05098684210526316
0 0.32944444444444443 0.6208881578947368 0.03777777777777778 0.046052631578947366
0 0.8705555555555555 0.31743421052631576 0.03888888888888889 0.049342105263157895
0 0.13055555555555556 0.2393092105263158 0.04 0.05756578947368421
0 0.13666666666666666 0.28618421052631576 0.04111111111111111 0.05098684210526316
0 0.745 0.13898026315789475 0.04111111111111111 0.05263157894736842
0 0.2688888888888889 0.5518092105263158 0.03777777777777778 0.049342105263157895
0 0.3288888888888889 0.14391447368421054 0.04 0.05756578947368421
0 0.5966666666666667 0.21628289473684212 0.03888888888888889 0.05098684210526316
0 0.7633333333333333 0.30098684210526316 0.03888888888888889 0.049342105263157895
0 0.2588888888888889 0.46875 0.03777777777777778 0.05098684210526316
0 0.6888888888888889 0.10361842105263158 0.03777777777777778 0.05263157894736842
0 0.4738888888888889 0.5024671052631579 0.04111111111111111 0.05263157894736842
0 0.2783333333333333 0.6365131578947368 0.03888888888888889 0.05098684210526316
0 0.2927777777777778 0.7623355263157895 0.03666666666666667 0.049342105263157895
0 0.8605555555555555 0.23601973684210525 0.03777777777777778 0.049342105263157895
0 0.2638888888888889 0.5115131578947368 0.03777777777777778 0.047697368421052634
0 0.8327777777777777 0.45148026315789475 0.04111111111111111 0.05592105263157895
0 0.805 0.20970394736842105 0.03777777777777778 0.049342105263157895
0 0.5333333333333333 0.0962171052631579 0.03777777777777778 0.05756578947368421
0 0.5944444444444444 0.6439144736842105 0.04 0.046052631578947366
0 0.31555555555555553 0.49835526315789475 0.04 0.047697368421052634
0 0.2922222222222222 0.2886513157894737 0.04111111111111111 0.05098684210526316
0 0.33944444444444444 0.23519736842105263 0.04111111111111111 0.05263157894736842
0 0.19444444444444445 0.3560855263157895 0.03888888888888889 0.046052631578947366
0 0.2411111111111111 0.30180921052631576 0.03777777777777778 0.049342105263157895
0 0.875 0.35773026315789475 0.03888888888888889 0.049342105263157895
0 0.7333333333333333 0.046052631578947366 0.044444444444444446 0.05756578947368421
0 0.2511111111111111 0.3873355263157895 0.042222222222222223 0.05263157894736842
0 0.84 0.06743421052631579 0.042222222222222223 0.05098684210526316
0 0.835 0.023026315789473683 0.043333333333333335 0.046052631578947366
0 0.18555555555555556 0.2713815789473684 0.03888888888888889 0.054276315789473686
0 0.6622222222222223 0.32976973684210525 0.04 0.049342105263157895
0 0.6416666666666667 0.16200657894736842 0.04 0.054276315789473686
0 0.7683333333333333 0.34375 0.042222222222222223 0.05263157894736842
0 0.2038888888888889 0.4407894736842105 0.04111111111111111 0.05263157894736842
0 0.2461111111111111 0.34457236842105265 0.04 0.05263157894736842
0 0.46444444444444444 0.42023026315789475 0.04111111111111111 0.05098684210526316
0 0.6855555555555556 0.5320723684210527 0.042222222222222223 0.05098684210526316
0 0.3488888888888889 0.3207236842105263 0.04 0.049342105263157895
0 0.2822222222222222 0.6792763157894737 0.03888888888888889 0.049342105263157895
0 0.6016666666666667 0.2590460526315789 0.04111111111111111 0.05263157894736842
0 0.39166666666666666 0.22203947368421054 0.042222222222222223 0.05263157894736842
0 0.5888888888888889 0.6011513157894737 0.03888888888888889 0.05263157894736842
0 0.5822222222222222 0.08223684210526316 0.042222222222222223 0.05756578947368421
0 0.45111111111111113 0.296875 0.04111111111111111 0.05098684210526316
0 0.33444444444444443 0.18996710526315788 0.04 0.05098684210526316
0 0.5605555555555556 0.6981907894736842 0.023333333333333334 0.029605263157894735
0 0.5577777777777778 0.6743421052631579 0.023333333333333334 0.027960526315789474
0 0.345 0.2779605263157895 0.042222222222222223 0.05263157894736842
0 0.44555555555555554 0.25 0.04111111111111111 0.05592105263157895
0 0.7583333333333333 0.26151315789473684 0.04 0.049342105263157895
0 0.515 0.40131578947368424 0.04666666666666667 0.05592105263157895
0 0.6561111111111111 0.2878289473684211 0.04111111111111111 0.05263157894736842
0 0.5433333333333333 0.1875 0.042222222222222223 0.05098684210526316
0 0.7388888888888889 0.09375 0.043333333333333335 0.05592105263157895
0 0.2311111111111111 0.21463815789473684 0.04111111111111111 0.05921052631578947
0 0.2877777777777778 0.7195723684210527 0.03888888888888889 0.049342105263157895
0 0.5377777777777778 0.14391447368421054 0.03888888888888889 0.05263157894736842
0 0.2733333333333333 0.59375 0.04111111111111111 0.05098684210526316
0 0.45944444444444443 0.37664473684210525 0.042222222222222223 0.054276315789473686
0 0.19055555555555556 0.31414473684210525 0.04 0.05098684210526316
0 0.39555555555555555 0.265625 0.04111111111111111 0.05263157894736842
0 0.38555555555555554 0.17763157894736842 0.042222222222222223 0.05263157894736842
0 0.38055555555555554 0.1299342105263158 0.043333333333333335 0.05756578947368421
0 0.23666666666666666 0.2598684210526316 0.04 0.05098684210526316
0 0.48277777777777775 0.5863486842105263 0.042222222222222223 0.054276315789473686
0 0.6372222222222222 0.11759868421052631 0.042222222222222223 0.05098684210526316
0 0.31 0.4555921052631579 0.04111111111111111 0.05098684210526316
0 0.7544444444444445 0.22039473684210525 0.03888888888888889 0.049342105263157895
0 0.3061111111111111 0.4144736842105263 0.04 0.049342105263157895
0 0.35444444444444445 0.36348684210526316 0.042222222222222223 0.054276315789473686
0 0.8555555555555555 0.19572368421052633 0.03888888888888889 0.049342105263157895
0 0.7122222222222222 0.31332236842105265 0.03666666666666667 0.044407894736842105
0 0.8455555555555555 0.109375 0.04111111111111111 0.05592105263157895
0 0.085 0.296875 0.042222222222222223 0.054276315789473686
0 0.5844444444444444 0.5567434210526315 0.03666666666666667 0.046052631578947366
0 0.8505555555555555 0.15296052631578946 0.04 0.05098684210526316
0 0.2961111111111111 0.8018092105263158 0.03777777777777778 0.047697368421052634
0 0.31833333333333336 0.5386513157894737 0.03888888888888889 0.049342105263157895
0 0.505 0.29851973684210525 0.04666666666666667 0.04276315789473684
0 0.5077777777777778 0.3256578947368421 0.04666666666666667 0.04276315789473684
0 0.8227777777777778 0.3717105263157895 0.03666666666666667 0.047697368421052634
0 0.8183333333333334 0.33223684210526316 0.03333333333333333 0.044407894736842105
0 0.52 0.44161184210526316 0.043333333333333335 0.039473684210526314
0 0.4888888888888889 0.16365131578947367 0.04888888888888889 0.039473684210526314
0 0.7077777777777777 0.2730263157894737 0.04 0.05263157894736842
0 0.3377777777777778 0.7088815789473685 0.03777777777777778 0.047697368421052634
0 0.23166666666666666 0.6891447368421053 0.03777777777777778 0.047697368421052634
0 0.255 0.8980263157894737 0.03777777777777778 0.046052631578947366
0 0.9216666666666666 0.774671052631579 0.042222222222222223 0.05098684210526316
0 0.9177777777777778 0.7319078947368421 0.04111111111111111 0.05098684210526316
0 0.485 0.13157894736842105 0.04777777777777778 0.046052631578947366
0 0.3561111111111111 0.8733552631578947 0.04111111111111111 0.054276315789473686
0 0.7266666666666667 0.44161184210526316 0.04111111111111111 0.054276315789473686
0 0.9111111111111111 0.22532894736842105 0.04 0.047697368421052634
0 0.6038888888888889 0.727796052631579 0.04 0.049342105263157895
0 0.4816666666666667 0.09703947368421052 0.04777777777777778 0.046052631578947366
0 0.09722222222222222 0.42105263157894735 0.03777777777777778 0.047697368421052634
0 0.6083333333333333 0.7689144736842105 0.04111111111111111 0.05263157894736842
0 0.24166666666666667 0.7713815789473685 0.04111111111111111 0.047697368421052634
0 0.5744444444444444 0.47368421052631576 0.03888888888888889 0.04111842105263158
0 0.4961111111111111 0.2294407894736842 0.04666666666666667 0.04111842105263158
0 0.7222222222222222 0.3988486842105263 0.03888888888888889 0.05098684210526316
0 0.24555555555555555 0.8141447368421053 0.04111111111111111 0.054276315789473686
0 0.11222222222222222 0.5526315789473685 0.042222222222222223 0.049342105263157895
0 0.10166666666666667 0.4629934210526316 0.04111111111111111 0.054276315789473686
0 0.58 0.515625 0.042222222222222223 0.05263157894736842
0 0.3433333333333333 0.7450657894736842 0.03777777777777778 0.047697368421052634
0 0.885 0.4440789473684211 0.04111111111111111 0.05263157894736842
0 0.81 0.25082236842105265 0.04 0.054276315789473686
0 0.23666666666666666 0.7310855263157895 0.04111111111111111 0.05098684210526316
0 0.6116666666666667 0.8083881578947368 0.04 0.047697368421052634
0 0.8888888888888888 0.48355263157894735 0.03777777777777778 0.044407894736842105
0 0.9038888888888889 0.6085526315789473 0.03777777777777778 0.047697368421052634
0 0.5877777777777777 0.13075657894736842 0.04 0.05592105263157895
0 0.6172222222222222 0.8519736842105263 0.042222222222222223 0.05756578947368421
0 0.9144444444444444 0.6932565789473685 0.03888888888888889 0.047697368421052634
0 0.21777777777777776 0.5657894736842105 0.04111111111111111 0.05098684210526316
0 0.26 0.9391447368421053 0.04111111111111111 0.054276315789473686
0 0.45555555555555555 0.3347039473684211 0.03777777777777778 0.039473684210526314
0 0.8983333333333333 0.5674342105263158 0.03666666666666667 0.049342105263157895
0 0.9077777777777778 0.649671052631579 0.042222222222222223 0.05098684210526316
0 0.8933333333333333 0.524671052631579 0.04111111111111111 0.05098684210526316
0 0.36333333333333334 0.9169407894736842 0.04 0.049342105263157895
0 0.11666666666666667 0.59375 0.043333333333333335 0.05263157894736842
0 0.34833333333333333 0.7870065789473685 0.03888888888888889 0.049342105263157895
0 0.08833333333333333 0.3379934210526316 0.03777777777777778 0.044407894736842105
0 0.5483333333333333 0.23026315789473684 0.03888888888888889 0.047697368421052634
0 0.10722222222222222 0.509046052631579 0.043333333333333335 0.05098684210526316
0 0.09333333333333334 0.37993421052631576 0.04111111111111111 0.05263157894736842
0 0.25 0.8577302631578947 0.042222222222222223 0.05098684210526316
0 0.2833333333333333 0.20230263157894737 0.03666666666666667 0.047697368421052634
0 0.17722222222222223 0.18092105263157895 0.04 0.05098684210526316
0 0.35444444444444445 0.8289473684210527 0.04 0.05098684210526316
0 0.9155555555555556 0.26480263157894735 0.04111111111111111 0.054276315789473686
0 0.2127777777777778 0.5238486842105263 0.03888888888888889 0.049342105263157895
0 0.18166666666666667 0.22532894736842105 0.03888888888888889 0.05098684210526316
0 0.5011111111111111 0.2631578947368421 0.04777777777777778 0.049342105263157895
0 0.8277777777777777 0.41118421052631576 0.03888888888888889 0.046052631578947366
0 0.07944444444444444 0.2524671052631579 0.04 0.049342105263157895
0 0.7033333333333334 0.23190789473684212 0.03777777777777778 0.047697368421052634