0 0.5033333333333333 0.37355371900826445 0.04555555555555556 0.04132231404958678
0 0.44055555555555553 0.2958677685950413 0.03777777777777778 0.047933884297520664
0 0.6511111111111111 0.3396694214876033 0.03777777777777778 0.047933884297520664
0 0.7533333333333333 0.6479338842975206 0.025555555555555557 0.03140495867768595
0 0.515 0.4933884297520661 0.04 0.03801652892561983
0 0.9138888888888889 0.2421487603305785 0.025555555555555557 0.03471074380165289
0 0.7183333333333334 0.36446280991735536 0.027777777777777776 0.04297520661157025
0 0.3794444444444444 0.21983471074380165 0.04111111111111111 0.03636363636363636
0 0.66 0.8404958677685951 0.04 0.049586776859504134
0 0.5005555555555555 0.343801652892562 0.044444444444444446 0.03801652892561983
0 0.3283333333333333 0.23140495867768596 0.04111111111111111 0.05950413223140496
0 0.7033333333333334 0.44958677685950416 0.024444444444444446 0.02975206611570248
0 0.7288888888888889 0.6553719008264463 0.025555555555555557 0.03305785123966942
0 0.35055555555555556 0.8652892561983471 0.042222222222222223 0.04628099173553719
0 0.7283333333333334 0.44297520661157025 0.024444444444444446 0.02975206611570248
0 0.7372222222222222 0.7347107438016529 0.025555555555555557 0.03801652892561983
0 0.7327777777777778 0.6942148760330579 0.023333333333333334 0.03801652892561983
0 0.5566666666666666 0.7347107438016529 0.025555555555555557 0.03471074380165289
0 0.3561111111111111 0.9016528925619834 0.03777777777777778 0.04297520661157025
0 0.7627777777777778 0.7305785123966942 0.025555555555555557 0.03471074380165289
0 0.7338888888888889 0.48512396694214877 0.025555555555555557 0.03636363636363636
0 0.4816666666666667 0.21074380165289255 0.04888888888888889 0.03636363636363636
0 0.7572222222222222 0.6900826446280992 0.025555555555555557 0.03636363636363636
0 0.4577777777777778 0.8826446280991735 0.03666666666666667 0.04462809917355372
0 0.7444444444444445 0.5669421487603306 0.023333333333333334 0.03636363636363636
0 0.8838888888888888 0.20743801652892563 0.025555555555555557 0.03636363636363636
0 0.9088888888888889 0.20165289256198346 0.023333333333333334 0.03636363636363636
0 0.48944444444444446 0.2768595041322314 0.04666666666666667 0.03966942148760331
0 0.64 0.6768595041322314 0.04 0.05289256198347107
0 0.9205555555555556 0.40743801652892564 0.03777777777777778 0.04297520661157025
0 0.4955555555555556 0.3090909090909091 0.04777777777777778 0.047933884297520664
0 0.65 0.7570247933884298 0.04 0.049586776859504134
0 0.7177777777777777 0.571900826446281 0.024444444444444446 0.03966942148760331
0 0.4766666666666667 0.14297520661157026 0.04666666666666667 0.04132231404958678
0 0.8111111111111111 0.8074380165289257 0.03888888888888889 0.04462809917355372
0 0.1461111111111111 0.9082644628099174 0.04111111111111111 0.047933884297520664
0 0.7083333333333334 0.4909090909090909 0.02666666666666667 0.04132231404958678
0 0.7483333333333333 0.6066115702479339 0.025555555555555557 0.03966942148760331
0 0.8061111111111111 0.7677685950413223 0.03777777777777778 0.04462809917355372
0 0.1322222222222222 0.7818181818181819 0.03777777777777778 0.04297520661157025
0 0.9244444444444444 0.4479338842975207 0.035555555555555556 0.04628099173553719
0 0.7033333333333334 0.2421487603305785 0.023333333333333334 0.03801652892561983
0 0.7088888888888889 0.2834710743801653 0.024444444444444446 0.03966942148760331
0 0.20277777777777778 0.9380165289256198 0.04111111111111111 0.0512396694214876
0 0.7233333333333334 0.6115702479338843 0.02666666666666667 0.04132231404958678
0 0.13666666666666666 0.8198347107438017 0.042222222222222223 0.05289256198347107
0 0.655 0.7991735537190082 0.04 0.049586776859504134
0 0.7388888888888889 0.528099173553719 0.024444444444444446 0.03636363636363636
0 0.645 0.7173553719008264 0.03888888888888889 0.04628099173553719
0 0.8155555555555556 0.8495867768595041 0.04 0.0512396694214876
0 0.1827777777777778 0.7710743801652893 0.03666666666666667 0.04628099173553719
0 0.6794444444444444 0.24710743801652893 0.025555555555555557 0.04132231404958678
0 0.20722222222222222 0.9752066115702479 0.04111111111111111 0.04297520661157025
0 0.19722222222222222 0.8958677685950414 0.042222222222222223 0.049586776859504134
0 0.36277777777777775 0.5231404958677686 0.03111111111111111 0.04132231404958678
0 0.7922222222222223 0.6446280991735537 0.04 0.049586776859504134
0 0.17833333333333334 0.7322314049586777 0.04 0.047933884297520664
0 0.665 0.8826446280991735 0.04111111111111111 0.05289256198347107
0 0.31222222222222223 0.5338842975206611 0.03888888888888889 0.047933884297520664
0 0.635 0.6347107438016529 0.03777777777777778 0.04297520661157025
0 0.33166666666666667 0.6991735537190082 0.03888888888888889 0.04628099173553719
0 0.43222222222222223 0.6785123966942149 0.03888888888888889 0.047933884297520664
0 0.4627777777777778 0.9223140495867769 0.03777777777777778 0.04628099173553719
0 0.9072222222222223 0.28264462809917357 0.03777777777777778 0.04462809917355372
0 0.29333333333333333 0.37272727272727274 0.035555555555555556 0.047933884297520664
0 0.10777777777777778 0.5752066115702479 0.03666666666666667 0.04297520661157025
0 0.9294444444444444 0.4900826446280992 0.04 0.047933884297520664
0 0.5077777777777778 0.8710743801652893 0.03777777777777778 0.047933884297520664
0 0.695 0.3702479338842975 0.02666666666666667 0.04132231404958678
0 0.1922222222222222 0.8553719008264463 0.04 0.0512396694214876
0 0.39222222222222225 0.7702479338842976 0.03666666666666667 0.04297520661157025
0 0.7966666666666666 0.6851239669421487 0.03777777777777778 0.047933884297520664
0 0.12111111111111111 0.22479338842975208 0.04111111111111111 0.05619834710743802
0 0.7244444444444444 0.4049586776859504 0.02666666666666667 0.03636363636363636
0 0.4066666666666667 0.8933884297520661 0.03777777777777778 0.04628099173553719
0 0.5122222222222222 0.9148760330578513 0.03777777777777778 0.0512396694214876
0 0.1638888888888889 0.6107438016528925 0.04 0.04462809917355372
0 0.7577777777777778 0.3578512396694215 0.03666666666666667 0.04462809917355372
0 0.17222222222222222 0.6900826446280992 0.03666666666666667 0.047933884297520664
0 0.8494444444444444 0.25206611570247933 0.03777777777777778 0.04462809917355372
0 0.14166666666666666 0.8652892561983471 0.03888888888888889 0.0512396694214876
0 0.36 0.9421487603305785 0.04111111111111111 0.05289256198347107
0 0.845 0.2115702479338843 0.03777777777777778 0.04628099173553719
0 0.4861111111111111 0.2421487603305785 0.04666666666666667 0.04628099173553719
0 0.7122222222222222 0.5322314049586777 0.025555555555555557 0.03801652892561983
0 0.7133333333333334 0.32231404958677684 0.02666666666666667 0.03801652892561983
0 0.12833333333333333 0.7421487603305785 0.04 0.047933884297520664
0 0.5022222222222222 0.8305785123966942 0.03888888888888889 0.047933884297520664
0 0.47888888888888886 0.17768595041322313 0.04555555555555556 0.04628099173553719
0 0.9111111111111111 0.3239669421487603 0.03888888888888889 0.04628099173553719
0 0.3972222222222222 0.8099173553719008 0.035555555555555556 0.04297520661157025
0 0.18777777777777777 0.812396694214876 0.04 0.047933884297520664
0 0.7883333333333333 0.18429752066115704 0.03666666666666667 0.04462809917355372
0 0.44722222222222224 0.8008264462809918 0.03888888888888889 0.049586776859504134
0 0.6994444444444444 0.4090909090909091 0.023333333333333334 0.03471074380165289
0 0.6894444444444444 0.32727272727272727 0.024444444444444446 0.03801652892561983
0 0.19555555555555557 0.43140495867768597 0.03777777777777778 0.04297520661157025
0 0.7822222222222223 0.13801652892561983 0.03888888888888889 0.05619834710743802
0 0.2011111111111111 0.4727272727272727 0.03888888888888889 0.0512396694214876
0 0.4683333333333333 0.5454545454545454 0.03666666666666667 0.04462809917355372
0 0.3466666666666667 0.824793388429752 0.04111111111111111 0.0512396694214876
0 0.17222222222222222 0.21735537190082643 0.04111111111111111 0.05454545454545454
0 0.7722222222222223 0.47851239669421486 0.04 0.047933884297520664
0 0.14944444444444444 0.484297520661157 0.03888888888888889 0.047933884297520664
0 0.8022222222222222 0.7272727272727273 0.04111111111111111 0.047933884297520664
0 0.09833333333333333 0.49504132231404957 0.034444444444444444 0.04628099173553719
0 0.18555555555555556 0.34628099173553717 0.03888888888888889 0.047933884297520664
0 0.7872222222222223 0.6024793388429752 0.03888888888888889 0.047933884297520664
0 0.48277777777777775 0.6652892561983471 0.03777777777777778 0.04297520661157025
0 0.30333333333333334 0.4512396694214876 0.035555555555555556 0.04132231404958678
0 0.07388888888888889 0.2859504132231405 0.03777777777777778 0.049586776859504134
0 0.8338888888888889 0.1256198347107438 0.04111111111111111 0.05454545454545454
0 0.7266666666666667 0.1024793388429752 0.04 0.0512396694214876
0 0.3411111111111111 0.7793388429752066 0.04 0.0512396694214876
0 0.41055555555555556 0.9347107438016529 0.03888888888888889 0.0512396694214876
0 0.6416666666666667 0.2537190082644628 0.03666666666666667 0.04628099173553719
0 0.8527777777777777 0.29669421487603304 0.035555555555555556 0.0512396694214876
0 0.4261111111111111 0.1652892561983471 0.03777777777777778 0.047933884297520664
0 0.1688888888888889 0.6487603305785123 0.03888888888888889 0.047933884297520664
0 0.6261111111111111 0.552892561983471 0.03777777777777778 0.04628099173553719
0 0.8388888888888889 0.17107438016528925 0.03777777777777778 0.047933884297520664
0 0.4461111111111111 0.3371900826446281 0.035555555555555556 0.04462809917355372
0 0.5772222222222222 0.1322314049586777 0.042222222222222223 0.05454545454545454
0 0.20555555555555555 0.5140495867768595 0.04111111111111111 0.049586776859504134
0 0.7927777777777778 0.22396694214876034 0.03888888888888889 0.049586776859504134
0 0.12333333333333334 0.7008264462809918 0.03888888888888889 0.047933884297520664
0 0.7616666666666667 0.39834710743801655 0.035555555555555556 0.04628099173553719
0 0.29777777777777775 0.4115702479338843 0.03777777777777778 0.04462809917355372
0 0.11333333333333333 0.6157024793388429 0.03888888888888889 0.047933884297520664
0 0.45222222222222225 0.8429752066115702 0.04111111111111111 0.047933884297520664
0 0.13111111111111112 0.3165289256198347 0.03777777777777778 0.04628099173553719
0 0.4872222222222222 0.7049586776859504 0.03777777777777778 0.049586776859504134
0 0.8027777777777778 0.3074380165289256 0.03888888888888889 0.047933884297520664
0 0.9155555555555556 0.3669421487603306 0.04 0.0512396694214876
0 0.43722222222222223 0.7181818181818181 0.03777777777777778 0.04297520661157025
0 0.8283333333333334 0.07933884297520662 0.04 0.05289256198347107
0 0.38666666666666666 0.7305785123966942 0.03888888888888889 0.05289256198347107
0 0.08333333333333333 0.3702479338842975 0.03777777777777778 0.04628099173553719
0 0.685 0.6272727272727273 0.03777777777777778 0.0512396694214876
0 0.6844444444444444 0.2900826446280992 0.02666666666666667 0.04132231404958678
0 0.1761111111111111 0.2636363636363636 0.03666666666666667 0.047933884297520664
0 0.7672222222222222 0.4388429752066116 0.035555555555555556 0.04628099173553719
0 0.37277777777777776 0.6057851239669422 0.034444444444444444 0.04628099173553719
0 0.5822222222222222 0.17768595041322313 0.04 0.0512396694214876
0 0.7833333333333333 0.5636363636363636 0.03777777777777778 0.04628099173553719
0 0.10333333333333333 0.5363636363636364 0.03777777777777778 0.04462809917355372
0 0.4011111111111111 0.8520661157024794 0.03888888888888889 0.05289256198347107
0 0.7527777777777778 0.3165289256198347 0.03777777777777778 0.047933884297520664
0 0.18 0.30578512396694213 0.03777777777777778 0.047933884297520664
0 0.47833333333333333 0.6264462809917355 0.03777777777777778 0.047933884297520664
0 0.3572222222222222 0.484297520661157 0.03888888888888889 0.049586776859504134
0 0.21 0.5586776859504132 0.03888888888888889 0.05289256198347107
0 0.19055555555555556 0.38925619834710745 0.03888888888888889 0.0512396694214876
0 0.5866666666666667 0.22396694214876034 0.03666666666666667 0.049586776859504134
0 0.12611111111111112 0.2727272727272727 0.04 0.05289256198347107
0 0.6211111111111111 0.5132231404958678 0.03666666666666667 0.04297520661157025
0 0.7766666666666666 0.5206611570247934 0.03888888888888889 0.0512396694214876
0 0.32222222222222224 0.6165289256198347 0.04 0.04628099173553719
0 0.3788888888888889 0.6462809917355372 0.03333333333333333 0.04628099173553719
0 0.09388888888888888 0.45206611570247934 0.03888888888888889 0.047933884297520664
0 0.33611111111111114 0.7380165289256199 0.03777777777777778 0.04628099173553719
0 0.11777777777777777 0.6578512396694215 0.04111111111111111 0.049586776859504134
0 0.6 0.3495867768595041 0.03222222222222222 0.04132231404958678
0 0.395 0.34793388429752065 0.03777777777777778 0.04628099173553719
0 0.7327777777777778 0.14958677685950414 0.04111111111111111 0.0512396694214876
0 0.49777777777777776 0.7892561983471075 0.04 0.049586776859504134
0 0.4638888888888889 0.5066115702479339 0.03888888888888889 0.049586776859504134
0 0.7472222222222222 0.27603305785123966 0.03888888888888889 0.0512396694214876
0 0.145 0.44214876033057854 0.03888888888888889 0.049586776859504134
0 0.15444444444444444 0.5256198347107438 0.03888888888888889 0.0512396694214876
0 0.41944444444444445 0.5553719008264463 0.04111111111111111 0.04628099173553719
0 0.6155555555555555 0.4735537190082645 0.03777777777777778 0.047933884297520664
0 0.07944444444444444 0.328099173553719 0.04111111111111111 0.047933884297520664
0 0.13555555555555557 0.3586776859504132 0.04111111111111111 0.049586776859504134
0 0.5805555555555556 0.6033057851239669 0.03888888888888889 0.049586776859504134
0 0.68 0.5834710743801653 0.035555555555555556 0.049586776859504134
0 0.08777777777777777 0.4099173553719008 0.04 0.049586776859504134
0 0.16 0.5694214876033058 0.042222222222222223 0.0512396694214876
0 0.7972222222222223 0.26694214876033057 0.03666666666666667 0.049586776859504134
0 0.6566666666666666 0.3793388429752066 0.035555555555555556 0.04297520661157025
0 0.5911111111111111 0.26694214876033057 0.035555555555555556 0.04628099173553719
0 0.66 0.41983471074380163 0.03111111111111111 0.04628099173553719
0 0.47333333333333333 0.584297520661157 0.03777777777777778 0.04462809917355372
0 0.2877777777777778 0.328099173553719 0.03666666666666667 0.047933884297520664
0 0.7433333333333333 0.23471074380165288 0.04 0.047933884297520664
0 0.49333333333333335 0.7471074380165289 0.04 0.047933884297520664
0 0.31833333333333336 0.5760330578512397 0.04111111111111111 0.049586776859504134
0 0.44222222222222224 0.7578512396694215 0.04111111111111111 0.049586776859504134
0 0.30833333333333335 0.4909090909090909 0.03777777777777778 0.049586776859504134
0 0.7383333333333333 0.1933884297520661 0.04111111111111111 0.049586776859504134
0 0.5094444444444445 0.4479338842975207 0.04555555555555556 0.05454545454545454
0 0.4311111111111111 0.20991735537190082 0.03888888888888889 0.0512396694214876
0 0.42333333333333334 0.5958677685950413 0.04 0.047933884297520664
0 0.5661111111111111 0.4826446280991736 0.03666666666666667 0.04628099173553719
0 0.5738888888888889 0.5619834710743802 0.03777777777777778 0.04462809917355372
0 0.42777777777777776 0.6388429752066116 0.03777777777777778 0.04462809917355372
0 0.5705555555555556 0.5231404958677686 0.03666666666666667 0.04462809917355372
0 0.5411111111111111 0.27603305785123966 0.03666666666666667 0.047933884297520664
0 0.32666666666666666 0.6570247933884298 0.04 0.047933884297520664
0 0.6305555555555555 0.5942148760330579 0.03777777777777778 0.04462809917355372
0 0.6738888888888889 0.5429752066115703 0.03333333333333333 0.04628099173553719
0 0.67 0.5008264462809917 0.03222222222222222 0.04462809917355372
0 0.1411111111111111 0.4 0.04 0.049586776859504134
0 0.22666666666666666 0.25041322314049586 0.03777777777777778 0.05289256198347107
0 0.5361111111111111 0.23553719008264462 0.03777777777777778 0.047933884297520664
0 0.3438888888888889 0.359504132231405 0.03888888888888889 0.04297520661157025
0 0.38166666666666665 0.687603305785124 0.03888888888888889 0.049586776859504134
0 0.46 0.4636363636363636 0.03777777777777778 0.047933884297520664
0 0.3522222222222222 0.4413223140495868 0.03888888888888889 0.049586776859504134
0 0.24333333333333335 0.38264462809917354 0.04 0.05289256198347107
0 0.5966666666666667 0.30991735537190085 0.03666666666666667 0.047933884297520664
0 0.5555555555555556 0.40165289256198344 0.035555555555555556 0.04628099173553719
0 0.45444444444444443 0.4223140495867769 0.03666666666666667 0.047933884297520664
0 0.36777777777777776 0.5636363636363636 0.03777777777777778 0.047933884297520664
0 0.23222222222222222 0.2958677685950413 0.04 0.049586776859504134
0 0.4038888888888889 0.43140495867768597 0.03666666666666667 0.047933884297520664
0 0.39 0.3074380165289256 0.03888888888888889 0.047933884297520664
0 0.6055555555555555 0.39008264462809916 0.03666666666666667 0.049586776859504134
0 0.645 0.29669421487603304 0.03666666666666667 0.047933884297520664
0 0.3488888888888889 0.4 0.03888888888888889 0.049586776859504134
0 0.23722222222222222 0.33884297520661155 0.04111111111111111 0.049586776859504134
0 0.5305555555555556 0.19008264462809918 0.04111111111111111 0.05454545454545454
0 0.3838888888888889 0.2644628099173554 0.03888888888888889 0.0512396694214876
0 0.2788888888888889 0.2421487603305785 0.04111111111111111 0.05454545454545454
0 0.335 0.27603305785123966 0.03666666666666667 0.04297520661157025
0 0.6661111111111111 0.46033057851239667 0.035555555555555556 0.047933884297520664
0 0.3388888888888889 0.31735537190082647 0.035555555555555556 0.049586776859504134
0 0.4077777777777778 0.4743801652892562 0.03888888888888889 0.047933884297520664
0 0.43666666666666665 0.2545454545454545 0.034444444444444444 0.04628099173553719
0 0.41388888888888886 0.515702479338843 0.04 0.047933884297520664
0 0.39944444444444444 0.38925619834710745 0.03777777777777778 0.04628099173553719
0 0.6111111111111112 0.43140495867768597 0.035555555555555556 0.04628099173553719
0 0.56 0.44214876033057854 0.03777777777777778 0.04628099173553719
0 0.45 0.38016528925619836 0.03888888888888889 0.049586776859504134
0 0.5455555555555556 0.31983471074380165 0.03777777777777778 0.05289256198347107
0 0.2827777777777778 0.28677685950413223 0.03888888888888889 0.047933884297520664
0 0.5516666666666666 0.36198347107438017 0.03777777777777778 0.04628099173553719