0 0.52 0.6242088607594937 0.02625 0.04113924050632911
0 0.525 0.6606012658227848 0.02625 0.03481012658227848
0 0.140625 0.8283227848101266 0.0375 0.04588607594936709
0 0.1375 0.805379746835443 0.035 0.0379746835443038
0 0.488125 0.4248417721518987 0.04 0.04588607594936709
0 0.530625 0.7025316455696202 0.0225 0.023734177215189875
0 0.144375 0.8607594936708861 0.04 0.05063291139240506
0 0.329375 0.49683544303797467 0.03625 0.03955696202531646
0 0.679375 0.6787974683544303 0.03625 0.0379746835443038
0 0.7825 0.6028481012658228 0.03625 0.04113924050632911
0 0.18375 0.6993670886075949 0.03875 0.04272151898734177
0 0.176875 0.6360759493670886 0.0375 0.04272151898734177
0 0.34625 0.6518987341772152 0.03625 0.0379746835443038
0 0.126875 0.7025316455696202 0.0375 0.04113924050632911
0 0.84375 0.6637658227848101 0.0325 0.0379746835443038
0 0.21 0.9541139240506329 0.035 0.03955696202531646
0 0.30375 0.7848101265822784 0.03375 0.03955696202531646
0 0.84125 0.6329113924050633 0.03625 0.04113924050632911
0 0.698125 0.870253164556962 0.03875 0.04113924050632911
0 0.255 0.8528481012658228 0.0375 0.04272151898734177
0 0.299375 0.7531645569620253 0.0375 0.04272151898734177
0 0.659375 0.4920886075949367 0.03625 0.03955696202531646
0 0.4025 0.6772151898734177 0.03625 0.03955696202531646
0 0.869375 0.37816455696202533 0.035 0.03955696202531646
0 0.326875 0.4651898734177215 0.03625 0.03955696202531646
0 0.640625 0.8441455696202531 0.0375 0.04430379746835443
0 0.85 0.7262658227848101 0.035 0.0379746835443038
0 0.495625 0.49683544303797467 0.0375 0.04588607594936709
0 0.64375 0.8757911392405063 0.03625 0.03955696202531646
0 0.406875 0.7080696202531646 0.0375 0.04272151898734177
0 0.8225 0.4430379746835443 0.0325 0.0379746835443038
0 0.33625 0.5617088607594937 0.03625 0.03955696202531646
0 0.319375 0.3987341772151899 0.03625 0.03955696202531646
0 0.121875 0.6424050632911392 0.03875 0.04272151898734177
0 0.243125 0.7270569620253164 0.03625 0.04272151898734177
0 0.730625 0.6431962025316456 0.035 0.03955696202531646
0 0.548125 0.4723101265822785 0.03625 0.03955696202531646
0 0.646875 0.9082278481012658 0.0375 0.03955696202531646
0 0.83375 0.5688291139240507 0.03375 0.03639240506329114
0 0.355 0.7492088607594937 0.03625 0.04430379746835443
0 0.429375 0.9319620253164557 0.03375 0.03639240506329114
0 0.21375 0.442246835443038 0.0375 0.04588607594936709
0 0.1025 0.4525316455696203 0.0375 0.04272151898734177
0 0.413125 0.7721518987341772 0.035 0.03955696202531646
0 0.166875 0.5435126582278481 0.035 0.03955696202531646
0 0.430625 0.3884493670886076 0.03625 0.04272151898734177
0 0.87375 0.40822784810126583 0.035 0.03955696202531646
0 0.561875 0.6289556962025317 0.03625 0.03955696202531646
0 0.44125 0.48575949367088606 0.035 0.03639240506329114
0 0.41625 0.8037974683544303 0.03625 0.04113924050632911
0 0.41 0.7397151898734177 0.035 0.04113924050632911
0 0.190625 0.7642405063291139 0.0375 0.04430379746835443
0 0.341875 0.6210443037974683 0.03875 0.04113924050632911
0 0.18 0.6669303797468354 0.03875 0.04113924050632911
0 0.736875 0.7056962025316456 0.03375 0.0379746835443038
0 0.628125 0.7183544303797469 0.035 0.04113924050632911
0 0.24875 0.7895569620253164 0.0375 0.04113924050632911
0 0.766875 0.4501582278481013 0.0325 0.0379746835443038
0 0.8375 0.6004746835443038 0.03625 0.03955696202531646
0 0.85375 0.7579113924050633 0.03625 0.03955696202531646
0 0.625 0.6867088607594937 0.03625 0.03955696202531646
0 0.115625 0.5799050632911392 0.03625 0.04113924050632911
0 0.351875 0.7143987341772152 0.03625 0.03955696202531646
0 0.88 0.46914556962025317 0.0375 0.04113924050632911
0 0.285 0.5957278481012658 0.03625 0.04272151898734177
0 0.28 0.564873417721519 0.035 0.0379746835443038
0 0.694375 0.8401898734177216 0.0375 0.04113924050632911
0 0.56875 0.6914556962025317 0.03625 0.03955696202531646
0 0.16125 0.4802215189873418 0.03875 0.04430379746835443
0 0.44375 0.5150316455696202 0.035 0.03955696202531646
0 0.311875 0.879746835443038 0.03625 0.03955696202531646
0 0.5725 0.7238924050632911 0.0375 0.04430379746835443
0 0.656875 0.46281645569620256 0.03625 0.03955696202531646
0 0.753125 0.8686708860759493 0.03625 0.04113924050632911
0 0.8025 0.7943037974683544 0.0375 0.04272151898734177
0 0.135 0.7689873417721519 0.0375 0.04113924050632911
0 0.785625 0.6360759493670886 0.035 0.03955696202531646
0 0.385625 0.49050632911392406 0.03625 0.03955696202531646
0 0.69125 0.807753164556962 0.0375 0.04272151898734177
0 0.39375 0.5830696202531646 0.03375 0.04113924050632911
0 0.446875 0.5474683544303798 0.035 0.04113924050632911
0 0.27625 0.5324367088607594 0.035 0.03955696202531646
0 0.105 0.4873417721518987 0.0375 0.04272151898734177
0 0.825625 0.4754746835443038 0.035 0.04272151898734177
0 0.55625 0.5664556962025317 0.03625 0.03955696202531646
0 0.17125 0.5759493670886076 0.0325 0.0379746835443038
0 0.615625 0.5933544303797469 0.035 0.03955696202531646
0 0.48375 0.3852848101265823 0.03875 0.0490506329113924
0 0.603125 0.46677215189873417 0.035 0.03955696202531646
0 0.805625 0.8283227848101266 0.03625 0.04113924050632911
0 0.109375 0.5181962025316456 0.03875 0.04113924050632911
0 0.229375 0.6012658227848101 0.0375 0.04430379746835443
0 0.315625 0.9113924050632911 0.0375 0.04113924050632911
0 0.8475 0.6954113924050633 0.03625 0.03955696202531646
0 0.2575 0.8876582278481012 0.03625 0.04272151898734177
0 0.67375 0.617879746835443 0.03375 0.0379746835443038
0 0.701875 0.9011075949367089 0.0375 0.03955696202531646
0 0.4225 0.8670886075949367 0.03625 0.03955696202531646
0 0.159375 0.4454113924050633 0.03875 0.04746835443037975
0 0.390625 0.5522151898734177 0.03625 0.0379746835443038
0 0.715625 0.4865506329113924 0.03375 0.03639240506329114
0 0.55125 0.5055379746835443 0.03375 0.04272151898734177
0 0.86625 0.34335443037974683 0.0375 0.04746835443037975
0 0.72875 0.6123417721518988 0.035 0.0379746835443038
0 0.68625 0.7436708860759493 0.0375 0.04272151898734177
0 0.830625 0.5387658227848101 0.0375 0.04113924050632911
0 0.45 0.5783227848101266 0.035 0.03955696202531646
0 0.13125 0.7357594936708861 0.0375 0.04430379746835443
0 0.750625 0.8346518987341772 0.0375 0.04746835443037975
0 0.3325 0.5284810126582279 0.0375 0.04272151898734177
0 0.270625 0.47151898734177217 0.03625 0.03955696202531646
0 0.323125 0.4311708860759494 0.03875 0.04430379746835443
0 0.74375 0.7697784810126582 0.0375 0.04430379746835443
0 0.6825 0.7104430379746836 0.035 0.03955696202531646
0 0.3775 0.4264240506329114 0.03875 0.04430379746835443
0 0.77 0.4802215189873418 0.035 0.04113924050632911
0 0.8 0.7626582278481012 0.0375 0.04272151898734177
0 0.6875 0.7753164556962026 0.0375 0.04113924050632911
0 0.38875 0.5221518987341772 0.03625 0.04113924050632911
0 0.545 0.43908227848101267 0.035 0.04272151898734177
0 0.4 0.6463607594936709 0.035 0.0379746835443038
0 0.223125 0.5395569620253164 0.035 0.03955696202531646
0 0.795625 0.7325949367088608 0.03625 0.03955696202531646
0 0.56 0.5981012658227848 0.0375 0.04272151898734177
0 0.22 0.5063291139240507 0.0375 0.04430379746835443
0 0.653125 0.4295886075949367 0.0375 0.04430379746835443
0 0.7925 0.6993670886075949 0.03625 0.04113924050632911
0 0.605625 0.49920886075949367 0.03375 0.04113924050632911
0 0.613125 0.5617088607594937 0.03375 0.03955696202531646
0 0.268125 0.4375 0.0375 0.04430379746835443
0 0.451875 0.6099683544303798 0.03875 0.04272151898734177
0 0.709375 0.4224683544303797 0.035 0.04113924050632911
0 0.6 0.43433544303797467 0.03625 0.04113924050632911
0 0.734375 0.6748417721518988 0.035 0.03955696202531646
0 0.38125 0.4596518987341772 0.03875 0.04113924050632911
0 0.609375 0.5284810126582279 0.03375 0.0379746835443038
0 0.711875 0.4564873417721519 0.0375 0.04272151898734177
0 0.2875 0.625 0.0325 0.03639240506329114
0 0.23875 0.694620253164557 0.0375 0.04113924050632911
0 0.529375 0.682753164556962 0.02125 0.022151898734177215
0 0.5475 0.8939873417721519 0.025 0.02689873417721519
0 0.5325 0.7238924050632911 0.02375 0.028481012658227847
0 0.85875 0.8235759493670886 0.03875 0.04113924050632911
0 0.619375 0.6234177215189873 0.03375 0.0379746835443038
0 0.37375 0.39319620253164556 0.035 0.03955696202531646
0 0.41875 0.8346518987341772 0.0325 0.0379746835443038
0 0.634375 0.7808544303797469 0.035 0.04272151898734177
0 0.18625 0.7318037974683544 0.03875 0.04113924050632911
0 0.8775 0.43829113924050633 0.03375 0.03639240506329114
0 0.82875 0.5087025316455697 0.035 0.03955696202531646
0 0.725625 0.5822784810126582 0.03625 0.04113924050632911
0 0.789375 0.6685126582278481 0.03625 0.04113924050632911
0 0.43625 0.45332278481012656 0.0375 0.04430379746835443
0 0.39625 0.615506329113924 0.0375 0.04113924050632911
0 0.739375 0.7365506329113924 0.0375 0.04113924050632911
0 0.721875 0.5506329113924051 0.035 0.03955696202531646
0 0.663125 0.5221518987341772 0.03625 0.03955696202531646
0 0.66625 0.5537974683544303 0.03625 0.03955696202531646
0 0.765 0.4177215189873418 0.035 0.04430379746835443
0 0.718125 0.5166139240506329 0.0375 0.04113924050632911
0 0.669375 0.5878164556962026 0.03625 0.03955696202531646
0 0.776875 0.5427215189873418 0.03875 0.04430379746835443
0 0.504375 0.5688291139240507 0.03625 0.03481012658227848
0 0.500625 0.5450949367088608 0.03875 0.03322784810126582
0 0.49125 0.4588607594936709 0.03875 0.04272151898734177
0 0.50625 0.5917721518987342 0.03625 0.02531645569620253
0 0.31875 0.9438291139240507 0.0375 0.04113924050632911
0 0.779375 0.5751582278481012 0.03625 0.04113924050632911
0 0.193125 0.7974683544303798 0.0375 0.03955696202531646
0 0.30875 0.8473101265822784 0.03625 0.04113924050632911
0 0.27375 0.5015822784810127 0.035 0.0379746835443038
0 0.80875 0.8591772151898734 0.035 0.0379746835443038
0 0.55375 0.5379746835443038 0.03375 0.0379746835443038
0 0.433125 0.42167721518987344 0.035 0.0379746835443038
0 0.33875 0.5909810126582279 0.03625 0.03955696202531646
0 0.77375 0.5102848101265823 0.03125 0.03639240506329114
0 0.203125 0.8916139240506329 0.03625 0.04272151898734177
0 0.6325 0.7492088607594937 0.035 0.0379746835443038
0 0.164375 0.5126582278481012 0.0375 0.04113924050632911
0 0.25125 0.819620253164557 0.03625 0.03955696202531646
0 0.260625 0.9177215189873418 0.035 0.0379746835443038
0 0.111875 0.5482594936708861 0.035 0.03639240506329114
0 0.425625 0.8987341772151899 0.03 0.03639240506329114
0 0.124375 0.6724683544303798 0.035 0.03639240506329114
0 0.19625 0.8267405063291139 0.03875 0.04113924050632911
0 0.2 0.8575949367088608 0.03875 0.04113924050632911
0 0.865625 0.8860759493670886 0.0375 0.04113924050632911
0 0.30625 0.8156645569620253 0.0375 0.04272151898734177
0 0.75625 0.8979430379746836 0.0375 0.03322784810126582
0 0.566875 0.6598101265822784 0.03625 0.03955696202531646
0 0.245 0.7587025316455697 0.03625 0.0379746835443038
0 0.14875 0.8979430379746836 0.03625 0.04113924050632911
0 0.205625 0.9240506329113924 0.03375 0.0379746835443038
0 0.746875 0.8006329113924051 0.03375 0.0379746835443038
0 0.1175 0.6099683544303798 0.03625 0.03955696202531646
0 0.289375 0.6550632911392406 0.03625 0.04272151898734177
0 0.550625 0.9169303797468354 0.02375 0.028481012658227847
0 0.231875 0.6329113924050633 0.0325 0.03639240506329114
0 0.81875 0.40822784810126583 0.035 0.04113924050632911
0 0.348125 0.6819620253164557 0.03625 0.04113924050632911
0 0.296875 0.7207278481012658 0.035 0.04113924050632911
0 0.155625 0.9604430379746836 0.0375 0.04272151898734177
0 0.861875 0.8528481012658228 0.03875 0.04430379746835443
0 0.215625 0.47468354430379744 0.035 0.0379746835443038
0 0.26375 0.9493670886075949 0.0375 0.03955696202531646
0 0.17375 0.6060126582278481 0.035 0.0379746835443038
0 0.81 0.8900316455696202 0.04 0.04113924050632911
0 0.225625 0.5688291139240507 0.035 0.03481012658227848
0 0.675625 0.6487341772151899 0.03375 0.03955696202531646
0 0.855625 0.7903481012658228 0.03875 0.04272151898734177
0 0.638125 0.8109177215189873 0.03625 0.0379746835443038
0 0.2925 0.689873417721519 0.03625 0.04113924050632911
0 0.15125 0.9287974683544303 0.035 0.03955696202531646
0 0.236875 0.6637658227848101 0.03625 0.04113924050632911
0 0.53 0.8330696202531646 0.03375 0.03955696202531646
0 0.620625 0.6542721518987342 0.035 0.03955696202531646