0 0.35444444444444445 0.18894389438943895 0.035555555555555556 0.04950495049504951
0 0.5316666666666666 0.7211221122112211 0.025555555555555557 0.01485148514851485
0 0.5316666666666666 0.6897689768976898 0.021111111111111112 0.0165016501650165
0 0.5322222222222223 0.7046204620462047 0.021111111111111112 0.0165016501650165
0 0.4177777777777778 0.8844884488448845 0.03666666666666667 0.04785478547854786
0 0.4083333333333333 0.3110561056105611 0.035555555555555556 0.04455445544554455
0 0.15222222222222223 0.44801980198019803 0.034444444444444444 0.0462046204620462
0 0.41555555555555557 0.7978547854785478 0.03666666666666667 0.0462046204620462
0 0.5722222222222222 0.8754125412541254 0.03888888888888889 0.04950495049504951
0 0.31 0.5577557755775577 0.035555555555555556 0.04455445544554455
0 0.4661111111111111 0.7153465346534653 0.035555555555555556 0.0462046204620462
0 0.6677777777777778 0.4570957095709571 0.03333333333333333 0.0429042904290429
0 0.9211111111111111 0.28217821782178215 0.034444444444444444 0.0462046204620462
0 0.7222222222222222 0.6625412541254125 0.03666666666666667 0.04950495049504951
0 0.5133333333333333 0.35396039603960394 0.044444444444444446 0.04455445544554455
0 0.4638888888888889 0.5478547854785478 0.034444444444444444 0.041254125412541254
0 0.305 0.31353135313531355 0.035555555555555556 0.04785478547854786
0 0.41555555555555557 0.716996699669967 0.034444444444444444 0.0462046204620462
0 0.9244444444444444 0.4042904290429043 0.03777777777777778 0.052805280528052806
0 0.3088888888888889 0.5198019801980198 0.034444444444444444 0.04455445544554455
0 0.15055555555555555 0.2433993399339934 0.03777777777777778 0.04455445544554455
0 0.25277777777777777 0.2376237623762376 0.03333333333333333 0.0462046204620462
0 0.3572222222222222 0.35313531353135313 0.034444444444444444 0.04785478547854786
0 0.4588888888888889 0.26815181518151815 0.03333333333333333 0.04455445544554455
0 0.30444444444444446 0.2739273927392739 0.035555555555555556 0.041254125412541254
0 0.7116666666666667 0.12128712871287128 0.03777777777777778 0.05115511551155116
0 0.8166666666666667 0.2037953795379538 0.03222222222222222 0.0429042904290429
0 0.10166666666666667 0.40924092409240925 0.034444444444444444 0.0429042904290429
0 0.7261111111111112 0.7838283828382838 0.035555555555555556 0.04455445544554455
0 0.15333333333333332 0.5264026402640264 0.03888888888888889 0.04785478547854786
0 0.6672222222222223 0.37623762376237624 0.034444444444444444 0.039603960396039604
0 0.8188888888888889 0.32838283828382836 0.03333333333333333 0.041254125412541254
0 0.40944444444444444 0.43481848184818483 0.03333333333333333 0.0462046204620462
0 0.5666666666666667 0.6262376237623762 0.035555555555555556 0.04950495049504951
0 0.46555555555555556 0.6732673267326733 0.035555555555555556 0.04785478547854786
0 0.6116666666666667 0.17244224422442245 0.03666666666666667 0.04950495049504951
0 0.8277777777777777 0.7400990099009901 0.03666666666666667 0.04950495049504951
0 0.30444444444444446 0.2334983498349835 0.03666666666666667 0.0429042904290429
0 0.7138888888888889 0.20957095709570958 0.03333333333333333 0.0429042904290429
0 0.9177777777777778 0.1542904290429043 0.035555555555555556 0.04785478547854786
0 0.4666666666666667 0.7953795379537953 0.03666666666666667 0.04785478547854786
0 0.31055555555555553 0.599009900990099 0.035555555555555556 0.04455445544554455
0 0.9166666666666666 0.10891089108910891 0.04 0.052805280528052806
0 0.1 0.32755775577557755 0.03666666666666667 0.0429042904290429
0 0.8311111111111111 0.8613861386138614 0.03777777777777778 0.04785478547854786
0 0.5711111111111111 0.8316831683168316 0.035555555555555556 0.04455445544554455
0 0.09777777777777778 0.2079207920792079 0.04111111111111111 0.054455445544554455
0 0.7261111111111112 0.8671617161716172 0.03666666666666667 0.0462046204620462
0 0.15055555555555555 0.3250825082508251 0.03333333333333333 0.041254125412541254
0 0.415 0.7566006600660066 0.034444444444444444 0.0462046204620462
0 0.8161111111111111 0.1617161716171617 0.03222222222222222 0.04455445544554455
0 0.8177777777777778 0.24587458745874588 0.03333333333333333 0.04785478547854786
0 0.4072222222222222 0.22772277227722773 0.035555555555555556 0.0462046204620462
0 0.3605555555555556 0.4735973597359736 0.034444444444444444 0.04785478547854786
0 0.8305555555555556 0.8201320132013201 0.035555555555555556 0.04455445544554455
0 0.7227777777777777 0.6188118811881188 0.03666666666666667 0.04785478547854786
0 0.3138888888888889 0.8886138613861386 0.04111111111111111 0.052805280528052806
0 0.1527777777777778 0.4867986798679868 0.034444444444444444 0.041254125412541254
0 0.7255555555555555 0.8259075907590759 0.035555555555555556 0.04950495049504951
0 0.8161111111111111 0.11386138613861387 0.03666666666666667 0.056105610561056105
0 0.9188888888888889 0.19801980198019803 0.034444444444444444 0.0462046204620462
0 0.5683333333333334 0.6674917491749175 0.03666666666666667 0.0429042904290429
0 0.5111111111111111 0.21699669966996699 0.04555555555555556 0.0462046204620462
0 0.4127777777777778 0.6353135313531353 0.034444444444444444 0.04455445544554455
0 0.3005555555555556 0.1476897689768977 0.03777777777777778 0.052805280528052806
0 0.9311111111111111 0.7334983498349835 0.034444444444444444 0.04785478547854786
0 0.9227777777777778 0.36221122112211224 0.034444444444444444 0.041254125412541254
0 0.7172222222222222 0.415016501650165 0.035555555555555556 0.0429042904290429
0 0.4661111111111111 0.7541254125412541 0.034444444444444444 0.041254125412541254
0 0.20444444444444446 0.4438943894389439 0.03666666666666667 0.041254125412541254
0 0.31277777777777777 0.7632013201320133 0.03666666666666667 0.04950495049504951
0 0.31166666666666665 0.7227722772277227 0.035555555555555556 0.041254125412541254
0 0.4688888888888889 0.8770627062706271 0.03666666666666667 0.04950495049504951
0 0.5127777777777778 0.3184818481848185 0.04777777777777778 0.039603960396039604
0 0.9261111111111111 0.44801980198019803 0.03777777777777778 0.037953795379537955
0 0.5116666666666667 0.28135313531353134 0.044444444444444446 0.04785478547854786
0 0.5705555555555556 0.7483498349834984 0.034444444444444444 0.0429042904290429
0 0.7183333333333334 0.452970297029703 0.03222222222222222 0.0429042904290429
0 0.09833333333333333 0.2508250825082508 0.03777777777777778 0.037953795379537955
0 0.8288888888888889 0.7805280528052805 0.03777777777777778 0.04455445544554455
0 0.5705555555555556 0.7887788778877888 0.035555555555555556 0.04785478547854786
0 0.3138888888888889 0.8052805280528053 0.03777777777777778 0.04785478547854786
0 0.4677777777777778 0.834983498349835 0.035555555555555556 0.04455445544554455
0 0.9205555555555556 0.23927392739273928 0.034444444444444444 0.0462046204620462
0 0.6116666666666667 0.21864686468646866 0.035555555555555556 0.04950495049504951
0 0.31055555555555553 0.6402640264026402 0.03666666666666667 0.04785478547854786
0 0.30777777777777776 0.4389438943894389 0.034444444444444444 0.04455445544554455
0 0.9294444444444444 0.6476897689768977 0.03777777777777778 0.03135313531353135
0 0.3138888888888889 0.8448844884488449 0.034444444444444444 0.04455445544554455
0 0.4161111111111111 0.8399339933993399 0.034444444444444444 0.05115511551155116
0 0.5155555555555555 0.4661716171617162 0.03777777777777778 0.04455445544554455
0 0.9272222222222222 0.5602310231023102 0.03333333333333333 0.024752475247524754
0 0.5088888888888888 0.12458745874587458 0.04666666666666667 0.036303630363036306
0 0.5088888888888888 0.16006600660066006 0.04555555555555556 0.0429042904290429
0 0.51 0.1848184818481848 0.04888888888888889 0.034653465346534656
0 0.5116666666666667 0.2508250825082508 0.04666666666666667 0.03135313531353135
0 0.865 0.11221122112211221 0.03888888888888889 0.054455445544554455
0 0.5683333333333334 0.7070957095709571 0.035555555555555556 0.0462046204620462
0 0.7188888888888889 0.49587458745874585 0.034444444444444444 0.04950495049504951
0 0.10222222222222223 0.49504950495049505 0.03777777777777778 0.04950495049504951
0 0.09722222222222222 0.1617161716171617 0.03666666666666667 0.05115511551155116
0 0.30722222222222223 0.3556105610561056 0.035555555555555556 0.0462046204620462
0 0.31277777777777777 0.6831683168316832 0.03666666666666667 0.04785478547854786
0 0.1988888888888889 0.1542904290429043 0.03777777777777778 0.04950495049504951
0 0.30722222222222223 0.39686468646864687 0.03666666666666667 0.0462046204620462
0 0.7127777777777777 0.16666666666666666 0.03666666666666667 0.04950495049504951
0 0.20333333333333334 0.36221122112211224 0.03666666666666667 0.0462046204620462
0 0.8677777777777778 0.2863036303630363 0.03666666666666667 0.04950495049504951
0 0.9216666666666666 0.3226072607260726 0.034444444444444444 0.04455445544554455
0 0.35888888888888887 0.43481848184818483 0.034444444444444444 0.0429042904290429
0 0.565 0.4636963696369637 0.03222222222222222 0.041254125412541254
0 0.8255555555555556 0.6138613861386139 0.03333333333333333 0.04785478547854786
0 0.5605555555555556 0.17326732673267325 0.03666666666666667 0.04785478547854786
0 0.6638888888888889 0.29372937293729373 0.035555555555555556 0.0429042904290429
0 0.20055555555555554 0.24257425742574257 0.035555555555555556 0.04455445544554455
0 0.8227777777777778 0.4909240924092409 0.035555555555555556 0.0462046204620462
0 0.46444444444444444 0.6311881188118812 0.035555555555555556 0.0462046204620462
0 0.61 0.12706270627062707 0.03888888888888889 0.05115511551155116
0 0.415 0.6749174917491749 0.034444444444444444 0.04785478547854786
0 0.9266666666666666 0.48432343234323433 0.03666666666666667 0.04455445544554455
0 0.6644444444444444 0.25165016501650167 0.035555555555555556 0.04785478547854786
0 0.5644444444444444 0.4240924092409241 0.034444444444444444 0.04455445544554455
0 0.7211111111111111 0.5379537953795379 0.035555555555555556 0.0462046204620462
0 0.725 0.7442244224422442 0.034444444444444444 0.04455445544554455
0 0.8672222222222222 0.2433993399339934 0.03666666666666667 0.0462046204620462
0 0.7216666666666667 0.5783828382838284 0.035555555555555556 0.0462046204620462
0 0.14833333333333334 0.15676567656765678 0.03666666666666667 0.0462046204620462
0 0.10166666666666667 0.4504950495049505 0.03777777777777778 0.04950495049504951
0 0.15055555555555555 0.36386138613861385 0.034444444444444444 0.0462046204620462
0 0.8261111111111111 0.655940594059406 0.035555555555555556 0.04950495049504951
0 0.5127777777777778 0.4183168316831683 0.042222222222222223 0.05115511551155116
0 0.15333333333333332 0.5684818481848185 0.03777777777777778 0.0462046204620462
0 0.8277777777777777 0.6971947194719472 0.03777777777777778 0.0462046204620462
0 0.6694444444444444 0.4975247524752475 0.035555555555555556 0.04785478547854786
0 0.5666666666666667 0.5420792079207921 0.03333333333333333 0.0429042904290429
0 0.09888888888888889 0.28795379537953797 0.03777777777777778 0.0462046204620462
0 0.7238888888888889 0.7037953795379538 0.035555555555555556 0.0462046204620462
0 0.7138888888888889 0.25 0.034444444444444444 0.04785478547854786
0 0.20222222222222222 0.3226072607260726 0.03666666666666667 0.0462046204620462
0 0.8233333333333334 0.5321782178217822 0.035555555555555556 0.0462046204620462
0 0.8244444444444444 0.5717821782178217 0.03222222222222222 0.0429042904290429
0 0.9283333333333333 0.6056105610561056 0.03777777777777778 0.052805280528052806
0 0.7161111111111111 0.3325082508250825 0.034444444444444444 0.04455445544554455
0 0.8216666666666667 0.40924092409240925 0.035555555555555556 0.04455445544554455
0 0.5616666666666666 0.30363036303630364 0.035555555555555556 0.041254125412541254
0 0.4088888888888889 0.3943894389438944 0.035555555555555556 0.04455445544554455
0 0.14944444444444444 0.2863036303630363 0.03666666666666667 0.04950495049504951
0 0.14944444444444444 0.20214521452145215 0.03888888888888889 0.04785478547854786
0 0.3572222222222222 0.3118811881188119 0.03333333333333333 0.04455445544554455
0 0.8661111111111112 0.16006600660066006 0.03666666666666667 0.04785478547854786
0 0.5616666666666666 0.21782178217821782 0.03777777777777778 0.05115511551155116
0 0.3605555555555556 0.5957095709570958 0.03333333333333333 0.0462046204620462
0 0.5672222222222222 0.5825082508250825 0.035555555555555556 0.04785478547854786
0 0.46111111111111114 0.429042904290429 0.034444444444444444 0.04455445544554455
0 0.5583333333333333 0.1311881188118812 0.03777777777777778 0.04950495049504951
0 0.41 0.4735973597359736 0.03333333333333333 0.041254125412541254
0 0.3611111111111111 0.5536303630363036 0.035555555555555556 0.0462046204620462
0 0.30333333333333334 0.19389438943894388 0.03777777777777778 0.0462046204620462
0 0.4572222222222222 0.18234323432343233 0.034444444444444444 0.04785478547854786
0 0.5644444444444444 0.3844884488448845 0.035555555555555556 0.04455445544554455
0 0.8672222222222222 0.20132013201320131 0.035555555555555556 0.04785478547854786
0 0.7655555555555555 0.24587458745874588 0.035555555555555556 0.04950495049504951
0 0.3611111111111111 0.514026402640264 0.03666666666666667 0.0429042904290429
0 0.20277777777777778 0.4042904290429043 0.03666666666666667 0.04785478547854786
0 0.5661111111111111 0.5041254125412541 0.03333333333333333 0.0429042904290429
0 0.3088888888888889 0.4793729372937294 0.035555555555555556 0.0462046204620462
0 0.6666666666666666 0.4166666666666667 0.03222222222222222 0.04455445544554455
0 0.5633333333333334 0.3432343234323432 0.035555555555555556 0.04785478547854786
0 0.9305555555555556 0.6889438943894389 0.03666666666666667 0.05115511551155116
0 0.2511111111111111 0.19389438943894388 0.035555555555555556 0.04785478547854786
0 0.4622222222222222 0.509075907590759 0.034444444444444444 0.0462046204620462
0 0.1 0.3704620462046205 0.03777777777777778 0.04785478547854786
0 0.15166666666666667 0.4067656765676568 0.034444444444444444 0.0462046204620462
0 0.20444444444444446 0.48432343234323433 0.03777777777777778 0.04950495049504951
0 0.4122222222222222 0.5511551155115512 0.035555555555555556 0.04455445544554455
0 0.7161111111111111 0.29207920792079206 0.03333333333333333 0.0462046204620462
0 0.7177777777777777 0.37293729372937295 0.035555555555555556 0.0462046204620462
0 0.8227777777777778 0.4504950495049505 0.034444444444444444 0.04785478547854786
0 0.36333333333333334 0.679042904290429 0.035555555555555556 0.04785478547854786
0 0.4588888888888889 0.3085808580858086 0.034444444444444444 0.04455445544554455
0 0.2011111111111111 0.28217821782178215 0.035555555555555556 0.04455445544554455
0 0.4638888888888889 0.5882838283828383 0.035555555555555556 0.04950495049504951
0 0.8183333333333334 0.2887788778877888 0.03333333333333333 0.04785478547854786
0 0.8205555555555556 0.3688118811881188 0.03222222222222222 0.0429042904290429
0 0.3605555555555556 0.6377887788778878 0.03666666666666667 0.04785478547854786
0 0.46111111111111114 0.38943894389438943 0.035555555555555556 0.04785478547854786
0 0.35888888888888887 0.3952145214521452 0.03111111111111111 0.039603960396039604
0 0.46166666666666667 0.46782178217821785 0.03666666666666667 0.0462046204620462
0 0.4083333333333333 0.2706270627062706 0.03666666666666667 0.0462046204620462
0 0.4577777777777778 0.22607260726072606 0.035555555555555556 0.052805280528052806
0 0.20055555555555554 0.19966996699669967 0.03666666666666667 0.04785478547854786
0 0.5616666666666666 0.2632013201320132 0.03666666666666667 0.04950495049504951
0 0.665 0.33663366336633666 0.03666666666666667 0.04950495049504951
0 0.3561111111111111 0.2722772277227723 0.034444444444444444 0.04455445544554455
0 0.40555555555555556 0.1848184818481848 0.035555555555555556 0.04950495049504951
0 0.7672222222222222 0.29042904290429045 0.035555555555555556 0.04950495049504951
0 0.355 0.23184818481848185 0.035555555555555556 0.0462046204620462
0 0.7683333333333333 0.3341584158415842 0.034444444444444444 0.04785478547854786
0 0.46 0.3481848184818482 0.035555555555555556 0.04455445544554455
0 0.4088888888888889 0.3523102310231023 0.03777777777777778 0.04785478547854786
0 0.4127777777777778 0.594059405940594 0.035555555555555556 0.04785478547854786
0 0.9283333333333333 0.5288778877887789 0.03888888888888889 0.054455445544554455
0 0.4111111111111111 0.5107260726072608 0.034444444444444444 0.0462046204620462