0 0.375 0.4524590163934426 0.04111111111111111 0.047540983606557376
0 0.16277777777777777 0.3516393442622951 0.04 0.054098360655737705
0 0.2911111111111111 0.8827868852459017 0.04111111111111111 0.05245901639344262
0 0.27555555555555555 0.5467213114754098 0.04111111111111111 0.04918032786885246
0 0.6294444444444445 0.3377049180327869 0.04111111111111111 0.05245901639344262
0 0.595 0.7180327868852459 0.04 0.05081967213114754
0 0.7838888888888889 0.31475409836065577 0.04111111111111111 0.05245901639344262
0 0.4305555555555556 0.5270491803278688 0.04 0.05081967213114754
0 0.3327777777777778 0.6655737704918033 0.04 0.05245901639344262
0 0.28555555555555556 0.7581967213114754 0.03888888888888889 0.04590163934426229
0 0.3238888888888889 0.45901639344262296 0.04 0.04918032786885246
0 0.3888888888888889 0.7450819672131147 0.04 0.05245901639344262
0 0.23222222222222222 0.7655737704918033 0.04 0.05245901639344262
0 0.5405555555555556 0.6434426229508197 0.04 0.05081967213114754
0 0.32944444444444443 0.5827868852459016 0.04 0.054098360655737705
0 0.32222222222222224 0.41721311475409834 0.042222222222222223 0.05245901639344262
0 0.23777777777777778 0.8475409836065574 0.04111111111111111 0.05081967213114754
0 0.2822222222222222 0.6721311475409836 0.03888888888888889 0.05081967213114754
0 0.5811111111111111 0.3836065573770492 0.04111111111111111 0.05245901639344262
0 0.22666666666666666 0.6401639344262295 0.04 0.05245901639344262
0 0.3738888888888889 0.41065573770491803 0.04 0.05081967213114754
0 0.43833333333333335 0.6942622950819672 0.03888888888888889 0.047540983606557376
0 0.43666666666666665 0.6532786885245901 0.03888888888888889 0.04590163934426229
0 0.22 0.4721311475409836 0.03888888888888889 0.04918032786885246
0 0.23166666666666666 0.7213114754098361 0.04 0.05245901639344262
0 0.5266666666666666 0.34918032786885245 0.04 0.05081967213114754
0 0.17444444444444446 0.6459016393442623 0.042222222222222223 0.054098360655737705
0 0.22555555555555556 0.5950819672131148 0.03888888888888889 0.04918032786885246
0 0.18555555555555556 0.8565573770491803 0.04111111111111111 0.05081967213114754
0 0.5283333333333333 0.3909836065573771 0.04 0.05081967213114754
0 0.3861111111111111 0.7008196721311475 0.04111111111111111 0.054098360655737705
0 0.5044444444444445 0.7557377049180328 0.027777777777777776 0.03442622950819672
0 0.4777777777777778 0.3663934426229508 0.04555555555555556 0.03770491803278689
0 0.5072222222222222 0.7786885245901639 0.024444444444444446 0.022950819672131147
0 0.48 0.39918032786885244 0.04888888888888889 0.04590163934426229
0 0.47444444444444445 0.30245901639344264 0.044444444444444446 0.03934426229508197
0 0.46944444444444444 0.1680327868852459 0.04888888888888889 0.04426229508196721
0 0.6788888888888889 0.289344262295082 0.03888888888888889 0.04918032786885246
0 0.21833333333333332 0.42868852459016393 0.04 0.05245901639344262
0 0.3788888888888889 0.5360655737704918 0.04111111111111111 0.04918032786885246
0 0.3927777777777778 0.8262295081967214 0.04111111111111111 0.05081967213114754
0 0.11777777777777777 0.48770491803278687 0.04111111111111111 0.05081967213114754
0 0.33444444444444443 0.7098360655737705 0.03888888888888889 0.047540983606557376
0 0.3211111111111111 0.3729508196721312 0.04 0.04918032786885246
0 0.42277777777777775 0.31721311475409836 0.04 0.05573770491803279
0 0.065 0.4926229508196721 0.044444444444444446 0.05573770491803279
0 0.2727777777777778 0.46557377049180326 0.04 0.05081967213114754
0 0.7305555555555555 0.2819672131147541 0.04 0.05081967213114754
0 0.4461111111111111 0.8639344262295082 0.04 0.05081967213114754
0 0.115 0.4426229508196721 0.03888888888888889 0.04918032786885246
0 0.725 0.14672131147540984 0.04 0.05737704918032787
0 0.6811111111111111 0.33278688524590166 0.04 0.05081967213114754
0 0.6722222222222223 0.1557377049180328 0.04 0.05573770491803279
0 0.27055555555555555 0.42540983606557375 0.03888888888888889 0.047540983606557376
0 0.5766666666666667 0.30245901639344264 0.04111111111111111 0.05573770491803279
0 0.32666666666666666 0.5418032786885246 0.03666666666666667 0.047540983606557376
0 0.5377777777777778 0.5983606557377049 0.04 0.05081967213114754
0 0.6838888888888889 0.4122950819672131 0.04111111111111111 0.054098360655737705
0 0.1827777777777778 0.8131147540983606 0.04 0.05081967213114754
0 0.21666666666666667 0.3877049180327869 0.03777777777777778 0.04590163934426229
0 0.4255555555555556 0.4 0.03666666666666667 0.04262295081967213
0 0.5355555555555556 0.5581967213114755 0.04 0.05081967213114754
0 0.53 0.43278688524590164 0.04 0.04918032786885246
0 0.2683333333333333 0.380327868852459 0.04111111111111111 0.05737704918032787
0 0.48055555555555557 0.4745901639344262 0.04888888888888889 0.05573770491803279
0 0.5916666666666667 0.6352459016393442 0.04 0.05081967213114754
0 0.6388888888888888 0.5467213114754098 0.04111111111111111 0.04918032786885246
0 0.5705555555555556 0.16721311475409836 0.04111111111111111 0.05737704918032787
0 0.11222222222222222 0.4016393442622951 0.04 0.04918032786885246
0 0.385 0.660655737704918 0.03888888888888889 0.04426229508196721
0 0.3383333333333333 0.7918032786885246 0.04 0.05081967213114754
0 0.2872222222222222 0.7967213114754098 0.04 0.047540983606557376
0 0.7855555555555556 0.3581967213114754 0.04111111111111111 0.05081967213114754
0 0.3938888888888889 0.8696721311475409 0.03888888888888889 0.047540983606557376
0 0.23444444444444446 0.8073770491803278 0.03888888888888889 0.04590163934426229
0 0.17 0.519672131147541 0.04 0.05081967213114754
0 0.27444444444444444 0.5065573770491804 0.03777777777777778 0.04426229508196721
0 0.36944444444444446 0.32295081967213113 0.04111111111111111 0.054098360655737705
0 0.2833333333333333 0.7163934426229508 0.04 0.05245901639344262
0 0.8344444444444444 0.26885245901639343 0.04111111111111111 0.05573770491803279
0 0.5327777777777778 0.47540983606557374 0.04111111111111111 0.04918032786885246
0 0.3194444444444444 0.3295081967213115 0.03777777777777778 0.05245901639344262
0 0.5744444444444444 0.2581967213114754 0.042222222222222223 0.04918032786885246
0 0.1111111111111111 0.3590163934426229 0.03888888888888889 0.05081967213114754
0 0.5438888888888889 0.7237704918032787 0.03888888888888889 0.05081967213114754
0 0.39611111111111114 0.9114754098360656 0.04 0.054098360655737705
0 0.29 0.8385245901639344 0.04111111111111111 0.05245901639344262
0 0.6766666666666666 0.24508196721311476 0.03888888888888889 0.054098360655737705
0 0.058888888888888886 0.36475409836065575 0.04111111111111111 0.05737704918032787
0 0.6483333333333333 0.7524590163934426 0.042222222222222223 0.05081967213114754
0 0.65 0.7967213114754098 0.042222222222222223 0.05081967213114754
0 0.1661111111111111 0.4344262295081967 0.04111111111111111 0.047540983606557376
0 0.445 0.819672131147541 0.03777777777777778 0.05245901639344262
0 0.34055555555555556 0.8327868852459016 0.03888888888888889 0.04918032786885246
0 0.7294444444444445 0.23770491803278687 0.043333333333333335 0.05245901639344262
0 0.5494444444444444 0.8475409836065574 0.04 0.05081967213114754
0 0.12666666666666668 0.7368852459016394 0.04 0.05245901639344262
0 0.5838888888888889 0.4680327868852459 0.03888888888888889 0.04918032786885246
0 0.2772222222222222 0.589344262295082 0.04111111111111111 0.05245901639344262
0 0.16833333333333333 0.4786885245901639 0.04 0.05081967213114754
0 0.2238888888888889 0.5540983606557377 0.03888888888888889 0.04426229508196721
0 0.17333333333333334 0.6032786885245902 0.04111111111111111 0.04590163934426229
0 0.44166666666666665 0.7360655737704918 0.042222222222222223 0.05081967213114754
0 0.5344444444444445 0.5163934426229508 0.04111111111111111 0.04918032786885246
0 0.11888888888888889 0.5270491803278688 0.04 0.04590163934426229
0 0.5972222222222222 0.7991803278688525 0.042222222222222223 0.05081967213114754
0 0.88 0.12786885245901639 0.043333333333333335 0.060655737704918035
0 0.07944444444444444 0.8245901639344262 0.044444444444444446 0.05573770491803279
0 0.5877777777777777 0.5532786885245902 0.04111111111111111 0.04918032786885246
0 0.06944444444444445 0.5745901639344262 0.043333333333333335 0.05245901639344262
0 0.6272222222222222 0.2959016393442623 0.04 0.05245901639344262
0 0.13333333333333333 0.8614754098360655 0.04 0.05081967213114754
0 0.6755555555555556 0.20163934426229507 0.04 0.05081967213114754
0 0.6038888888888889 0.9245901639344263 0.042222222222222223 0.05901639344262295
0 0.5905555555555555 0.5942622950819673 0.04111111111111111 0.047540983606557376
0 0.4477777777777778 0.9040983606557377 0.04111111111111111 0.05081967213114754
0 0.06277777777777778 0.44754098360655736 0.04 0.05081967213114754
0 0.6316666666666667 0.3795081967213115 0.04 0.04590163934426229
0 0.5783333333333334 0.3434426229508197 0.04 0.04426229508196721
0 0.165 0.3950819672131147 0.042222222222222223 0.047540983606557376
0 0.2788888888888889 0.6303278688524591 0.04111111111111111 0.047540983606557376
0 0.17833333333333334 0.6885245901639344 0.04111111111111111 0.04918032786885246
0 0.5861111111111111 0.5131147540983606 0.03888888888888889 0.05081967213114754
0 0.21333333333333335 0.3434426229508197 0.04 0.05573770491803279
0 0.8416666666666667 0.43524590163934423 0.03888888888888889 0.04590163934426229
0 0.06111111111111111 0.40901639344262297 0.04 0.047540983606557376
0 0.2388888888888889 0.889344262295082 0.04 0.04918032786885246
0 0.7911111111111111 0.48114754098360657 0.03888888888888889 0.04918032786885246
0 0.19055555555555556 0.9770491803278688 0.04111111111111111 0.04590163934426229
0 0.6861111111111111 0.45491803278688525 0.03888888888888889 0.04918032786885246
0 0.06722222222222222 0.5344262295081967 0.04111111111111111 0.04590163934426229
0 0.32555555555555554 0.5 0.03777777777777778 0.04590163934426229
0 0.5533333333333333 0.9327868852459016 0.04 0.05245901639344262
0 0.7877777777777778 0.3983606557377049 0.03888888888888889 0.047540983606557376
0 0.79 0.43934426229508194 0.035555555555555556 0.04426229508196721
0 0.8877777777777778 0.30573770491803276 0.04111111111111111 0.054098360655737705
0 0.5472222222222223 0.8040983606557377 0.03666666666666667 0.04590163934426229
0 0.6333333333333333 0.4180327868852459 0.04111111111111111 0.04590163934426229
0 0.17944444444444443 0.7295081967213115 0.042222222222222223 0.05245901639344262
0 0.6533333333333333 0.8762295081967213 0.04 0.047540983606557376
0 0.18722222222222223 0.8975409836065574 0.04111111111111111 0.04918032786885246
0 0.07777777777777778 0.7795081967213114 0.042222222222222223 0.05081967213114754
0 0.9033333333333333 0.6336065573770492 0.042222222222222223 0.05081967213114754
0 0.3416666666666667 0.8762295081967213 0.04 0.047540983606557376
0 0.8977777777777778 0.5516393442622951 0.03888888888888889 0.047540983606557376
0 0.8855555555555555 0.26311475409836066 0.03888888888888889 0.04590163934426229
0 0.7027777777777777 0.8270491803278689 0.04 0.05081967213114754
0 0.29055555555555557 0.9254098360655738 0.03666666666666667 0.04590163934426229
0 0.38166666666666665 0.5745901639344262 0.03777777777777778 0.040983606557377046
0 0.6994444444444444 0.7450819672131147 0.04 0.04590163934426229
0 0.7061111111111111 0.910655737704918 0.04 0.05737704918032787
0 0.8966666666666666 0.510655737704918 0.04 0.05081967213114754
0 0.7966666666666666 0.6057377049180328 0.03666666666666667 0.05081967213114754
0 0.7338888888888889 0.3262295081967213 0.04 0.05245901639344262
0 0.9055555555555556 0.6770491803278689 0.04111111111111111 0.05245901639344262
0 0.8361111111111111 0.3139344262295082 0.04 0.05081967213114754
0 0.9072222222222223 0.7180327868852459 0.04111111111111111 0.04918032786885246
0 0.8433333333333334 0.4745901639344262 0.03888888888888889 0.047540983606557376
0 0.845 0.5163934426229508 0.04111111111111111 0.054098360655737705
0 0.89 0.3475409836065574 0.04 0.04590163934426229
0 0.8488888888888889 0.6008196721311475 0.03888888888888889 0.047540983606557376
0 0.8511111111111112 0.6409836065573771 0.04 0.05081967213114754
0 0.8927777777777778 0.42704918032786887 0.04111111111111111 0.04590163934426229
0 0.9083333333333333 0.760655737704918 0.042222222222222223 0.05245901639344262
0 0.9 0.5918032786885246 0.042222222222222223 0.05081967213114754
0 0.8294444444444444 0.17950819672131146 0.042222222222222223 0.06393442622950819
0 0.895 0.4680327868852459 0.042222222222222223 0.05245901639344262
0 0.6916666666666667 0.5795081967213115 0.04 0.047540983606557376
0 0.44333333333333336 0.7754098360655738 0.03666666666666667 0.04590163934426229
0 0.6016666666666667 0.8811475409836066 0.04 0.04590163934426229
0 0.8588888888888889 0.8073770491803278 0.04111111111111111 0.054098360655737705
0 0.8555555555555555 0.7237704918032787 0.04111111111111111 0.05081967213114754
0 0.08166666666666667 0.8663934426229508 0.04 0.04426229508196721
0 0.9155555555555556 0.8901639344262295 0.043333333333333335 0.05901639344262295
0 0.8622222222222222 0.8909836065573771 0.04 0.05245901639344262
0 0.8538888888888889 0.6819672131147541 0.04 0.05245901639344262
0 0.3977777777777778 0.9524590163934427 0.03777777777777778 0.04262295081967213
0 0.9138888888888889 0.8418032786885246 0.04 0.05245901639344262
0 0.8572222222222222 0.7639344262295082 0.03888888888888889 0.047540983606557376
0 0.47 0.20245901639344263 0.04888888888888889 0.047540983606557376
0 0.4716666666666667 0.2360655737704918 0.04888888888888889 0.040983606557377046
0 0.8605555555555555 0.85 0.04111111111111111 0.047540983606557376
0 0.33111111111111113 0.6221311475409836 0.03888888888888889 0.03442622950819672
0 0.9166666666666666 0.8 0.03222222222222222 0.04426229508196721
0 0.705 0.8647540983606558 0.03888888888888889 0.03442622950819672
0 0.48277777777777775 0.5204918032786885 0.04666666666666667 0.04262295081967213
0 0.5933333333333334 0.6754098360655738 0.04 0.05081967213114754
0 0.5827777777777777 0.42704918032786887 0.04 0.04918032786885246
0 0.4488888888888889 0.9459016393442623 0.042222222222222223 0.04918032786885246
0 0.07388888888888889 0.7 0.04111111111111111 0.04590163934426229
0 0.8466666666666667 0.5606557377049181 0.04111111111111111 0.04918032786885246
0 0.6455555555555555 0.7114754098360656 0.03777777777777778 0.04590163934426229
0 0.6522222222222223 0.8368852459016394 0.04111111111111111 0.047540983606557376
0 0.6005555555555555 0.8418032786885246 0.04111111111111111 0.04918032786885246
0 0.4727777777777778 0.26885245901639343 0.04777777777777778 0.047540983606557376
0 0.7961111111111111 0.5647540983606557 0.03888888888888889 0.04426229508196721
0 0.5422222222222223 0.6836065573770492 0.04111111111111111 0.04590163934426229
0 0.07666666666666666 0.739344262295082 0.04 0.047540983606557376
0 0.125 0.6934426229508197 0.035555555555555556 0.04918032786885246
0 0.8311111111111111 0.2262295081967213 0.03888888888888889 0.04590163934426229
0 0.13944444444444445 0.9795081967213115 0.042222222222222223 0.040983606557377046
0 0.6894444444444444 0.5401639344262295 0.04111111111111111 0.054098360655737705
0 0.8816666666666667 0.17540983606557378 0.04111111111111111 0.05081967213114754
0 0.6877777777777778 0.4959016393442623 0.03888888888888889 0.047540983606557376
0 0.39 0.7860655737704918 0.04111111111111111 0.04590163934426229
0 0.6955555555555556 0.6631147540983606 0.04111111111111111 0.04918032786885246
0 0.6938888888888889 0.6204918032786885 0.042222222222222223 0.04918032786885246
0 0.5961111111111111 0.760655737704918 0.042222222222222223 0.047540983606557376
0 0.13111111111111112 0.8213114754098361 0.03888888888888889 0.047540983606557376
0 0.64 0.5868852459016394 0.04 0.04590163934426229
0 0.7794444444444445 0.2319672131147541 0.03777777777777778 0.04590163934426229
0 0.135 0.9024590163934426 0.04111111111111111 0.047540983606557376
0 0.18777777777777777 0.9377049180327869 0.03666666666666667 0.04590163934426229
0 0.5505555555555556 0.8909836065573771 0.03777777777777778 0.047540983606557376
0 0.8366666666666667 0.35327868852459016 0.03666666666666667 0.04262295081967213
0 0.29444444444444445 0.9672131147540983 0.042222222222222223 0.054098360655737705
0 0.7783333333333333 0.1860655737704918 0.04 0.05901639344262295
0 0.655 0.9180327868852459 0.04 0.05245901639344262
0 0.6972222222222222 0.7040983606557377 0.04111111111111111 0.05245901639344262
0 0.8838888888888888 0.22049180327868853 0.04111111111111111 0.05737704918032787
0 0.13666666666666666 0.9426229508196722 0.04111111111111111 0.05245901639344262
0 0.18166666666666667 0.7704918032786885 0.04111111111111111 0.04918032786885246
0 0.08388888888888889 0.9081967213114754 0.04111111111111111 0.05573770491803279
0 0.6433333333333333 0.669672131147541 0.03777777777777778 0.05081967213114754
0 0.5722222222222222 0.21475409836065573 0.04 0.054098360655737705
0 0.7016666666666667 0.7852459016393443 0.04111111111111111 0.054098360655737705
0 0.07055555555555555 0.6172131147540983 0.04111111111111111 0.04918032786885246
0 0.22833333333333333 0.6795081967213115 0.03888888888888889 0.04426229508196721
0 0.6822222222222222 0.3721311475409836 0.03666666666666667 0.04262295081967213
0 0.6422222222222222 0.6278688524590164 0.03888888888888889 0.047540983606557376
0 0.545 0.7663934426229508 0.04 0.04590163934426229
0 0.6372222222222222 0.5049180327868853 0.03888888888888889 0.047540983606557376
0 0.12277777777777778 0.610655737704918 0.04 0.047540983606557376
0 0.07277777777777777 0.6581967213114754 0.04111111111111111 0.054098360655737705
0 0.24055555555555555 0.9295081967213115 0.04 0.05081967213114754
0 0.08722222222222223 0.9852459016393442 0.042222222222222223 0.029508196721311476
0 0.8383333333333334 0.39344262295081966 0.03888888888888889 0.047540983606557376
0 0.7816666666666666 0.27377049180327867 0.03888888888888889 0.04918032786885246
0 0.5244444444444445 0.30573770491803276 0.04 0.05245901639344262
0 0.2427777777777778 0.9729508196721312 0.04111111111111111 0.05245901639344262
0 0.26722222222222225 0.3377049180327869 0.04 0.04918032786885246
0 0.8911111111111111 0.38688524590163936 0.04111111111111111 0.05245901639344262
0 0.345 0.9155737704918033 0.03888888888888889 0.047540983606557376
0 0.3372222222222222 0.7516393442622951 0.04111111111111111 0.047540983606557376
0 0.12444444444444444 0.6508196721311476 0.04 0.04918032786885246
0 0.34555555555555556 0.9590163934426229 0.04 0.054098360655737705
0 0.12944444444444445 0.7795081967213114 0.03888888888888889 0.04918032786885246
0 0.6344444444444445 0.45901639344262296 0.03777777777777778 0.05081967213114754
0 0.08666666666666667 0.9532786885245902 0.04111111111111111 0.05081967213114754
0 0.4766666666666667 0.33524590163934426 0.04777777777777778 0.04918032786885246
0 0.7944444444444444 0.5237704918032787 0.04111111111111111 0.05245901639344262
0 0.7272222222222222 0.1942622950819672 0.04111111111111111 0.05245901639344262
0 0.22277777777777777 0.5131147540983606 0.03666666666666667 0.047540983606557376
0 0.37166666666666665 0.36721311475409835 0.04111111111111111 0.054098360655737705
0 0.42444444444444446 0.3622950819672131 0.042222222222222223 0.05081967213114754
0 0.43444444444444447 0.6139344262295082 0.03777777777777778 0.04590163934426229
0 0.12 0.569672131147541 0.04111111111111111 0.05573770491803279
0 0.37722222222222224 0.49426229508196723 0.04111111111111111 0.05245901639344262
0 0.4272222222222222 0.4426229508196721 0.03888888888888889 0.05245901639344262
0 0.17166666666666666 0.5622950819672131 0.04111111111111111 0.054098360655737705
0 0.4288888888888889 0.48688524590163934 0.04 0.04918032786885246
0 0.3827777777777778 0.6172131147540983 0.04111111111111111 0.054098360655737705
0 0.43277777777777776 0.5704918032786885 0.04111111111111111 0.05245901639344262