0 0.205 0.47295081967213115 0.04111111111111111 0.05573770491803279
0 0.4116666666666667 0.4237704918032787 0.03777777777777778 0.05245901639344262
0 0.5644444444444444 0.2721311475409836 0.035555555555555556 0.047540983606557376
0 0.8783333333333333 0.4959016393442623 0.04 0.054098360655737705
0 0.5677777777777778 0.38688524590163936 0.034444444444444444 0.05081967213114754
0 0.4161111111111111 0.6409836065573771 0.03777777777777778 0.054098360655737705
0 0.4677777777777778 0.5819672131147541 0.03777777777777778 0.054098360655737705
0 0.8361111111111111 0.8672131147540983 0.034444444444444444 0.04262295081967213
0 0.6288888888888889 0.7909836065573771 0.03666666666666667 0.047540983606557376
0 0.47055555555555556 0.7983606557377049 0.035555555555555556 0.04590163934426229
0 0.6755555555555556 0.6040983606557377 0.03333333333333333 0.047540983606557376
0 0.2088888888888889 0.660655737704918 0.03666666666666667 0.05245901639344262
0 0.6705555555555556 0.3737704918032787 0.034444444444444444 0.04918032786885246
0 0.30944444444444447 0.4237704918032787 0.035555555555555556 0.05573770491803279
0 0.4633333333333333 0.3336065573770492 0.03333333333333333 0.04918032786885246
0 0.7716666666666666 0.30327868852459017 0.03222222222222222 0.04426229508196721
0 0.6261111111111111 0.7090163934426229 0.03888888888888889 0.05245901639344262
0 0.6783333333333333 0.7081967213114754 0.03888888888888889 0.054098360655737705
0 0.62 0.37459016393442623 0.034444444444444444 0.05081967213114754
0 0.6166666666666667 0.26885245901639343 0.03333333333333333 0.04590163934426229
0 0.825 0.3737704918032787 0.034444444444444444 0.04918032786885246
0 0.885 0.7795081967213114 0.034444444444444444 0.04590163934426229
0 0.6677777777777778 0.26639344262295084 0.03333333333333333 0.047540983606557376
0 0.25555555555555554 0.3237704918032787 0.034444444444444444 0.04590163934426229
0 0.47 0.840983606557377 0.035555555555555556 0.04426229508196721
0 0.3672222222222222 0.7229508196721312 0.03888888888888889 0.05737704918032787
0 0.36833333333333335 0.8475409836065574 0.034444444444444444 0.04262295081967213
0 0.315 0.7254098360655737 0.03888888888888889 0.054098360655737705
0 0.3688888888888889 0.889344262295082 0.034444444444444444 0.047540983606557376
0 0.5733333333333334 0.6467213114754098 0.03777777777777778 0.05573770491803279
0 0.5166666666666667 0.2975409836065574 0.042222222222222223 0.047540983606557376
0 0.8333333333333334 0.7827868852459017 0.03333333333333333 0.047540983606557376
0 0.3088888888888889 0.3540983606557377 0.03777777777777778 0.05573770491803279
0 0.8811111111111111 0.6278688524590164 0.035555555555555556 0.05081967213114754
0 0.46555555555555556 0.4491803278688525 0.035555555555555556 0.05081967213114754
0 0.5705555555555556 0.5147540983606558 0.03777777777777778 0.05573770491803279
0 0.5722222222222222 0.5770491803278689 0.04111111111111111 0.05901639344262295
0 0.4177777777777778 0.7204918032786886 0.03777777777777778 0.05245901639344262
0 0.215 0.898360655737705 0.04 0.05081967213114754
0 0.42055555555555557 0.8877049180327868 0.04111111111111111 0.05245901639344262
0 0.7322222222222222 0.7885245901639344 0.03777777777777778 0.05081967213114754
0 0.4161111111111111 0.5639344262295082 0.03333333333333333 0.05245901639344262
0 0.47055555555555556 0.7180327868852459 0.03888888888888889 0.054098360655737705
0 0.4683333333333333 0.6491803278688525 0.03888888888888889 0.054098360655737705
0 0.6222222222222222 0.4934426229508197 0.03333333333333333 0.05081967213114754
0 0.7705555555555555 0.25901639344262295 0.034444444444444444 0.04918032786885246
0 0.465 0.3918032786885246 0.03333333333333333 0.04918032786885246
0 0.8294444444444444 0.5647540983606557 0.035555555555555556 0.054098360655737705
0 0.83 0.6270491803278688 0.035555555555555556 0.05081967213114754
0 0.415 0.49508196721311476 0.035555555555555556 0.05081967213114754
0 0.8255555555555556 0.4360655737704918 0.034444444444444444 0.04918032786885246
0 0.5688888888888889 0.44672131147540983 0.035555555555555556 0.05245901639344262
0 0.5166666666666667 0.3377049180327869 0.042222222222222223 0.04426229508196721
0 0.4811111111111111 0.760655737704918 0.024444444444444446 0.03442622950819672
0 0.5338888888888889 0.7188524590163935 0.022222222222222223 0.03114754098360656
0 0.5755555555555556 0.7147540983606557 0.03777777777777778 0.05573770491803279
0 0.7294444444444445 0.7057377049180328 0.03666666666666667 0.05081967213114754
0 0.20444444444444446 0.34262295081967215 0.03888888888888889 0.054098360655737705
0 0.42 0.8024590163934426 0.03888888888888889 0.04918032786885246
0 0.3611111111111111 0.42131147540983604 0.03666666666666667 0.05245901639344262
0 0.8233333333333334 0.31721311475409836 0.03777777777777778 0.05245901639344262
0 0.7188888888888889 0.2639344262295082 0.035555555555555556 0.05081967213114754
0 0.8755555555555555 0.4278688524590164 0.04 0.05245901639344262
0 0.8744444444444445 0.369672131147541 0.035555555555555556 0.04918032786885246
0 0.5861111111111111 0.7549180327868853 0.023333333333333334 0.03114754098360656
0 0.22 0.7704918032786885 0.028888888888888888 0.03770491803278689
0 0.515 0.2647540983606557 0.04111111111111111 0.036065573770491806
0 0.5166666666666667 0.36065573770491804 0.043333333333333335 0.04426229508196721
0 0.8961111111111111 0.7401639344262295 0.022222222222222223 0.03442622950819672
0 0.6911111111111111 0.7508196721311475 0.021111111111111112 0.029508196721311476
0 0.6383333333333333 0.7516393442622951 0.021111111111111112 0.03278688524590164
0 0.36 0.2786885245901639 0.034444444444444444 0.05245901639344262
0 0.20833333333333334 0.5991803278688524 0.03888888888888889 0.05573770491803279
0 0.205 0.40409836065573773 0.03777777777777778 0.05573770491803279
0 0.4116666666666667 0.2778688524590164 0.03666666666666667 0.04918032786885246
0 0.9238888888888889 0.2959016393442623 0.03666666666666667 0.04426229508196721
0 0.36333333333333334 0.5778688524590164 0.03777777777777778 0.05245901639344262
0 0.7261111111111112 0.569672131147541 0.03777777777777778 0.05245901639344262
0 0.7277777777777777 0.6368852459016393 0.03777777777777778 0.05573770491803279
0 0.8283333333333334 0.5008196721311475 0.035555555555555556 0.054098360655737705
0 0.46166666666666667 0.27704918032786885 0.034444444444444444 0.04918032786885246
0 0.20333333333333334 0.28524590163934427 0.03666666666666667 0.05245901639344262
0 0.4672222222222222 0.5172131147540984 0.03888888888888889 0.05737704918032787
0 0.8733333333333333 0.31065573770491806 0.03777777777777778 0.05081967213114754
0 0.8216666666666667 0.25901639344262295 0.035555555555555556 0.04918032786885246
0 0.8722222222222222 0.2573770491803279 0.035555555555555556 0.05081967213114754
0 0.31055555555555553 0.5 0.03666666666666667 0.05081967213114754
0 0.3138888888888889 0.6459016393442623 0.04 0.05573770491803279
0 0.9227777777777778 0.25081967213114753 0.03333333333333333 0.04590163934426229
0 0.2561111111111111 0.2827868852459016 0.034444444444444444 0.04590163934426229
0 0.4116666666666667 0.3524590163934426 0.03666666666666667 0.054098360655737705
0 0.6233333333333333 0.6065573770491803 0.03666666666666667 0.05245901639344262
0 0.30666666666666664 0.2819672131147541 0.03666666666666667 0.05081967213114754
0 0.72 0.32131147540983607 0.03333333333333333 0.047540983606557376
0 0.8338888888888889 0.6991803278688524 0.04 0.05245901639344262
0 0.36833333333333335 0.8032786885245902 0.035555555555555556 0.04918032786885246
0 0.5166666666666667 0.4311475409836066 0.04 0.054098360655737705
0 0.8805555555555555 0.5606557377049181 0.03777777777777778 0.05245901639344262
0 0.20722222222222222 0.5434426229508197 0.03777777777777778 0.05573770491803279
0 0.3277777777777778 0.7680327868852459 0.022222222222222223 0.03278688524590164
0 0.8444444444444444 0.740983606557377 0.023333333333333334 0.03278688524590164
0 0.37833333333333335 0.7655737704918033 0.023333333333333334 0.03114754098360656
0 0.4305555555555556 0.7622950819672131 0.021111111111111112 0.03278688524590164
0 0.5777777777777777 0.8786885245901639 0.03666666666666667 0.05245901639344262
0 0.7422222222222222 0.7467213114754099 0.021111111111111112 0.03114754098360656
0 0.5122222222222222 0.13442622950819672 0.044444444444444446 0.03934426229508197
0 0.5122222222222222 0.21311475409836064 0.04555555555555556 0.054098360655737705
0 0.21333333333333335 0.8122950819672131 0.04 0.05245901639344262
0 0.7333333333333333 0.8696721311475409 0.03888888888888889 0.05245901639344262
0 0.6305555555555555 0.8745901639344262 0.03777777777777778 0.05245901639344262
0 0.5772222222222222 0.7967213114754098 0.03888888888888889 0.05737704918032787
0 0.2111111111111111 0.7262295081967213 0.03777777777777778 0.054098360655737705
0 0.6288888888888889 0.8327868852459016 0.035555555555555556 0.04262295081967213
0 0.8861111111111111 0.8213114754098361 0.035555555555555556 0.04426229508196721
0 0.2127777777777778 0.8557377049180328 0.034444444444444444 0.04590163934426229
0 0.6805555555555556 0.7885245901639344 0.03777777777777778 0.047540983606557376
0 0.7227777777777777 0.5008196721311475 0.03111111111111111 0.04590163934426229
0 0.6727777777777778 0.48688524590163934 0.03222222222222222 0.047540983606557376
0 0.4722222222222222 0.8827868852459017 0.03666666666666667 0.04590163934426229
0 0.8877777777777778 0.8639344262295082 0.03777777777777778 0.04918032786885246
0 0.42 0.8442622950819673 0.035555555555555556 0.04262295081967213
0 0.8355555555555556 0.8262295081967214 0.034444444444444444 0.04590163934426229
0 0.6811111111111111 0.8696721311475409 0.03777777777777778 0.05245901639344262
0 0.31333333333333335 0.5737704918032787 0.035555555555555556 0.05081967213114754
0 0.5122222222222222 0.16885245901639345 0.043333333333333335 0.04426229508196721
0 0.31722222222222224 0.8073770491803278 0.035555555555555556 0.04590163934426229
0 0.5666666666666667 0.330327868852459 0.03111111111111111 0.047540983606557376
0 0.31722222222222224 0.8901639344262295 0.04 0.05081967213114754
0 0.8833333333333333 0.6975409836065574 0.03777777777777778 0.05081967213114754
0 0.7216666666666667 0.43524590163934423 0.034444444444444444 0.05081967213114754
0 0.7211111111111111 0.3762295081967213 0.03888888888888889 0.05245901639344262