0 0.6838888888888889 0.7665016501650165 0.02666666666666667 0.037953795379537955
0 0.09666666666666666 0.49257425742574257 0.04111111111111111 0.05115511551155116
0 0.07777777777777778 0.6534653465346535 0.04 0.04785478547854786
0 0.7005555555555556 0.8547854785478548 0.027777777777777776 0.041254125412541254
0 0.5333333333333333 0.9331683168316832 0.027777777777777776 0.037953795379537955
0 0.5505555555555556 0.22112211221122113 0.04888888888888889 0.041254125412541254
0 0.5461111111111111 0.8481848184818482 0.024444444444444446 0.036303630363036306
0 0.54 0.8902640264026402 0.025555555555555557 0.034653465346534656
0 0.08166666666666667 0.6163366336633663 0.043333333333333335 0.052805280528052806
0 0.5138888888888888 0.8820132013201321 0.02666666666666667 0.037953795379537955
0 0.6366666666666667 0.3721122112211221 0.04 0.05115511551155116
0 0.26722222222222225 0.37541254125412543 0.034444444444444444 0.0462046204620462
0 0.5233333333333333 0.7978547854785478 0.02666666666666667 0.037953795379537955
0 0.09166666666666666 0.5338283828382838 0.04111111111111111 0.04950495049504951
0 0.5583333333333333 0.7285478547854786 0.02666666666666667 0.039603960396039604
0 0.9138888888888889 0.7112211221122112 0.04 0.04455445544554455
0 0.6794444444444444 0.8028052805280528 0.025555555555555557 0.036303630363036306
0 0.9383333333333334 0.47194719471947194 0.04111111111111111 0.052805280528052806
0 0.5327777777777778 0.7178217821782178 0.025555555555555557 0.039603960396039604
0 0.06333333333333334 0.7813531353135313 0.044444444444444446 0.056105610561056105
0 0.08611111111111111 0.5750825082508251 0.044444444444444446 0.056105610561056105
0 0.3138888888888889 0.43399339933993397 0.04 0.05115511551155116
0 0.155 0.4273927392739274 0.042222222222222223 0.054455445544554455
0 0.2011111111111111 0.48432343234323433 0.04 0.04455445544554455
0 0.18777777777777777 0.6072607260726073 0.04111111111111111 0.05115511551155116
0 0.14333333333333334 0.08085808580858085 0.042222222222222223 0.054455445544554455
0 0.5538888888888889 0.18811881188118812 0.04666666666666667 0.05115511551155116
0 0.7038888888888889 0.6023102310231023 0.027777777777777776 0.037953795379537955
0 0.705 0.8151815181518152 0.027777777777777776 0.039603960396039604
0 0.8883333333333333 0.4521452145214521 0.035555555555555556 0.04785478547854786
0 0.7094444444444444 0.7714521452145214 0.027777777777777776 0.041254125412541254
0 0.5272222222222223 0.759075907590759 0.027777777777777776 0.037953795379537955
0 0.10555555555555556 0.41254125412541254 0.03777777777777778 0.0462046204620462
0 0.07277777777777777 0.6938943894389439 0.04111111111111111 0.05115511551155116
0 0.7983333333333333 0.3333333333333333 0.03888888888888889 0.04455445544554455
0 0.15055555555555555 0.4661716171617162 0.03888888888888889 0.04950495049504951
0 0.06722222222222222 0.7367986798679867 0.044444444444444446 0.054455445544554455
0 0.4772222222222222 0.4051155115511551 0.04111111111111111 0.04950495049504951
0 0.19722222222222222 0.523102310231023 0.03777777777777778 0.04950495049504951
0 0.7183333333333334 0.6914191419141914 0.02666666666666667 0.041254125412541254
0 0.6916666666666667 0.683993399339934 0.03111111111111111 0.041254125412541254
0 0.6888888888888889 0.7235973597359736 0.02666666666666667 0.041254125412541254
0 0.6977777777777778 0.6410891089108911 0.02666666666666667 0.041254125412541254
0 0.22055555555555556 0.3226072607260726 0.042222222222222223 0.056105610561056105
0 0.14722222222222223 0.509075907590759 0.042222222222222223 0.056105610561056105
0 0.7266666666666667 0.6105610561056105 0.025555555555555557 0.039603960396039604
0 0.10111111111111111 0.4513201320132013 0.04111111111111111 0.052805280528052806
0 0.9433333333333334 0.4282178217821782 0.042222222222222223 0.056105610561056105
0 0.7372222222222222 0.4034653465346535 0.04 0.052805280528052806
0 0.8711111111111111 0.6171617161716172 0.04 0.052805280528052806
0 0.8916666666666667 0.9207920792079208 0.03777777777777778 0.04950495049504951
0 0.8338888888888889 0.47854785478547857 0.04111111111111111 0.056105610561056105
0 0.31833333333333336 0.3952145214521452 0.03777777777777778 0.04950495049504951
0 0.2722222222222222 0.33910891089108913 0.03777777777777778 0.0462046204620462
0 0.12944444444444445 0.20544554455445543 0.042222222222222223 0.054455445544554455
0 0.8388888888888889 0.43564356435643564 0.03888888888888889 0.04950495049504951
0 0.5544444444444444 0.7673267326732673 0.027777777777777776 0.039603960396039604
0 0.7144444444444444 0.7326732673267327 0.02666666666666667 0.037953795379537955
0 0.3427777777777778 0.18894389438943895 0.03666666666666667 0.04455445544554455
0 0.5555555555555556 0.6394389438943895 0.04 0.052805280528052806
0 0.7194444444444444 0.566006600660066 0.042222222222222223 0.052805280528052806
0 0.5372222222222223 0.3523102310231023 0.04666666666666667 0.04455445544554455
0 0.5433333333333333 0.2854785478547855 0.04777777777777778 0.04455445544554455
0 0.5333333333333333 0.38366336633663367 0.04888888888888889 0.04785478547854786
0 0.5583333333333333 0.1542904290429043 0.04666666666666667 0.04455445544554455
0 0.4866666666666667 0.3217821782178218 0.03777777777777778 0.04785478547854786
0 0.8966666666666666 0.8787128712871287 0.03777777777777778 0.04950495049504951
0 0.9 0.8382838283828383 0.042222222222222223 0.052805280528052806
0 0.5405555555555556 0.3184818481848185 0.04666666666666667 0.04950495049504951
0 0.5194444444444445 0.49587458745874585 0.04555555555555556 0.039603960396039604
0 0.505 0.7285478547854786 0.024444444444444446 0.028052805280528052
0 0.5488888888888889 0.8044554455445545 0.024444444444444446 0.0297029702970297
0 0.9544444444444444 0.33828382838283827 0.04111111111111111 0.037953795379537955
0 0.5688888888888889 0.5148514851485149 0.04111111111111111 0.037953795379537955
0 0.9222222222222223 0.6295379537953796 0.04 0.036303630363036306
0 0.8677777777777778 0.6518151815181518 0.04 0.036303630363036306
0 0.8811111111111111 0.533003300330033 0.03666666666666667 0.0297029702970297
0 0.5022222222222222 0.7475247524752475 0.024444444444444446 0.0297029702970297
0 0.5194444444444445 0.8358085808580858 0.025555555555555557 0.037953795379537955
0 0.6794444444444444 0.9356435643564357 0.04111111111111111 0.05115511551155116
0 0.9261111111111111 0.5915841584158416 0.044444444444444446 0.056105610561056105
0 0.14944444444444444 0.034653465346534656 0.043333333333333335 0.0627062706270627
0 0.6227777777777778 0.9612211221122112 0.043333333333333335 0.056105610561056105
0 0.9177777777777778 0.6716171617161716 0.043333333333333335 0.0594059405940594
0 0.7222222222222222 0.650990099009901 0.02666666666666667 0.041254125412541254
0 0.6283333333333333 0.9183168316831684 0.03888888888888889 0.04950495049504951
0 0.6738888888888889 0.9744224422442245 0.042222222222222223 0.05115511551155116
0 0.8627777777777778 0.6947194719471947 0.042222222222222223 0.0594059405940594
0 0.7838888888888889 0.45792079207920794 0.042222222222222223 0.054455445544554455
0 0.10944444444444444 0.3721122112211221 0.042222222222222223 0.056105610561056105
0 0.8822222222222222 0.9876237623762376 0.04111111111111111 0.024752475247524754
0 0.3383333333333333 0.22854785478547854 0.03777777777777778 0.05115511551155116
0 0.9311111111111111 0.5486798679867987 0.04111111111111111 0.05115511551155116
0 0.3016666666666667 0.08333333333333333 0.042222222222222223 0.0594059405940594
0 0.7466666666666667 0.3193069306930693 0.042222222222222223 0.04785478547854786
0 0.6361111111111111 0.8358085808580858 0.04 0.04785478547854786
0 0.7894444444444444 0.4166666666666667 0.03666666666666667 0.04455445544554455
0 0.905 0.7970297029702971 0.04111111111111111 0.05115511551155116
0 0.13333333333333333 0.16419141914191418 0.04 0.04950495049504951
0 0.5238888888888888 0.4546204620462046 0.04888888888888889 0.057755775577557754
0 0.2627777777777778 0.4174917491749175 0.043333333333333335 0.054455445544554455
0 0.1922222222222222 0.566006600660066 0.03888888888888889 0.05115511551155116
0 0.2111111111111111 0.40264026402640263 0.03666666666666667 0.04785478547854786
0 0.6783333333333333 0.46864686468646866 0.03888888888888889 0.052805280528052806
0 0.9344444444444444 0.5107260726072608 0.03888888888888889 0.04950495049504951
0 0.9488888888888889 0.3811881188118812 0.044444444444444446 0.0594059405940594
0 0.5638888888888889 0.5561056105610561 0.042222222222222223 0.054455445544554455
0 0.8472222222222222 0.3556105610561056 0.03888888888888889 0.05115511551155116
0 0.5466666666666666 0.2533003300330033 0.052222222222222225 0.054455445544554455
0 0.21555555555555556 0.3655115511551155 0.04 0.05115511551155116
0 0.5777777777777777 0.43399339933993397 0.03666666666666667 0.04785478547854786
0 0.8872222222222222 0.9603960396039604 0.04111111111111111 0.05115511551155116
0 0.6338888888888888 0.8762376237623762 0.04111111111111111 0.052805280528052806
0 0.6838888888888889 0.8927392739273927 0.04111111111111111 0.056105610561056105
0 0.25833333333333336 0.4612211221122112 0.04111111111111111 0.05115511551155116
0 0.5594444444444444 0.5981848184818482 0.03888888888888889 0.04785478547854786
0 0.34833333333333333 0.14603960396039603 0.042222222222222223 0.054455445544554455
0 0.24388888888888888 0.11221122112211221 0.04111111111111111 0.052805280528052806
0 0.9588888888888889 0.2978547854785479 0.043333333333333335 0.0594059405940594
0 0.49166666666666664 0.28052805280528054 0.042222222222222223 0.057755775577557754
0 0.6733333333333333 0.509075907590759 0.03777777777777778 0.04785478547854786
0 0.5488888888888889 0.6831683168316832 0.04111111111111111 0.05115511551155116
0 0.8583333333333333 0.7400990099009901 0.042222222222222223 0.056105610561056105
0 0.3233333333333333 0.3547854785478548 0.04 0.05115511551155116
0 0.8427777777777777 0.39603960396039606 0.03666666666666667 0.04785478547854786
0 0.125 0.24752475247524752 0.04 0.05115511551155116
0 0.8916666666666667 0.41006600660066006 0.044444444444444446 0.054455445544554455
0 0.6422222222222222 0.33003300330033003 0.043333333333333335 0.056105610561056105
0 0.7277777777777777 0.48432343234323433 0.04111111111111111 0.05115511551155116
0 0.7422222222222222 0.36056105610561057 0.04111111111111111 0.056105610561056105
0 0.6644444444444444 0.5907590759075908 0.03888888888888889 0.05115511551155116
0 0.295 0.12953795379537955 0.04111111111111111 0.056105610561056105
0 0.3527777777777778 0.10148514851485149 0.043333333333333335 0.056105610561056105
0 0.1988888888888889 0.05198019801980198 0.043333333333333335 0.056105610561056105
0 0.23055555555555557 0.23597359735973597 0.04 0.05115511551155116
0 0.3333333333333333 0.2706270627062706 0.04111111111111111 0.054455445544554455
0 0.8083333333333333 0.24834983498349836 0.04111111111111111 0.057755775577557754
0 0.8588888888888889 0.26567656765676567 0.042222222222222223 0.0594059405940594
0 0.2061111111111111 0.4438943894389439 0.043333333333333335 0.057755775577557754
0 0.7566666666666667 0.23184818481848185 0.043333333333333335 0.057755775577557754
0 0.24055555555555555 0.1551155115511551 0.042222222222222223 0.056105610561056105
0 0.645 0.7557755775577558 0.04 0.04785478547854786
0 0.18388888888888888 0.183993399339934 0.04 0.052805280528052806
0 0.8533333333333334 0.7821782178217822 0.043333333333333335 0.054455445544554455
0 0.9094444444444445 0.7533003300330033 0.043333333333333335 0.057755775577557754
0 0.13777777777777778 0.12376237623762376 0.04111111111111111 0.04950495049504951
0 0.7511111111111111 0.27805280528052806 0.042222222222222223 0.052805280528052806
0 0.22611111111111112 0.28052805280528054 0.04111111111111111 0.056105610561056105
0 0.175 0.26485148514851486 0.03888888888888889 0.05115511551155116
0 0.45055555555555554 0.17986798679867988 0.042222222222222223 0.056105610561056105
0 0.45555555555555555 0.132013201320132 0.042222222222222223 0.057755775577557754
0 0.17888888888888888 0.2235973597359736 0.04111111111111111 0.05115511551155116
0 0.115 0.33085808580858084 0.03777777777777778 0.04950495049504951
0 0.4038888888888889 0.11716171617161716 0.044444444444444446 0.06105610561056106
0 0.19333333333333333 0.09488448844884488 0.043333333333333335 0.052805280528052806
0 0.6316666666666667 0.41254125412541254 0.04 0.052805280528052806
0 0.6922222222222222 0.34405940594059403 0.04111111111111111 0.052805280528052806
0 0.165 0.34735973597359737 0.04111111111111111 0.05115511551155116
0 0.5955555555555555 0.2722772277227723 0.03888888888888889 0.04950495049504951
0 0.5927777777777777 0.3118811881188119 0.03666666666666667 0.04785478547854786
0 0.12 0.2887788778877888 0.04 0.052805280528052806
0 0.23555555555555555 0.19801980198019803 0.03888888888888889 0.04950495049504951
0 0.3283333333333333 0.31353135313531355 0.04111111111111111 0.052805280528052806
0 0.8022222222222222 0.29455445544554454 0.042222222222222223 0.057755775577557754
0 0.6827777777777778 0.4265676567656766 0.03777777777777778 0.04950495049504951
0 0.7938888888888889 0.37541254125412543 0.04111111111111111 0.054455445544554455
0 0.29055555555555557 0.17244224422442245 0.03777777777777778 0.04950495049504951
0 0.6688888888888889 0.5495049504950495 0.04111111111111111 0.054455445544554455
0 0.38333333333333336 0.28795379537953797 0.03888888888888889 0.05115511551155116
0 0.16111111111111112 0.3886138613861386 0.04111111111111111 0.05115511551155116
0 0.6555555555555556 0.6749174917491749 0.03777777777777778 0.04950495049504951
0 0.6016666666666667 0.22937293729372937 0.042222222222222223 0.056105610561056105
0 0.6872222222222222 0.38613861386138615 0.04111111111111111 0.052805280528052806
0 0.6066666666666667 0.1806930693069307 0.044444444444444446 0.0594059405940594
0 0.8533333333333334 0.3110561056105611 0.04111111111111111 0.057755775577557754
0 0.16944444444444445 0.3061056105610561 0.043333333333333335 0.054455445544554455
0 0.8766666666666667 0.5717821782178217 0.044444444444444446 0.0594059405940594
0 0.2822222222222222 0.25495049504950495 0.03777777777777778 0.04950495049504951
0 0.3988888888888889 0.16419141914191418 0.042222222222222223 0.052805280528052806
0 0.8855555555555555 0.4966996699669967 0.04 0.056105610561056105
0 0.3888888888888889 0.24834983498349836 0.04 0.052805280528052806
0 0.5733333333333334 0.4752475247524752 0.044444444444444446 0.054455445544554455
0 0.3938888888888889 0.20544554455445543 0.04111111111111111 0.05115511551155116
0 0.7316666666666667 0.44471947194719474 0.04111111111111111 0.05115511551155116
0 0.4822222222222222 0.3613861386138614 0.042222222222222223 0.056105610561056105
0 0.7233333333333334 0.5255775577557755 0.042222222222222223 0.052805280528052806
0 0.25 0.06848184818481848 0.042222222222222223 0.056105610561056105
0 0.6411111111111111 0.7962046204620462 0.042222222222222223 0.052805280528052806
0 0.27666666666666667 0.297029702970297 0.043333333333333335 0.056105610561056105
0 0.18833333333333332 0.13943894389438943 0.04111111111111111 0.057755775577557754
0 0.28555555555555556 0.2136963696369637 0.04 0.052805280528052806
0 0.6594444444444445 0.6336633663366337 0.042222222222222223 0.054455445544554455
0 0.5827777777777777 0.3935643564356436 0.04 0.052805280528052806
0 0.5877777777777777 0.3523102310231023 0.04 0.052805280528052806
0 0.65 0.7161716171617162 0.04 0.052805280528052806