0 0.8805555555555555 0.6087314662273476 0.027777777777777776 0.04118616144975288
0 0.9155555555555556 0.6350906095551895 0.028888888888888888 0.039538714991762765
0 0.12944444444444445 0.7454695222405272 0.027777777777777776 0.042833607907743
0 0.6116666666666667 0.3649093904448105 0.024444444444444446 0.03789126853377265
0 0.1238888888888889 0.7042833607907742 0.02666666666666667 0.03789126853377265
0 0.45166666666666666 0.7635914332784185 0.028888888888888888 0.044481054365733116
0 0.9444444444444444 0.6672158154859967 0.028888888888888888 0.042833607907743
0 0.1411111111111111 0.8294892915980231 0.03111111111111111 0.044481054365733116
0 0.4677777777777778 0.8805601317957167 0.03 0.042833607907743
0 0.1361111111111111 0.7883031301482701 0.03 0.042833607907743
0 0.9394444444444444 0.628500823723229 0.027777777777777776 0.04118616144975288
0 0.49777777777777776 0.9159802306425041 0.028888888888888888 0.042833607907743
0 0.40944444444444444 0.7364085667215815 0.04555555555555556 0.05930807248764415
0 0.4761111111111111 0.7545304777594728 0.027777777777777776 0.04118616144975288
0 0.3877777777777778 0.4843492586490939 0.028888888888888888 0.044481054365733116
0 0.43833333333333335 0.14991762767710048 0.05444444444444444 0.054365733113673806
0 0.4911111111111111 0.871499176276771 0.028888888888888888 0.044481054365733116
0 0.12 0.6639209225700164 0.02666666666666667 0.03789126853377265
0 0.7977777777777778 0.17051070840197693 0.02666666666666667 0.03789126853377265
0 0.4588888888888889 0.3130148270181219 0.051111111111111114 0.05271828665568369
0 0.9061111111111111 0.3846787479406919 0.028888888888888888 0.039538714991762765
0 0.6411111111111111 0.39621087314662273 0.028888888888888888 0.04118616144975288
0 0.8572222222222222 0.6161449752883031 0.027777777777777776 0.039538714991762765
0 0.1622222222222222 0.7792421746293245 0.03111111111111111 0.04612850082372323
0 0.45666666666666667 0.800658978583196 0.028888888888888888 0.039538714991762765
0 0.17222222222222222 0.8624382207578254 0.03 0.044481054365733116
0 0.10388888888888889 0.542833607907743 0.02666666666666667 0.036243822075782535
0 0.8627777777777778 0.6548599670510709 0.027777777777777776 0.04118616144975288
0 0.7416666666666667 0.35914332784184516 0.03 0.042833607907743
0 0.4583333333333333 0.7191103789126854 0.04666666666666667 0.05601317957166392
0 0.10833333333333334 0.5823723228995058 0.027777777777777776 0.04118616144975288
0 0.38222222222222224 0.44481054365733114 0.028888888888888888 0.039538714991762765
0 0.29888888888888887 0.8154859967051071 0.027777777777777776 0.04118616144975288
0 0.1338888888888889 0.5749588138385503 0.028888888888888888 0.044481054365733116
0 0.15444444444444444 0.7380560131795717 0.03222222222222222 0.044481054365733116
0 0.23 0.49917627677100496 0.02666666666666667 0.03789126853377265
0 0.23555555555555555 0.5403624382207578 0.027777777777777776 0.04118616144975288
0 0.8266666666666667 0.20510708401976935 0.03111111111111111 0.044481054365733116
0 0.8638888888888889 0.27347611202635913 0.02666666666666667 0.039538714991762765
0 0.21055555555555555 0.5461285008237232 0.02666666666666667 0.039538714991762765
0 0.48833333333333334 0.5296540362438221 0.03666666666666667 0.04612850082372323
0 0.4494444444444444 0.2487644151565074 0.052222222222222225 0.057660626029654036
0 0.115 0.6243822075782537 0.03111111111111111 0.04612850082372323
0 0.10277777777777777 0.8467874794069192 0.04555555555555556 0.05601317957166392
0 0.3655555555555556 0.4085667215815486 0.044444444444444446 0.05930807248764415
0 0.11 0.4975288303130148 0.043333333333333335 0.05601317957166392
0 0.8766666666666667 0.35337726523887975 0.027777777777777776 0.04118616144975288
0 0.6166666666666667 0.40362438220757824 0.025555555555555557 0.039538714991762765
0 0.25555555555555554 0.7924217462932455 0.04666666666666667 0.060955518945634266
0 0.8938888888888888 0.30230642504118616 0.02666666666666667 0.039538714991762765
0 0.7772222222222223 0.22075782537067545 0.025555555555555557 0.03789126853377265
0 0.2038888888888889 0.8105436573311368 0.04111111111111111 0.05271828665568369
0 0.1438888888888889 0.657331136738056 0.028888888888888888 0.04118616144975288
0 0.9133333333333333 0.5535420098846787 0.04555555555555556 0.05601317957166392
0 0.25 0.7487644151565074 0.042222222222222223 0.054365733113673806
0 0.05333333333333334 0.47528830313014825 0.04111111111111111 0.051070840197693576
0 0.7533333333333333 0.2298187808896211 0.02666666666666667 0.03789126853377265
0 0.7366666666666667 0.32207578253706753 0.028888888888888888 0.039538714991762765
0 0.8911111111111111 0.2660626029654036 0.02666666666666667 0.03789126853377265
0 0.7711111111111111 0.1812191103789127 0.027777777777777776 0.04118616144975288
0 0.16055555555555556 0.4827018121911038 0.042222222222222223 0.054365733113673806
0 0.7122222222222222 0.627677100494234 0.04555555555555556 0.0642504118616145
0 0.7638888888888888 0.6079077429983526 0.043333333333333335 0.054365733113673806
0 0.1511111111111111 0.3970345963756178 0.044444444444444446 0.057660626029654036
0 0.3011111111111111 0.7306425041186162 0.04111111111111111 0.05271828665568369
0 0.9088888888888889 0.5115321252059308 0.043333333333333335 0.05271828665568369
0 0.45222222222222225 0.6771004942339374 0.043333333333333335 0.054365733113673806
0 0.8694444444444445 0.31219110378912684 0.03222222222222222 0.04612850082372323
0 0.295 0.6845140032948929 0.044444444444444446 0.05930807248764415
0 0.5516666666666666 0.214168039538715 0.04111111111111111 0.05271828665568369
0 0.10444444444444445 0.45799011532125206 0.04111111111111111 0.05271828665568369
0 0.8716666666666667 0.23146622734761121 0.04111111111111111 0.05271828665568369
0 0.9016666666666666 0.34349258649093906 0.03 0.042833607907743
0 0.8633333333333333 0.5700164744645799 0.043333333333333335 0.057660626029654036
0 0.3516666666666667 0.71334431630972 0.042222222222222223 0.05271828665568369
0 0.1988888888888889 0.7677100494233937 0.042222222222222223 0.054365733113673806
0 0.20666666666666667 0.5074135090609555 0.03 0.042833607907743
0 0.09944444444444445 0.4159802306425041 0.04555555555555556 0.05601317957166392
0 0.6611111111111111 0.6457990115321252 0.044444444444444446 0.057660626029654036
0 0.09111111111111111 0.7602965403624382 0.04666666666666667 0.060955518945634266
0 0.6361111111111111 0.35667215815486 0.028888888888888888 0.039538714991762765
0 0.4033333333333333 0.6952224052718287 0.042222222222222223 0.051070840197693576
0 0.09666666666666666 0.8047775947281713 0.043333333333333335 0.054365733113673806
0 0.19333333333333333 0.7224052718286655 0.042222222222222223 0.057660626029654036
0 0.7577777777777778 0.5667215815485996 0.042222222222222223 0.05271828665568369
0 0.20666666666666667 0.41927512355848434 0.04111111111111111 0.04942339373970346
0 0.5111111111111111 0.313838550247117 0.042222222222222223 0.05271828665568369
0 0.44722222222222224 0.6334431630971994 0.04555555555555556 0.057660626029654036
0 0.058888888888888886 0.5181219110378913 0.04666666666666667 0.057660626029654036
0 0.7011111111111111 0.5411861614497528 0.044444444444444446 0.057660626029654036
0 0.6183333333333333 0.3212520593080725 0.044444444444444446 0.057660626029654036
0 0.8133333333333334 0.5922570016474464 0.044444444444444446 0.057660626029654036
0 0.2577777777777778 0.40444810543657334 0.042222222222222223 0.051070840197693576
0 0.35944444444444446 0.36820428336079075 0.042222222222222223 0.051070840197693576
0 0.39611111111111114 0.6507413509060955 0.044444444444444446 0.06260296540362438
0 0.24388888888888888 0.7051070840197694 0.04555555555555556 0.05930807248764415
0 0.2127777777777778 0.46210873146622733 0.04666666666666667 0.057660626029654036
0 0.30833333333333335 0.3846787479406919 0.042222222222222223 0.05271828665568369
0 0.5072222222222222 0.27347611202635913 0.04 0.051070840197693576
0 0.3566666666666667 0.7553542009884678 0.044444444444444446 0.05601317957166392
0 0.5572222222222222 0.2553542009884679 0.042222222222222223 0.051070840197693576
0 0.04722222222222222 0.4341021416803954 0.04666666666666667 0.060955518945634266
0 0.6561111111111111 0.6021416803953872 0.042222222222222223 0.054365733113673806
0 0.15555555555555556 0.43986820428336076 0.043333333333333335 0.05271828665568369
0 0.8077777777777778 0.5502471169686985 0.042222222222222223 0.054365733113673806
0 0.6511111111111111 0.5593080724876441 0.044444444444444446 0.057660626029654036
0 0.20166666666666666 0.3797364085667216 0.044444444444444446 0.05601317957166392
0 0.25166666666666665 0.3616144975288303 0.042222222222222223 0.054365733113673806
0 0.8577777777777778 0.5296540362438221 0.04111111111111111 0.05271828665568369
0 0.35444444444444445 0.32537067545304776 0.043333333333333335 0.05930807248764415
0 0.86 0.14909390444810544 0.04555555555555556 0.057660626029654036
0 0.9033333333333333 0.46787479406919275 0.044444444444444446 0.057660626029654036
0 0.8511111111111112 0.4868204283360791 0.043333333333333335 0.05601317957166392
0 0.5461111111111111 0.16803953871499178 0.04111111111111111 0.057660626029654036
0 0.3138888888888889 0.42833607907743 0.044444444444444446 0.06260296540362438
0 0.7516666666666667 0.5238879736408567 0.044444444444444446 0.05930807248764415
0 0.7188888888888889 0.2833607907742998 0.04555555555555556 0.060955518945634266
0 0.7083333333333334 0.20181219110378912 0.043333333333333335 0.05601317957166392
0 0.4772222222222222 0.44810543657331137 0.051111111111111114 0.05930807248764415
0 0.41055555555555556 0.3484349258649094 0.042222222222222223 0.05271828665568369
0 0.3461111111111111 0.6680395387149918 0.044444444444444446 0.060955518945634266
0 0.6072222222222222 0.23640856672158156 0.043333333333333335 0.05601317957166392
0 0.8655555555555555 0.19110378912685339 0.042222222222222223 0.05271828665568369
0 0.3016666666666667 0.342668863261944 0.044444444444444446 0.057660626029654036
0 0.6122222222222222 0.2808896210873147 0.04111111111111111 0.05271828665568369
0 0.40555555555555556 0.30642504118616143 0.042222222222222223 0.054365733113673806
0 0.8027777777777778 0.5049423393739704 0.042222222222222223 0.05601317957166392
0 0.6566666666666666 0.21911037891268534 0.043333333333333335 0.05601317957166392
0 0.5627777777777778 0.2981878088962109 0.043333333333333335 0.05601317957166392
0 0.6627777777777778 0.2627677100494234 0.042222222222222223 0.05271828665568369
0 0.6683333333333333 0.30477759472817134 0.043333333333333335 0.057660626029654036
0 0.5022222222222222 0.2298187808896211 0.042222222222222223 0.05601317957166392
0 0.48277777777777775 0.49093904448105435 0.04777777777777778 0.05601317957166392
0 0.455 0.28171334431630973 0.04666666666666667 0.044481054365733116
0 0.13444444444444445 0.9876441515650741 0.035555555555555556 0.02471169686985173
0 0.5272222222222223 0.7322899505766063 0.02666666666666667 0.036243822075782535
0 0.4738888888888889 0.9225700164744646 0.027777777777777776 0.04118616144975288
0 0.92 0.6754530477759473 0.028888888888888888 0.04118616144975288
0 0.4627777777777778 0.8401976935749588 0.03111111111111111 0.044481054365733116
0 0.12444444444444444 0.9176276771004942 0.03333333333333333 0.04612850082372323
0 0.14722222222222223 0.8698517298187809 0.02666666666666667 0.039538714991762765
0 0.875 0.7339373970345964 0.028888888888888888 0.039538714991762765
0 0.9255555555555556 0.7166392092257001 0.03 0.042833607907743
0 0.9338888888888889 0.5906095551894563 0.028888888888888888 0.042833607907743
0 0.11888888888888889 0.8822075782537068 0.028888888888888888 0.039538714991762765
0 0.43 0.8088962108731467 0.03 0.04118616144975288
0 0.8861111111111111 0.6490939044481054 0.027777777777777776 0.04118616144975288
0 0.8211111111111111 0.16227347611202636 0.027777777777777776 0.03789126853377265
0 0.4816666666666667 0.7907742998352554 0.027777777777777776 0.03789126853377265
0 0.7822222222222223 0.2602965403624382 0.028888888888888888 0.039538714991762765
0 0.5177777777777778 0.35667215815486 0.04111111111111111 0.04612850082372323
0 0.12944444444444445 0.5354200988467874 0.025555555555555557 0.039538714991762765
0 0.2638888888888889 0.443163097199341 0.044444444444444446 0.05601317957166392
0 0.8688888888888889 0.6935749588138386 0.03 0.04118616144975288
0 0.14944444444444444 0.6968698517298187 0.028888888888888888 0.039538714991762765
0 0.9322222222222222 0.7594728171334432 0.03111111111111111 0.04612850082372323
0 0.3038888888888889 0.8542009884678748 0.027777777777777776 0.04118616144975288
0 0.3061111111111111 0.770181219110379 0.043333333333333335 0.054365733113673806
0 0.8988888888888888 0.728171334431631 0.027777777777777776 0.04118616144975288
0 0.4672222222222222 0.37644151565074135 0.051111111111111114 0.047775947281713346
0 0.33 0.8451400329489291 0.02666666666666667 0.03789126853377265
0 0.9561111111111111 0.7512355848434926 0.028888888888888888 0.04118616144975288
0 0.42277777777777775 0.7726523887973641 0.03222222222222222 0.04118616144975288
0 0.4638888888888889 0.3467874794069193 0.04777777777777778 0.04612850082372323
0 0.4461111111111111 0.21499176276771004 0.052222222222222225 0.04612850082372323
0 0.4216666666666667 0.3904448105436573 0.03 0.044481054365733116
0 0.8794444444444445 0.7767710049423394 0.028888888888888888 0.04118616144975288
0 0.7455555555555555 0.1886326194398682 0.027777777777777776 0.039538714991762765
0 0.95 0.7084019769357496 0.03 0.042833607907743
0 0.325 0.8064250411861614 0.02666666666666667 0.036243822075782535
0 0.91 0.5963756177924218 0.03 0.04118616144975288
0 0.16666666666666666 0.8220757825370676 0.028888888888888888 0.042833607907743
0 0.44222222222222224 0.18369028006589785 0.051111111111111114 0.05271828665568369