0 0.49733333333333335 0.29296875 0.029333333333333333 0.0296875
0 0.49866666666666665 0.378125 0.02666666666666667 0.021875
0 0.49666666666666665 0.36328125 0.028 0.0296875
0 0.5026666666666667 0.784375 0.024 0.025
0 0.49666666666666665 0.2609375 0.030666666666666665 0.03125
0 0.498 0.4015625 0.025333333333333333 0.01875
0 0.19133333333333333 0.74140625 0.03333333333333333 0.0359375
0 0.498 0.42109375 0.028 0.0234375
0 0.246 0.740625 0.028 0.034375
0 0.13733333333333334 0.74453125 0.02666666666666667 0.0328125
0 0.2906666666666667 0.6375 0.032 0.03125
0 0.29 0.49140625 0.03866666666666667 0.0296875
0 0.28933333333333333 0.4578125 0.037333333333333336 0.034375
0 0.7573333333333333 0.23828125 0.034666666666666665 0.0421875
0 0.236 0.8578125 0.034666666666666665 0.04375
0 0.28933333333333333 0.5296875 0.037333333333333336 0.04375
0 0.28933333333333333 0.3859375 0.037333333333333336 0.03125
0 0.866 0.421875 0.03866666666666667 0.034375
0 0.866 0.3875 0.03866666666666667 0.034375
0 0.18066666666666667 0.85390625 0.04133333333333333 0.0359375
0 0.49733333333333335 0.22265625 0.029333333333333333 0.0296875
0 0.28933333333333333 0.4171875 0.037333333333333336 0.03125
0 0.18133333333333335 0.778125 0.037333333333333336 0.040625
0 0.18066666666666667 0.81640625 0.04133333333333333 0.0359375
0 0.2886666666666667 0.56796875 0.03866666666666667 0.0328125
0 0.812 0.3890625 0.034666666666666665 0.034375
0 0.49733333333333335 0.19453125 0.029333333333333333 0.0265625
0 0.23666666666666666 0.7796875 0.03333333333333333 0.040625
0 0.29 0.603125 0.03866666666666667 0.034375
0 0.236 0.81640625 0.037333333333333336 0.0359375
0 0.12533333333333332 0.85234375 0.042666666666666665 0.0453125
0 0.8666666666666667 0.31328125 0.037333333333333336 0.0390625
0 0.866 0.459375 0.036 0.034375
0 0.17866666666666667 0.421875 0.037333333333333336 0.034375
0 0.12533333333333332 0.78125 0.04 0.040625
0 0.8673333333333333 0.353125 0.036 0.034375
0 0.8133333333333334 0.31484375 0.037333333333333336 0.0359375
0 0.29 0.6734375 0.04133333333333333 0.0375
0 0.812 0.35234375 0.034666666666666665 0.0359375
0 0.178 0.27421875 0.03866666666666667 0.0328125
0 0.17866666666666667 0.38515625 0.037333333333333336 0.0359375
0 0.812 0.27578125 0.037333333333333336 0.0390625
0 0.234 0.3140625 0.03866666666666667 0.04375
0 0.178 0.31171875 0.03866666666666667 0.0359375
0 0.17866666666666667 0.2359375 0.04 0.040625
0 0.17933333333333334 0.3484375 0.03866666666666667 0.0375
0 0.2886666666666667 0.34921875 0.04133333333333333 0.0390625
0 0.28933333333333333 0.30859375 0.04 0.0390625
0 0.498 0.2421875 0.02666666666666667 0.0078125