0 0.2477777777777778 0.8550247116968699 0.04 0.051070840197693576
0 0.6777777777777778 0.16803953871499178 0.04 0.051070840197693576
0 0.16333333333333333 0.9892915980230642 0.04111111111111111 0.0214168039538715
0 0.15722222222222224 0.9579901153212521 0.04111111111111111 0.051070840197693576
0 0.7561111111111111 0.7528830313014827 0.04 0.04612850082372323
0 0.8677777777777778 0.8171334431630972 0.04 0.04612850082372323
0 0.48055555555555557 0.2158154859967051 0.04888888888888889 0.039538714991762765
0 0.8988888888888888 0.2602965403624382 0.04 0.04612850082372323
0 0.8683333333333333 0.4332784184514003 0.04111111111111111 0.04942339373970346
0 0.8638888888888889 0.39373970345963755 0.04 0.04942339373970346
0 0.19833333333333333 0.8706754530477759 0.04 0.04612850082372323
0 0.7672222222222222 0.8377265238879736 0.04111111111111111 0.04942339373970346
0 0.8738888888888889 0.8583196046128501 0.03888888888888889 0.044481054365733116
0 0.7722222222222223 0.8805601317957167 0.04111111111111111 0.04942339373970346
0 0.28555555555555556 0.3344316309719934 0.04 0.04942339373970346
0 0.88 0.5172981878088962 0.04111111111111111 0.047775947281713346
0 0.5144444444444445 0.8871499176276771 0.03777777777777778 0.047775947281713346
0 0.4722222222222222 0.15074135090609556 0.04555555555555556 0.042833607907743
0 0.265 0.9794069192751236 0.04 0.04118616144975288
0 0.7444444444444445 0.6688632619439868 0.03888888888888889 0.047775947281713346
0 0.8827777777777778 0.13179571663920922 0.04 0.051070840197693576
0 0.2588888888888889 0.9398682042833608 0.04 0.051070840197693576
0 0.5194444444444445 0.929159802306425 0.04 0.051070840197693576
0 0.1527777777777778 0.9192751235584844 0.043333333333333335 0.047775947281713346
0 0.875 0.4744645799011532 0.04111111111111111 0.051070840197693576
0 0.8961111111111111 0.642504118616145 0.04 0.047775947281713346
0 0.4922222222222222 0.7207578253706755 0.03888888888888889 0.047775947281713346
0 0.8461111111111111 0.2685337726523888 0.04111111111111111 0.042833607907743
0 0.9077777777777778 0.7240527182866557 0.04 0.04612850082372323
0 0.5027777777777778 0.8031301482701813 0.03666666666666667 0.04612850082372323
0 0.5033333333333333 0.3805601317957166 0.04555555555555556 0.042833607907743
0 0.5083333333333333 0.8443163097199341 0.03888888888888889 0.051070840197693576
0 0.7505555555555555 0.7116968698517299 0.04 0.05271828665568369
0 0.14055555555555554 0.8319604612850082 0.04111111111111111 0.04942339373970346
0 0.23666666666666666 0.7693574958813838 0.03888888888888889 0.051070840197693576
0 0.8355555555555556 0.5675453047775947 0.03777777777777778 0.044481054365733116
0 0.7022222222222222 0.3393739703459638 0.03888888888888889 0.04612850082372323
0 0.07222222222222222 0.2899505766062603 0.042222222222222223 0.05271828665568369
0 0.49833333333333335 0.7611202635914333 0.03777777777777778 0.047775947281713346
0 0.7472222222222222 0.2841845140032949 0.035555555555555556 0.04942339373970346
0 0.4938888888888889 0.3154859967051071 0.04555555555555556 0.04942339373970346
0 0.37722222222222224 0.22652388797364087 0.04 0.05271828665568369
0 0.5883333333333334 0.658154859967051 0.04 0.04942339373970346
0 0.8583333333333333 0.7347611202635914 0.03888888888888889 0.047775947281713346
0 0.885 0.556013179571664 0.03888888888888889 0.044481054365733116
0 0.7616666666666667 0.7957166392092258 0.04111111111111111 0.051070840197693576
0 0.31222222222222223 0.5453047775947282 0.04111111111111111 0.05271828665568369
0 0.1461111111111111 0.8756177924217463 0.044444444444444446 0.054365733113673806
0 0.5833333333333334 0.6169686985172982 0.03888888888888889 0.04612850082372323
0 0.18888888888888888 0.3978583196046129 0.03333333333333333 0.042833607907743
0 0.8938888888888888 0.21993410214168038 0.04 0.04942339373970346
0 0.7338888888888889 0.5848434925864909 0.03888888888888889 0.04612850082372323
0 0.8127777777777778 0.400329489291598 0.03888888888888889 0.04612850082372323
0 0.2777777777777778 0.6762767710049423 0.034444444444444444 0.044481054365733116
0 0.8522222222222222 0.30807248764415157 0.04111111111111111 0.05271828665568369
0 0.48777777777777775 0.6803953871499177 0.03888888888888889 0.04612850082372323
0 0.7816666666666666 0.1515650741350906 0.04 0.05271828665568369
0 0.08777777777777777 0.41680395387149916 0.03666666666666667 0.047775947281713346
0 0.4766666666666667 0.18451400329489293 0.04555555555555556 0.04612850082372323
0 0.13111111111111112 0.7512355848434926 0.043333333333333335 0.05271828665568369
0 0.10388888888888889 0.5420098846787479 0.03777777777777778 0.04612850082372323
0 0.09777777777777778 0.500823723228995 0.04 0.051070840197693576
0 0.1361111111111111 0.7932454695222405 0.04 0.04612850082372323
0 0.8627777777777778 0.7759472817133443 0.04 0.04942339373970346
0 0.9027777777777778 0.6828665568369028 0.042222222222222223 0.047775947281713346
0 0.54 0.28912685337726524 0.042222222222222223 0.05271828665568369
0 0.2877777777777778 0.7644151565074135 0.042222222222222223 0.05271828665568369
0 0.11611111111111111 0.6268533772652389 0.04 0.04942339373970346
0 0.28 0.2940691927512356 0.042222222222222223 0.04612850082372323
0 0.23166666666666666 0.7306425041186162 0.03666666666666667 0.044481054365733116
0 0.7861111111111111 0.19522240527182866 0.035555555555555556 0.047775947281713346
0 0.7277777777777777 0.5461285008237232 0.03888888888888889 0.047775947281713346
0 0.9133333333333333 0.7677100494233937 0.043333333333333335 0.05271828665568369
0 0.09222222222222222 0.4588138385502471 0.03888888888888889 0.04942339373970346
0 0.5622222222222222 0.45057660626029655 0.03777777777777778 0.044481054365733116
0 0.16777777777777778 0.2215815485996705 0.04111111111111111 0.05601317957166392
0 0.18666666666666668 0.7817133443163097 0.04111111111111111 0.04942339373970346
0 0.6844444444444444 0.2116968698517298 0.03888888888888889 0.051070840197693576
0 0.8866666666666667 0.17380560131795716 0.04 0.051070840197693576
0 0.7394444444444445 0.6260296540362438 0.04111111111111111 0.051070840197693576
0 0.2544444444444444 0.8970345963756178 0.042222222222222223 0.047775947281713346
0 0.49833333333333335 0.3500823723228995 0.04666666666666667 0.04118616144975288
0 0.48944444444444446 0.28500823723228996 0.044444444444444446 0.03789126853377265
0 0.7416666666666667 0.2413509060955519 0.03888888888888889 0.036243822075782535
0 0.5616666666666666 0.7561779242174629 0.024444444444444446 0.02800658978583196
0 0.5161111111111111 0.4950576606260296 0.042222222222222223 0.039538714991762765
0 0.5583333333333333 0.7314662273476112 0.023333333333333334 0.03130148270181219
0 0.2361111111111111 0.3467874794069193 0.03666666666666667 0.047775947281713346
0 0.5772222222222222 0.5774299835255354 0.03888888888888889 0.047775947281713346
0 0.7127777777777777 0.4233937397034596 0.04 0.04942339373970346
0 0.17055555555555554 0.657331136738056 0.04 0.047775947281713346
0 0.51 0.4538714991762768 0.044444444444444446 0.05271828665568369
0 0.7183333333333334 0.4645799011532125 0.04111111111111111 0.047775947281713346
0 0.39444444444444443 0.357495881383855 0.04 0.05271828665568369
0 0.32166666666666666 0.19110378912685339 0.04111111111111111 0.054365733113673806
0 0.21166666666666667 0.5626029654036244 0.03777777777777778 0.04612850082372323
0 0.8088888888888889 0.36079077429983525 0.03888888888888889 0.047775947281713346
0 0.38333333333333336 0.2742998352553542 0.04 0.04942339373970346
0 0.16055555555555556 0.5749588138385503 0.03888888888888889 0.051070840197693576
0 0.17277777777777778 0.26688632619439867 0.04 0.04942339373970346
0 0.14 0.40774299835255357 0.03888888888888889 0.04942339373970346
0 0.4711111111111111 0.5551894563426688 0.03777777777777778 0.04612850082372323
0 0.8033333333333333 0.31960461285008235 0.03888888888888889 0.047775947281713346
0 0.2822222222222222 0.7191103789126854 0.03777777777777778 0.051070840197693576
0 0.1238888888888889 0.2784184514003295 0.04111111111111111 0.04942339373970346
0 0.3022222222222222 0.4596375617792422 0.04111111111111111 0.051070840197693576
0 0.12833333333333333 0.32207578253706753 0.04111111111111111 0.05271828665568369
0 0.11888888888888889 0.23146622734761121 0.043333333333333335 0.054365733113673806
0 0.48444444444444446 0.24958813838550248 0.04666666666666667 0.047775947281713346
0 0.22611111111111112 0.6902800658978583 0.03777777777777778 0.04612850082372323
0 0.27555555555555555 0.25205930807248766 0.04111111111111111 0.051070840197693576
0 0.42833333333333334 0.21746293245469522 0.03666666666666667 0.044481054365733116
0 0.7627777777777778 0.4126853377265239 0.03888888888888889 0.047775947281713346
0 0.27111111111111114 0.2026359143327842 0.044444444444444446 0.057660626029654036
0 0.7066666666666667 0.3805601317957166 0.04 0.051070840197693576
0 0.7527777777777778 0.328665568369028 0.04111111111111111 0.05271828665568369
0 0.29 0.37644151565074135 0.043333333333333335 0.04942339373970346
0 0.58 0.19192751235584843 0.03777777777777778 0.051070840197693576
0 0.8527777777777777 0.6943986820428336 0.03666666666666667 0.047775947281713346
0 0.2427777777777778 0.8121911037891268 0.04 0.047775947281713346
0 0.1661111111111111 0.6169686985172982 0.03888888888888889 0.04942339373970346
0 0.32666666666666666 0.23887973640856672 0.03666666666666667 0.051070840197693576
0 0.5722222222222222 0.5345963756177924 0.03888888888888889 0.051070840197693576
0 0.29555555555555557 0.41762767710049425 0.03777777777777778 0.04612850082372323
0 0.7755555555555556 0.10378912685337727 0.04111111111111111 0.057660626029654036
0 0.5927777777777777 0.7018121911037891 0.04111111111111111 0.05271828665568369
0 0.2411111111111111 0.385502471169687 0.03888888888888889 0.044481054365733116
0 0.545 0.33031301482701814 0.03666666666666667 0.044481054365733116
0 0.645 0.3130148270181219 0.03888888888888889 0.047775947281713346
0 0.455 0.42751235584843494 0.03777777777777778 0.04612850082372323
0 0.83 0.528830313014827 0.03888888888888889 0.051070840197693576
0 0.21833333333333332 0.21252059308072488 0.043333333333333335 0.057660626029654036
0 0.22944444444444445 0.3031301482701812 0.03888888888888889 0.051070840197693576
0 0.24555555555555555 0.42668863261943984 0.04 0.051070840197693576
0 0.215 0.6029654036243822 0.03888888888888889 0.051070840197693576
0 0.8238888888888889 0.09555189456342669 0.042222222222222223 0.05271828665568369
0 0.25055555555555553 0.4695222405271829 0.04 0.047775947281713346
0 0.25722222222222224 0.5123558484349259 0.04111111111111111 0.04942339373970346
0 0.8766666666666667 0.08484349258649095 0.044444444444444446 0.05601317957166392
0 0.5288888888888889 0.20098846787479407 0.04 0.05271828665568369
0 0.14444444444444443 0.45057660626029655 0.03777777777777778 0.04942339373970346
0 0.8305555555555556 0.14332784184514002 0.04111111111111111 0.051070840197693576
0 0.15555555555555556 0.5329489291598023 0.04111111111111111 0.051070840197693576
0 0.4822222222222222 0.6392092257001647 0.04111111111111111 0.051070840197693576
0 0.225 0.25947281713344317 0.04111111111111111 0.04942339373970346
0 0.3327777777777778 0.2833607907742998 0.03777777777777778 0.04942339373970346
0 0.8366666666666667 0.18698517298187808 0.03888888888888889 0.051070840197693576
0 0.15055555555555555 0.4901153212520593 0.03888888888888889 0.047775947281713346
0 0.6727777777777778 0.12355848434925865 0.042222222222222223 0.054365733113673806
0 0.26222222222222225 0.5535420098846787 0.04111111111111111 0.047775947281713346
0 0.5677777777777778 0.4925864909390445 0.03666666666666667 0.047775947281713346
0 0.5911111111111111 0.27677100494233936 0.03888888888888889 0.047775947281713346
0 0.46444444444444444 0.514827018121911 0.03888888888888889 0.047775947281713346
0 0.5733333333333334 0.14250411861614498 0.042222222222222223 0.057660626029654036
0 0.7688888888888888 0.4546952224052718 0.04 0.051070840197693576
0 0.2727777777777778 0.6350906095551895 0.03888888888888889 0.04942339373970346
0 0.4388888888888889 0.3039538714991763 0.03888888888888889 0.047775947281713346
0 0.445 0.34596375617792424 0.04 0.04942339373970346
0 0.5227777777777778 0.15403624382207579 0.03888888888888889 0.054365733113673806
0 0.5855555555555556 0.23476112026359144 0.03777777777777778 0.04942339373970346
0 0.8422222222222222 0.6095551894563427 0.042222222222222223 0.054365733113673806
0 0.22111111111111112 0.6474464579901154 0.04111111111111111 0.051070840197693576
0 0.3372222222222222 0.32784184514003295 0.04111111111111111 0.05271828665568369
0 0.4216666666666667 0.17298187808896212 0.04111111111111111 0.05271828665568369
0 0.4494444444444444 0.38632619439868204 0.04 0.04942339373970346
0 0.4761111111111111 0.5963756177924218 0.04 0.04942339373970346
0 0.1938888888888889 0.4382207578253707 0.03888888888888889 0.051070840197693576
0 0.185 0.35667215815486 0.04111111111111111 0.051070840197693576
0 0.6961111111111111 0.29736408566721584 0.04111111111111111 0.05271828665568369
0 0.205 0.5230642504118617 0.03777777777777778 0.047775947281713346
0 0.64 0.26688632619439867 0.04111111111111111 0.054365733113673806
0 0.17888888888888888 0.31219110378912684 0.042222222222222223 0.05271828665568369
0 0.5566666666666666 0.41186161449752884 0.03888888888888889 0.047775947281713346
0 0.5344444444444445 0.24382207578253706 0.03888888888888889 0.047775947281713346
0 0.43277777777777776 0.2602965403624382 0.04 0.051070840197693576
0 0.2 0.4818780889621087 0.03777777777777778 0.04942339373970346
0 0.5511111111111111 0.3698517298187809 0.03666666666666667 0.04942339373970346
0 0.5972222222222222 0.3187808896210873 0.04111111111111111 0.051070840197693576
0 0.69 0.25617792421746294 0.035555555555555556 0.04612850082372323
0 0.46 0.4695222405271829 0.042222222222222223 0.05271828665568369
0 0.8183333333333334 0.443163097199341 0.04 0.04942339373970346
0 0.13444444444444445 0.3673805601317957 0.03777777777777778 0.04942339373970346
0 0.7972222222222223 0.2775947281713344 0.03888888888888889 0.051070840197693576
0 0.3877777777777778 0.31466227347611203 0.03777777777777778 0.04612850082372323
0 0.12555555555555556 0.7084019769357496 0.042222222222222223 0.04942339373970346
0 0.17666666666666667 0.699341021416804 0.04 0.051070840197693576
0 0.8422222222222222 0.23228995057660626 0.03777777777777778 0.047775947281713346
0 0.19277777777777777 0.8261943986820428 0.04555555555555556 0.05601317957166392
0 0.825 0.48599670510708404 0.03888888888888889 0.051070840197693576
0 0.12111111111111111 0.6655683690280065 0.04111111111111111 0.04612850082372323
0 0.26666666666666666 0.5939044481054365 0.03777777777777778 0.04612850082372323
0 0.08333333333333333 0.3756177924217463 0.04 0.04942339373970346
0 0.7927777777777778 0.2355848434925865 0.03777777777777778 0.047775947281713346
0 0.7577777777777778 0.371499176276771 0.042222222222222223 0.047775947281713346
0 0.7238888888888889 0.5057660626029654 0.04 0.051070840197693576
0 0.0661111111111111 0.24052718286655683 0.043333333333333335 0.054365733113673806
0 0.07833333333333334 0.3311367380560132 0.04 0.047775947281713346
0 0.8577777777777778 0.3517298187808896 0.04 0.04942339373970346
0 0.18166666666666667 0.7413509060955519 0.04111111111111111 0.047775947281713346
0 0.10944444444444444 0.5840197693574959 0.04111111111111111 0.04942339373970346
0 0.30777777777777776 0.5024711696869851 0.04 0.04612850082372323
0 0.8472222222222222 0.6532125205930808 0.03777777777777778 0.04942339373970346
0 0.8916666666666667 0.5980230642504119 0.043333333333333335 0.05601317957166392