0 0.48333333333333334 0.4753289473684211 0.04555555555555556 0.03453947368421053
0 0.745 0.24753289473684212 0.03666666666666667 0.03453947368421053
0 0.16666666666666666 0.8791118421052632 0.03888888888888889 0.049342105263157895
0 0.6911111111111111 0.2565789473684211 0.034444444444444444 0.046052631578947366
0 0.5366666666666666 0.22615131578947367 0.034444444444444444 0.044407894736842105
0 0.6344444444444445 0.6743421052631579 0.03666666666666667 0.04276315789473684
0 0.3244444444444444 0.6998355263157895 0.03777777777777778 0.046052631578947366
0 0.8422222222222222 0.4506578947368421 0.03666666666666667 0.044407894736842105
0 0.17277777777777778 0.3001644736842105 0.035555555555555556 0.044407894736842105
0 0.38166666666666665 0.23848684210526316 0.03777777777777778 0.044407894736842105
0 0.07055555555555555 0.4745065789473684 0.03777777777777778 0.047697368421052634
0 0.11666666666666667 0.6332236842105263 0.035555555555555556 0.044407894736842105
0 0.7888888888888889 0.7023026315789473 0.03666666666666667 0.046052631578947366
0 0.8444444444444444 0.40707236842105265 0.03777777777777778 0.046052631578947366
0 0.06888888888888889 0.5172697368421053 0.03666666666666667 0.044407894736842105
0 0.3244444444444444 0.7417763157894737 0.03666666666666667 0.044407894736842105
0 0.8905555555555555 0.7779605263157895 0.03666666666666667 0.047697368421052634
0 0.7872222222222223 0.8708881578947368 0.03888888888888889 0.047697368421052634
0 0.7416666666666667 0.45805921052631576 0.03777777777777778 0.044407894736842105
0 0.6427777777777778 0.1299342105263158 0.03888888888888889 0.05098684210526316
0 0.7894444444444444 0.7450657894736842 0.035555555555555556 0.04276315789473684
0 0.43333333333333335 0.234375 0.034444444444444444 0.044407894736842105
0 0.11888888888888889 0.5929276315789473 0.03333333333333333 0.04276315789473684
0 0.43277777777777776 0.27631578947368424 0.03666666666666667 0.04276315789473684
0 0.1661111111111111 0.837171052631579 0.03666666666666667 0.044407894736842105
0 0.07055555555555555 0.4292763157894737 0.03777777777777778 0.046052631578947366
0 0.38222222222222224 0.19736842105263158 0.03888888888888889 0.044407894736842105
0 0.37833333333333335 0.5279605263157895 0.03777777777777778 0.044407894736842105
0 0.6844444444444444 0.712171052631579 0.03888888888888889 0.047697368421052634
0 0.16777777777777778 0.7944078947368421 0.03888888888888889 0.044407894736842105
0 0.79 0.6175986842105263 0.03777777777777778 0.047697368421052634
0 0.585 0.5542763157894737 0.03666666666666667 0.046052631578947366
0 0.5388888888888889 0.13980263157894737 0.03888888888888889 0.05263157894736842
0 0.3788888888888889 0.4457236842105263 0.03777777777777778 0.049342105263157895
0 0.8933333333333333 0.6126644736842105 0.03777777777777778 0.044407894736842105
0 0.7938888888888889 0.37006578947368424 0.035555555555555556 0.044407894736842105
0 0.8455555555555555 0.2845394736842105 0.034444444444444444 0.04111842105263158
0 0.8444444444444444 0.3651315789473684 0.03666666666666667 0.044407894736842105
0 0.2238888888888889 0.3774671052631579 0.03666666666666667 0.044407894736842105
0 0.3283333333333333 0.28289473684210525 0.03777777777777778 0.049342105263157895
0 0.3277777777777778 0.41036184210526316 0.03333333333333333 0.044407894736842105
0 0.43 0.48026315789473684 0.035555555555555556 0.046052631578947366
0 0.8416666666666667 0.4909539473684211 0.03666666666666667 0.046052631578947366
0 0.7883333333333333 0.7853618421052632 0.03666666666666667 0.044407894736842105
0 0.8961111111111111 0.3618421052631579 0.03777777777777778 0.046052631578947366
0 0.5911111111111111 0.13651315789473684 0.03888888888888889 0.05098684210526316
0 0.8938888888888888 0.5699013157894737 0.03777777777777778 0.047697368421052634
0 0.6372222222222222 0.4654605263157895 0.03777777777777778 0.04111842105263158
0 0.4338888888888889 0.19078947368421054 0.03666666666666667 0.047697368421052634
0 0.69 0.37911184210526316 0.035555555555555556 0.04276315789473684
0 0.38 0.3207236842105263 0.03777777777777778 0.047697368421052634
0 0.8411111111111111 0.5328947368421053 0.03666666666666667 0.044407894736842105
0 0.17 0.5863486842105263 0.035555555555555556 0.046052631578947366
0 0.89 0.8618421052631579 0.04111111111111111 0.05098684210526316
0 0.7388888888888889 0.6225328947368421 0.03777777777777778 0.047697368421052634
0 0.6872222222222222 0.5444078947368421 0.03777777777777778 0.044407894736842105
0 0.3244444444444444 0.65625 0.03777777777777778 0.047697368421052634
0 0.6411111111111111 0.21957236842105263 0.035555555555555556 0.046052631578947366
0 0.22 0.7491776315789473 0.03666666666666667 0.044407894736842105
0 0.32555555555555554 0.45148026315789475 0.035555555555555556 0.044407894736842105
0 0.8927777777777778 0.6537828947368421 0.03666666666666667 0.047697368421052634
0 0.17277777777777778 0.3824013157894737 0.03666666666666667 0.047697368421052634
0 0.6422222222222222 0.17598684210526316 0.03777777777777778 0.047697368421052634
0 0.21777777777777776 0.8330592105263158 0.03777777777777778 0.044407894736842105
0 0.6888888888888889 0.4605263157894737 0.034444444444444444 0.044407894736842105
0 0.3811111111111111 0.2787828947368421 0.03777777777777778 0.04276315789473684
0 0.5894444444444444 0.3059210526315789 0.03666666666666667 0.044407894736842105
0 0.1688888888888889 0.7541118421052632 0.03666666666666667 0.04276315789473684
0 0.7922222222222223 0.5756578947368421 0.03666666666666667 0.04276315789473684
0 0.8977777777777778 0.3199013157894737 0.03777777777777778 0.044407894736842105
0 0.22722222222222221 0.1669407894736842 0.03888888888888889 0.049342105263157895
0 0.7927777777777778 0.45723684210526316 0.035555555555555556 0.04111842105263158
0 0.37833333333333335 0.569078947368421 0.03666666666666667 0.04111842105263158
0 0.11611111111111111 0.8396381578947368 0.03666666666666667 0.044407894736842105
0 0.5872222222222222 0.47286184210526316 0.03777777777777778 0.04111842105263158
0 0.2238888888888889 0.4185855263157895 0.03666666666666667 0.044407894736842105
0 0.8961111111111111 0.40542763157894735 0.03666666666666667 0.044407894736842105
0 0.21833333333333332 0.8741776315789473 0.03888888888888889 0.047697368421052634
0 0.4922222222222222 0.7171052631578947 0.021111111111111112 0.01644736842105263
0 0.4938888888888889 0.6998355263157895 0.024444444444444446 0.023026315789473683
0 0.22 0.7080592105263158 0.03666666666666667 0.04111842105263158
0 0.7438888888888889 0.2902960526315789 0.03666666666666667 0.047697368421052634
0 0.43 0.522203947368421 0.035555555555555556 0.044407894736842105
0 0.0661111111111111 0.680921052631579 0.03777777777777778 0.046052631578947366
0 0.6922222222222222 0.29769736842105265 0.03666666666666667 0.04276315789473684
0 0.22555555555555556 0.25164473684210525 0.03666666666666667 0.046052631578947366
0 0.22333333333333333 0.4588815789473684 0.035555555555555556 0.04276315789473684
0 0.1661111111111111 0.9276315789473685 0.04 0.05098684210526316
0 0.065 0.7631578947368421 0.03888888888888889 0.046052631578947366
0 0.3283333333333333 0.3256578947368421 0.03222222222222222 0.04276315789473684
0 0.7922222222222223 0.4934210526315789 0.03333333333333333 0.039473684210526314
0 0.7905555555555556 0.6595394736842105 0.03666666666666667 0.04276315789473684
0 0.3788888888888889 0.4037828947368421 0.03888888888888889 0.044407894736842105
0 0.6388888888888888 0.42598684210526316 0.03666666666666667 0.044407894736842105
0 0.7866666666666666 0.8273026315789473 0.03777777777777778 0.046052631578947366
0 0.12333333333333334 0.26069078947368424 0.03666666666666667 0.046052631578947366
0 0.5838888888888889 0.6365131578947368 0.03777777777777778 0.046052631578947366
0 0.17222222222222222 0.3404605263157895 0.03666666666666667 0.04276315789473684
0 0.27666666666666667 0.33305921052631576 0.03888888888888889 0.046052631578947366
0 0.8916666666666667 0.6957236842105263 0.03666666666666667 0.04276315789473684
0 0.6861111111111111 0.584703947368421 0.03666666666666667 0.04276315789473684
0 0.17 0.546875 0.03666666666666667 0.04111842105263158
0 0.32555555555555554 0.4925986842105263 0.035555555555555556 0.044407894736842105
0 0.12277777777777778 0.3050986842105263 0.03666666666666667 0.046052631578947366
0 0.22611111111111112 0.21134868421052633 0.03666666666666667 0.04276315789473684
0 0.7394444444444445 0.5814144736842105 0.03888888888888889 0.03782894736842105
0 0.06833333333333333 0.5592105263157895 0.03666666666666667 0.04276315789473684
0 0.21833333333333332 0.790296052631579 0.03777777777777778 0.044407894736842105
0 0.12055555555555555 0.5509868421052632 0.035555555555555556 0.047697368421052634
0 0.06722222222222222 0.5986842105263158 0.03666666666666667 0.04276315789473684
0 0.7933333333333333 0.32976973684210525 0.034444444444444444 0.04276315789473684
0 0.1738888888888889 0.2574013157894737 0.035555555555555556 0.044407894736842105
0 0.27666666666666667 0.2878289473684211 0.03777777777777778 0.047697368421052634
0 0.17444444444444446 0.21134868421052633 0.03666666666666667 0.05098684210526316
0 0.375 0.7351973684210527 0.03888888888888889 0.047697368421052634
0 0.3827777777777778 0.1513157894736842 0.04 0.05098684210526316
0 0.21833333333333332 0.9185855263157895 0.03888888888888889 0.049342105263157895
0 0.7416666666666667 0.37582236842105265 0.03666666666666667 0.04111842105263158
0 0.8405555555555555 0.6570723684210527 0.03666666666666667 0.04276315789473684
0 0.37777777777777777 0.48848684210526316 0.035555555555555556 0.04276315789473684
0 0.5377777777777778 0.2689144736842105 0.03666666666666667 0.044407894736842105
0 0.6877777777777778 0.5016447368421053 0.03666666666666667 0.047697368421052634
0 0.48277777777777775 0.43256578947368424 0.044444444444444446 0.047697368421052634
0 0.38 0.3651315789473684 0.03666666666666667 0.044407894736842105
0 0.1688888888888889 0.6266447368421053 0.03666666666666667 0.044407894736842105
0 0.12111111111111111 0.47039473684210525 0.03666666666666667 0.047697368421052634
0 0.845 0.32401315789473684 0.035555555555555556 0.04111842105263158
0 0.6338888888888888 0.7146381578947368 0.04 0.044407894736842105
0 0.6866666666666666 0.6694078947368421 0.03777777777777778 0.047697368421052634
0 0.8405555555555555 0.6998355263157895 0.03888888888888889 0.046052631578947366
0 0.59 0.26644736842105265 0.03666666666666667 0.044407894736842105
0 0.435 0.14473684210526316 0.03777777777777778 0.05098684210526316
0 0.22333333333333333 0.5 0.03777777777777778 0.046052631578947366
0 0.21944444444444444 0.6677631578947368 0.03666666666666667 0.046052631578947366
0 0.8994444444444445 0.23848684210526316 0.04 0.049342105263157895
0 0.1711111111111111 0.4629934210526316 0.03777777777777778 0.047697368421052634
0 0.8411111111111111 0.6167763157894737 0.03777777777777778 0.044407894736842105
0 0.6361111111111111 0.5049342105263158 0.03777777777777778 0.044407894736842105
0 0.17055555555555554 0.506578947368421 0.035555555555555556 0.046052631578947366
0 0.6416666666666667 0.2623355263157895 0.03777777777777778 0.046052631578947366
0 0.5905555555555555 0.22450657894736842 0.035555555555555556 0.04276315789473684
0 0.5872222222222222 0.4317434210526316 0.03777777777777778 0.047697368421052634
0 0.5355555555555556 0.3536184210526316 0.03666666666666667 0.046052631578947366
0 0.43277777777777776 0.35855263157894735 0.035555555555555556 0.04276315789473684
0 0.8466666666666667 0.24259868421052633 0.03666666666666667 0.049342105263157895
0 0.8422222222222222 0.5740131578947368 0.03666666666666667 0.047697368421052634
0 0.5883333333333334 0.38898026315789475 0.03666666666666667 0.044407894736842105
0 0.6894444444444444 0.4194078947368421 0.034444444444444444 0.044407894736842105
0 0.5383333333333333 0.18585526315789475 0.035555555555555556 0.04276315789473684
0 0.7916666666666666 0.5345394736842105 0.03777777777777778 0.046052631578947366
0 0.3738888888888889 0.9029605263157895 0.04 0.05098684210526316
0 0.64 0.3026315789473684 0.035555555555555556 0.044407894736842105
0 0.3277777777777778 0.3684210526315789 0.034444444444444444 0.046052631578947366
0 0.5861111111111111 0.5123355263157895 0.03666666666666667 0.047697368421052634
0 0.43277777777777776 0.3182565789473684 0.034444444444444444 0.044407894736842105
0 0.22166666666666668 0.5830592105263158 0.03666666666666667 0.047697368421052634
0 0.43166666666666664 0.4004934210526316 0.03777777777777778 0.047697368421052634
0 0.16833333333333333 0.7129934210526315 0.03777777777777778 0.04276315789473684
0 0.7405555555555555 0.49917763157894735 0.03666666666666667 0.044407894736842105
0 0.5905555555555555 0.1825657894736842 0.03666666666666667 0.044407894736842105
0 0.11777777777777777 0.6759868421052632 0.03777777777777778 0.044407894736842105
0 0.5855555555555556 0.5962171052631579 0.035555555555555556 0.044407894736842105
0 0.7422222222222222 0.4161184210526316 0.03777777777777778 0.046052631578947366
0 0.6905555555555556 0.3379934210526316 0.035555555555555556 0.047697368421052634
0 0.5366666666666666 0.31085526315789475 0.035555555555555556 0.046052631578947366
0 0.7927777777777778 0.4136513157894737 0.03777777777777778 0.049342105263157895
0 0.6394444444444445 0.34375 0.035555555555555556 0.044407894736842105
0 0.7438888888888889 0.3347039473684211 0.03777777777777778 0.044407894736842105
0 0.5894444444444444 0.3470394736842105 0.03666666666666667 0.046052631578947366
0 0.6872222222222222 0.6258223684210527 0.03666666666666667 0.046052631578947366
0 0.1688888888888889 0.6694078947368421 0.03777777777777778 0.047697368421052634
0 0.7394444444444445 0.5419407894736842 0.03777777777777778 0.047697368421052634
0 0.6355555555555555 0.5904605263157895 0.03777777777777778 0.046052631578947366
0 0.6394444444444445 0.3848684210526316 0.03666666666666667 0.044407894736842105
0 0.635 0.6332236842105263 0.03777777777777778 0.046052631578947366
0 0.6366666666666667 0.5476973684210527 0.03666666666666667 0.046052631578947366
0 0.8955555555555555 0.4868421052631579 0.03777777777777778 0.039473684210526314
0 0.06277777777777778 0.8470394736842105 0.03666666666666667 0.04276315789473684
0 0.4311111111111111 0.4399671052631579 0.03222222222222222 0.03782894736842105
0 0.8277777777777777 0.7417763157894737 0.023333333333333334 0.03453947368421053
0 0.3761111111111111 0.6932565789473685 0.03666666666666667 0.046052631578947366
0 0.4855555555555556 0.22779605263157895 0.04555555555555556 0.04276315789473684
0 0.07222222222222222 0.26480263157894735 0.03888888888888889 0.044407894736842105
0 0.37277777777777776 0.859375 0.03666666666666667 0.039473684210526314
0 0.06277777777777778 0.8881578947368421 0.03777777777777778 0.04276315789473684
0 0.6916666666666667 0.17434210526315788 0.04 0.049342105263157895
0 0.5827777777777777 0.7195723684210527 0.035555555555555556 0.046052631578947366
0 0.5822222222222222 0.7582236842105263 0.035555555555555556 0.04111842105263158
0 0.07055555555555555 0.30756578947368424 0.03777777777777778 0.044407894736842105
0 0.5822222222222222 0.7993421052631579 0.03111111111111111 0.044407894736842105
0 0.37444444444444447 0.7754934210526315 0.03777777777777778 0.039473684210526314
0 0.8244444444444444 0.865953947368421 0.02666666666666667 0.03782894736842105
0 0.22444444444444445 0.29276315789473684 0.035555555555555556 0.04276315789473684
0 0.8505555555555555 0.8626644736842105 0.025555555555555557 0.039473684210526314
0 0.5827777777777777 0.6792763157894737 0.03666666666666667 0.046052631578947366
0 0.4872222222222222 0.16365131578947367 0.043333333333333335 0.039473684210526314
0 0.115 0.8824013157894737 0.03777777777777778 0.047697368421052634
0 0.48833333333333334 0.12828947368421054 0.04555555555555556 0.03782894736842105
0 0.4861111111111111 0.26069078947368424 0.04666666666666667 0.03289473684210526
0 0.8516666666666667 0.821546052631579 0.024444444444444446 0.03125
0 0.4866666666666667 0.19490131578947367 0.04666666666666667 0.03289473684210526
0 0.4861111111111111 0.32730263157894735 0.04666666666666667 0.03453947368421053
0 0.8522222222222222 0.7401315789473685 0.023333333333333334 0.03289473684210526
0 0.4866666666666667 0.35855263157894735 0.04555555555555556 0.04111842105263158
0 0.7822222222222223 0.2878289473684211 0.024444444444444446 0.03453947368421053
0 0.8255555555555556 0.8248355263157895 0.025555555555555557 0.04111842105263158
0 0.225 0.3379934210526316 0.035555555555555556 0.03782894736842105
0 0.11722222222222223 0.7171052631578947 0.03777777777777778 0.044407894736842105
0 0.6927777777777778 0.12746710526315788 0.03888888888888889 0.05098684210526316
0 0.11333333333333333 0.9276315789473685 0.03888888888888889 0.047697368421052634
0 0.07055555555555555 0.34868421052631576 0.04 0.044407894736842105
0 0.32666666666666666 0.5748355263157895 0.034444444444444444 0.039473684210526314
0 0.8272222222222222 0.7828947368421053 0.025555555555555557 0.039473684210526314
0 0.3761111111111111 0.6521381578947368 0.03777777777777778 0.039473684210526314
0 0.8083333333333333 0.2878289473684211 0.024444444444444446 0.03453947368421053
0 0.12166666666666667 0.38898026315789475 0.03666666666666667 0.04276315789473684
0 0.37666666666666665 0.609375 0.03777777777777778 0.049342105263157895
0 0.8527777777777777 0.78125 0.023333333333333334 0.03618421052631579
0 0.7377777777777778 0.6661184210526315 0.03777777777777778 0.046052631578947366
0 0.12444444444444444 0.21710526315789475 0.03777777777777778 0.047697368421052634
0 0.6922222222222222 0.21628289473684212 0.035555555555555556 0.03782894736842105
0 0.89 0.819078947368421 0.03666666666666667 0.04111842105263158
0 0.2222222222222222 0.540296052631579 0.03888888888888889 0.044407894736842105
0 0.3227777777777778 0.8240131578947368 0.03777777777777778 0.044407894736842105
0 0.065 0.8042763157894737 0.03888888888888889 0.046052631578947366
0 0.3233333333333333 0.7820723684210527 0.03666666666666667 0.04276315789473684
0 0.42944444444444446 0.5633223684210527 0.03222222222222222 0.044407894736842105
0 0.32222222222222224 0.8643092105263158 0.03777777777777778 0.044407894736842105
0 0.895 0.4457236842105263 0.03777777777777778 0.046052631578947366
0 0.325 0.5345394736842105 0.03666666666666667 0.049342105263157895
0 0.8977777777777778 0.27960526315789475 0.03777777777777778 0.04276315789473684
0 0.06555555555555556 0.7220394736842105 0.03888888888888889 0.04276315789473684
0 0.12166666666666667 0.34868421052631576 0.03666666666666667 0.047697368421052634
0 0.11722222222222223 0.8001644736842105 0.03666666666666667 0.04276315789473684
0 0.32555555555555554 0.6126644736842105 0.034444444444444444 0.04276315789473684
0 0.07222222222222222 0.22039473684210525 0.03777777777777778 0.047697368421052634
0 0.22111111111111112 0.625 0.034444444444444444 0.039473684210526314
0 0.7844444444444445 0.24588815789473684 0.022222222222222223 0.039473684210526314
0 0.11944444444444445 0.5098684210526315 0.035555555555555556 0.04111842105263158
0 0.06666666666666667 0.6373355263157895 0.03666666666666667 0.044407894736842105
0 0.06111111111111111 0.9325657894736842 0.04111111111111111 0.05263157894736842
0 0.07055555555555555 0.3881578947368421 0.03666666666666667 0.04276315789473684
0 0.49277777777777776 0.7310855263157895 0.022222222222222223 0.014802631578947368
0 0.3211111111111111 0.9078947368421053 0.04 0.05098684210526316
0 0.8905555555555555 0.7360197368421053 0.035555555555555556 0.044407894736842105
0 0.8083333333333333 0.24342105263157895 0.023333333333333334 0.03782894736842105
0 0.8938888888888888 0.5263157894736842 0.035555555555555556 0.04276315789473684
0 0.17277777777777778 0.421875 0.03666666666666667 0.04111842105263158
0 0.12111111111111111 0.4284539473684211 0.03666666666666667 0.04276315789473684
0 0.4866666666666667 0.2944078947368421 0.044444444444444446 0.04111842105263158
0 0.11611111111111111 0.7598684210526315 0.03666666666666667 0.047697368421052634
0 0.37444444444444447 0.8166118421052632 0.04 0.049342105263157895