0 0.76 0.5395569620253164 0.03625 0.03955696202531646
0 0.318125 0.8291139240506329 0.0425 0.04113924050632911
0 0.5 0.4311708860759494 0.03875 0.04272151898734177
0 0.349375 0.6416139240506329 0.04 0.04272151898734177
0 0.3225 0.7982594936708861 0.04 0.04272151898734177
0 0.4825 0.6020569620253164 0.03 0.02689873417721519
0 0.44 0.8306962025316456 0.025 0.028481012658227847
0 0.49 0.48417721518987344 0.0375 0.03322784810126582
0 0.825 0.4897151898734177 0.0375 0.03955696202531646
0 0.85625 0.6265822784810127 0.03875 0.04272151898734177
0 0.69375 0.5909810126582279 0.03875 0.0379746835443038
0 0.6775 0.6835443037974683 0.03625 0.03955696202531646
0 0.764375 0.5087025316455697 0.0375 0.03955696202531646
0 0.5425 0.8140822784810127 0.0375 0.0379746835443038
0 0.325 0.47151898734177217 0.04125 0.04430379746835443
0 0.379375 0.4833860759493671 0.0375 0.04272151898734177
0 0.20125 0.5411392405063291 0.03625 0.0379746835443038
0 0.194375 0.571993670886076 0.04 0.04272151898734177
0 0.60625 0.7658227848101266 0.03875 0.04113924050632911
0 0.615 0.40822784810126583 0.0375 0.03955696202531646
0 0.280625 0.7223101265822784 0.0375 0.03955696202531646
0 0.276875 0.7531645569620253 0.03875 0.04272151898734177
0 0.8125 0.5514240506329114 0.035 0.03955696202531646
0 0.72875 0.40189873417721517 0.03875 0.04272151898734177
0 0.681875 0.6534810126582279 0.04125 0.04588607594936709
0 0.82125 0.814873417721519 0.04 0.04272151898734177
0 0.80125 0.6162974683544303 0.0375 0.0379746835443038
0 0.108125 0.7484177215189873 0.04 0.04272151898734177
0 0.60125 0.7958860759493671 0.03875 0.04272151898734177
0 0.79625 0.6439873417721519 0.03875 0.04272151898734177
0 0.81 0.8781645569620253 0.03875 0.04272151898734177
0 0.734375 0.370253164556962 0.04125 0.04272151898734177
0 0.283125 0.3947784810126582 0.04 0.04113924050632911
0 0.235 0.3512658227848101 0.04 0.04113924050632911
0 0.78125 0.4129746835443038 0.03875 0.04430379746835443
0 0.81625 0.8457278481012658 0.04 0.04272151898734177
0 0.71125 0.4936708860759494 0.04125 0.04746835443037975
0 0.1725 0.6977848101265823 0.03875 0.04272151898734177
0 0.594375 0.8275316455696202 0.03625 0.0379746835443038
0 0.264375 0.8188291139240507 0.03625 0.03639240506329114
0 0.77625 0.4462025316455696 0.035 0.04272151898734177
0 0.166875 0.7286392405063291 0.0425 0.04430379746835443
0 0.624375 0.6716772151898734 0.035 0.03639240506329114
0 0.103125 0.7792721518987342 0.0375 0.03955696202531646
0 0.11875 0.6867088607594937 0.04 0.04113924050632911
0 0.131875 0.2935126582278481 0.03625 0.04430379746835443
0 0.873125 0.5324367088607594 0.03875 0.0379746835443038
0 0.88375 0.4723101265822785 0.03875 0.04588607594936709
0 0.519375 0.31962025316455694 0.0425 0.0490506329113924
0 0.2975 0.6305379746835443 0.0375 0.04272151898734177
0 0.180625 0.3401898734177215 0.03875 0.04272151898734177
0 0.720625 0.44462025316455694 0.0425 0.061708860759493674
0 0.38375 0.45174050632911394 0.035 0.03955696202531646
0 0.36125 0.5791139240506329 0.0375 0.0379746835443038
0 0.8275 0.7832278481012658 0.03875 0.04272151898734177
0 0.408125 0.32436708860759494 0.0375 0.04588607594936709
0 0.830625 0.45806962025316456 0.03875 0.04272151898734177
0 0.7075 0.8227848101265823 0.04125 0.04272151898734177
0 0.309375 0.5632911392405063 0.03625 0.0379746835443038
0 0.12375 0.6550632911392406 0.04125 0.04272151898734177
0 0.58125 0.5965189873417721 0.03625 0.03955696202531646
0 0.184375 0.6360759493670886 0.03875 0.04113924050632911
0 0.17875 0.6669303797468354 0.0375 0.03955696202531646
0 0.58625 0.564873417721519 0.0375 0.04272151898734177
0 0.129375 0.6234177215189873 0.04125 0.04272151898734177
0 0.663125 0.4525316455696203 0.03875 0.04113924050632911
0 0.866875 0.5625 0.03875 0.03955696202531646
0 0.156875 0.7919303797468354 0.03875 0.04272151898734177
0 0.161875 0.7610759493670886 0.04 0.04113924050632911
0 0.4725 0.6566455696202531 0.025 0.02531645569620253
0 0.48 0.6194620253164557 0.02375 0.023734177215189875
0 0.48625 0.5799050632911392 0.02375 0.028481012658227847
0 0.509375 0.3860759493670886 0.03625 0.02689873417721519
0 0.5125 0.36787974683544306 0.0375 0.03164556962025317
0 0.345 0.6724683544303798 0.0375 0.03955696202531646
0 0.516875 0.34810126582278483 0.04125 0.03322784810126582
0 0.436875 0.8560126582278481 0.0275 0.03164556962025317
0 0.489375 0.557753164556962 0.02625 0.028481012658227847
0 0.476875 0.6376582278481012 0.02625 0.02689873417721519
0 0.8775 0.5039556962025317 0.03875 0.0379746835443038
0 0.50625 0.4050632911392405 0.03875 0.03481012658227848
0 0.48625 0.507120253164557 0.0375 0.03322784810126582
0 0.48375 0.5276898734177216 0.03625 0.028481012658227847
0 0.31375 0.5348101265822784 0.03875 0.04272151898734177
0 0.5475 0.7856012658227848 0.03875 0.03955696202531646
0 0.468125 0.678006329113924 0.03 0.0379746835443038
0 0.48875 0.803006329113924 0.0375 0.04272151898734177
0 0.440625 0.7681962025316456 0.03625 0.03955696202531646
0 0.43875 0.46914556962025317 0.03625 0.03955696202531646
0 0.125625 0.3275316455696203 0.03875 0.04272151898734177
0 0.433125 0.49604430379746833 0.0325 0.0379746835443038
0 0.584375 0.8876582278481012 0.035 0.04272151898734177
0 0.185625 0.310126582278481 0.03875 0.04430379746835443
0 0.799375 0.942246835443038 0.04 0.04113924050632911
0 0.786875 0.3813291139240506 0.04125 0.04272151898734177
0 0.833125 0.754746835443038 0.04 0.04113924050632911
0 0.291875 0.6590189873417721 0.0375 0.0379746835443038
0 0.589375 0.8599683544303798 0.03375 0.03639240506329114
0 0.4 0.3583860759493671 0.035 0.03639240506329114
0 0.286875 0.3662974683544304 0.04 0.03955696202531646
0 0.80375 0.9113924050632911 0.04125 0.04430379746835443
0 0.35625 0.6091772151898734 0.03875 0.04430379746835443
0 0.493125 0.7729430379746836 0.03875 0.04272151898734177
0 0.11375 0.7151898734177216 0.0375 0.04272151898734177
0 0.390625 0.4208860759493671 0.035 0.04272151898734177
0 0.120625 0.3583860759493671 0.0375 0.03955696202531646
0 0.163125 0.43591772151898733 0.0375 0.0379746835443038
0 0.845 0.6890822784810127 0.04 0.04113924050632911
0 0.769375 0.47943037974683544 0.0375 0.03955696202531646
0 0.66 0.7776898734177216 0.03875 0.04113924050632911
0 0.690625 0.9169303797468354 0.03625 0.03955696202531646
0 0.620625 0.375 0.04 0.05063291139240506
0 0.449375 0.40348101265822783 0.03875 0.04272151898734177
0 0.553125 0.754746835443038 0.03875 0.04272151898734177
0 0.330625 0.43908227848101267 0.04 0.04113924050632911
0 0.85125 0.6574367088607594 0.04125 0.04430379746835443
0 0.55125 0.45806962025316456 0.03625 0.0379746835443038
0 0.303125 0.5965189873417721 0.0375 0.04430379746835443
0 0.44375 0.43670886075949367 0.03875 0.04113924050632911
0 0.190625 0.6044303797468354 0.04 0.04272151898734177
0 0.889375 0.43829113924050633 0.03875 0.04430379746835443
0 0.4025 0.6511075949367089 0.035 0.04113924050632911
0 0.81875 0.5205696202531646 0.0375 0.04272151898734177
0 0.675 0.38686708860759494 0.04 0.04430379746835443
0 0.098125 0.48813291139240506 0.0375 0.04272151898734177
0 0.4825 0.8346518987341772 0.04125 0.04430379746835443
0 0.140625 0.5593354430379747 0.04125 0.04430379746835443
0 0.13625 0.5925632911392406 0.04125 0.04430379746835443
0 0.701875 0.8528481012658228 0.0425 0.04430379746835443
0 0.696875 0.8860759493670886 0.04 0.04272151898734177
0 0.328125 0.7650316455696202 0.04125 0.04430379746835443
0 0.629375 0.6400316455696202 0.04125 0.04746835443037975
0 0.175 0.370253164556962 0.03875 0.04113924050632911
0 0.768125 0.8037974683544303 0.04 0.04430379746835443
0 0.28625 0.692246835443038 0.03875 0.04430379746835443
0 0.27 0.7863924050632911 0.0375 0.04430379746835443
0 0.415625 0.5901898734177216 0.03875 0.04272151898734177
0 0.1475 0.5276898734177216 0.03875 0.04272151898734177
0 0.839375 0.7223101265822784 0.04 0.04430379746835443
0 0.34 0.7017405063291139 0.03875 0.04272151898734177
0 0.409375 0.6218354430379747 0.0375 0.04272151898734177
0 0.835625 0.4248417721518987 0.04 0.04746835443037975
0 0.395625 0.3884493670886076 0.0375 0.04272151898734177
0 0.68875 0.6194620253164557 0.04125 0.04430379746835443
0 0.32 0.5039556962025317 0.03875 0.04272151898734177
0 0.276875 0.42563291139240506 0.04125 0.04430379746835443
0 0.705625 0.5276898734177216 0.04125 0.04430379746835443
0 0.785625 0.7072784810126582 0.03875 0.04113924050632911
0 0.6125 0.7341772151898734 0.0375 0.04430379746835443
0 0.665625 0.7468354430379747 0.03875 0.04272151898734177
0 0.114375 0.3884493670886076 0.03875 0.04113924050632911
0 0.575625 0.6281645569620253 0.04125 0.04746835443037975
0 0.64 0.5767405063291139 0.0375 0.04113924050632911
0 0.42125 0.560126582278481 0.0375 0.04113924050632911
0 0.1525 0.49683544303797467 0.03875 0.03955696202531646
0 0.298125 0.2998417721518987 0.04 0.04588607594936709
0 0.618125 0.7009493670886076 0.0375 0.04588607594936709
0 0.86125 0.5949367088607594 0.04125 0.04272151898734177
0 0.521875 0.615506329113924 0.03875 0.04113924050632911
0 0.635625 0.6075949367088608 0.0375 0.03955696202531646
0 0.348125 0.34572784810126583 0.0375 0.0379746835443038
0 0.455625 0.37104430379746833 0.0375 0.04272151898734177
0 0.370625 0.8409810126582279 0.03625 0.03955696202531646
0 0.658125 0.4825949367088608 0.04 0.04113924050632911
0 0.806875 0.5846518987341772 0.03875 0.04588607594936709
0 0.293125 0.33544303797468356 0.04125 0.04746835443037975
0 0.604375 0.47151898734177217 0.0375 0.04113924050632911
0 0.33375 0.7341772151898734 0.04 0.04272151898734177
0 0.53375 0.553006329113924 0.03875 0.04113924050632911
0 0.568125 0.3599683544303797 0.0375 0.04430379746835443
0 0.530625 0.879746835443038 0.03875 0.04113924050632911
0 0.60875 0.44145569620253167 0.03875 0.04272151898734177
0 0.336875 0.40822784810126583 0.04 0.04113924050632911
0 0.736875 0.6637658227848101 0.04 0.04272151898734177
0 0.476875 0.865506329113924 0.04 0.04272151898734177
0 0.511875 0.678006329113924 0.04125 0.04272151898734177
0 0.241875 0.31645569620253167 0.04375 0.05221518987341772
0 0.39375 0.7143987341772152 0.03875 0.04113924050632911
0 0.78 0.7389240506329114 0.03875 0.04272151898734177
0 0.719375 0.759493670886076 0.0375 0.04272151898734177
0 0.216875 0.4462025316455696 0.04 0.04113924050632911
0 0.754375 0.5704113924050633 0.0375 0.04113924050632911
0 0.461875 0.33544303797468356 0.04125 0.0490506329113924
0 0.790625 0.6756329113924051 0.04 0.04430379746835443
0 0.11 0.4208860759493671 0.03875 0.03955696202531646
0 0.570625 0.6606012658227848 0.0375 0.0379746835443038
0 0.223125 0.4153481012658228 0.04125 0.04430379746835443
0 0.7725 0.7713607594936709 0.04125 0.04430379746835443
0 0.169375 0.40427215189873417 0.04125 0.0490506329113924
0 0.558125 0.7223101265822784 0.03875 0.04113924050632911
0 0.53625 0.8473101265822784 0.03875 0.04430379746835443
0 0.399375 0.6835443037974683 0.03625 0.04272151898734177
0 0.564375 0.6906645569620253 0.0375 0.04272151898734177
0 0.71375 0.7911392405063291 0.03875 0.04430379746835443
0 0.51625 0.6455696202531646 0.04 0.04272151898734177
0 0.388125 0.745253164556962 0.03875 0.04113924050632911
0 0.725625 0.7278481012658228 0.0375 0.04272151898734177
0 0.211875 0.4778481012658228 0.03875 0.04272151898734177
0 0.59875 0.5007911392405063 0.0375 0.04113924050632911
0 0.10375 0.4549050632911392 0.0375 0.04430379746835443
0 0.35375 0.31170886075949367 0.03875 0.04746835443037975
0 0.3425 0.37658227848101267 0.04125 0.04430379746835443
0 0.22875 0.3837025316455696 0.04125 0.04588607594936709
0 0.730625 0.6962025316455697 0.0375 0.04113924050632911
0 0.66875 0.42167721518987344 0.04 0.04588607594936709
0 0.3725 0.5150316455696202 0.03875 0.04113924050632911
0 0.5 0.7412974683544303 0.04 0.04272151898734177
0 0.6525 0.5142405063291139 0.0375 0.04272151898734177
0 0.646875 0.5474683544303798 0.0375 0.04272151898734177
0 0.205625 0.5087025316455697 0.04 0.04272151898734177
0 0.505 0.7080696202531646 0.04125 0.04272151898734177
0 0.544375 0.48813291139240506 0.03875 0.04272151898734177
0 0.376875 0.8109177215189873 0.03625 0.04272151898734177
0 0.555625 0.4287974683544304 0.04 0.04113924050632911
0 0.381875 0.7768987341772152 0.0375 0.04272151898734177
0 0.743125 0.6337025316455697 0.04 0.04272151898734177
0 0.748125 0.6020569620253164 0.03875 0.04272151898734177
0 0.1575 0.4651898734177215 0.04 0.04430379746835443
0 0.53875 0.5229430379746836 0.03875 0.04272151898734177
0 0.671875 0.7151898734177216 0.04 0.04430379746835443
0 0.699375 0.5609177215189873 0.04125 0.04430379746835443
0 0.366875 0.5474683544303798 0.04 0.04430379746835443
0 0.5925 0.5348101265822784 0.03875 0.04272151898734177
0 0.4275 0.5284810126582279 0.03875 0.04272151898734177
0 0.561875 0.39556962025316456 0.04 0.04430379746835443
0 0.5275 0.5830696202531646 0.04 0.04272151898734177