0 0.49466666666666664 0.3171875 0.029333333333333333 0.03125
0 0.49333333333333335 0.40234375 0.02666666666666667 0.0234375
0 0.49133333333333334 0.38671875 0.028 0.03125
0 0.48333333333333334 0.8078125 0.024 0.0265625
0 0.49466666666666664 0.28515625 0.030666666666666665 0.0328125
0 0.49133333333333334 0.42578125 0.025333333333333333 0.0203125
0 0.17333333333333334 0.74375 0.034666666666666665 0.0375
0 0.49066666666666664 0.4453125 0.028 0.025
0 0.228 0.746875 0.029333333333333333 0.0359375
0 0.11933333333333333 0.74296875 0.02666666666666667 0.034375
0 0.276 0.646875 0.032 0.0328125
0 0.28 0.5015625 0.03866666666666667 0.0328125
0 0.2813333333333333 0.4671875 0.03866666666666667 0.0359375
0 0.7566666666666667 0.28046875 0.036 0.04375
0 0.214 0.86328125 0.036 0.0453125
0 0.278 0.5390625 0.03866666666666667 0.0453125
0 0.284 0.39609375 0.037333333333333336 0.0328125
0 0.8586666666666667 0.47109375 0.04 0.0375
0 0.8593333333333333 0.43671875 0.04 0.0375
0 0.15866666666666668 0.85625 0.042666666666666665 0.0390625
0 0.49666666666666665 0.246875 0.029333333333333333 0.03125
0 0.2826666666666667 0.42734375 0.037333333333333336 0.0328125
0 0.162 0.78046875 0.03866666666666667 0.0421875
0 0.16 0.81875 0.042666666666666665 0.0390625
0 0.27666666666666667 0.57734375 0.04 0.0359375
0 0.8053333333333333 0.434375 0.036 0.0359375
0 0.498 0.21875 0.029333333333333333 0.028125
0 0.21733333333333332 0.78515625 0.034666666666666665 0.0421875
0 0.27666666666666667 0.6125 0.04 0.0375
0 0.21533333333333332 0.821875 0.03866666666666667 0.0375
0 0.10333333333333333 0.85 0.04533333333333334 0.0484375
0 0.8626666666666667 0.3625 0.03866666666666667 0.040625
0 0.8573333333333333 0.50859375 0.037333333333333336 0.0359375
0 0.172 0.42421875 0.03866666666666667 0.0359375
0 0.106 0.77890625 0.04133333333333333 0.04375
0 0.862 0.40234375 0.037333333333333336 0.0359375
0 0.8093333333333333 0.36015625 0.03866666666666667 0.0375
0 0.274 0.6828125 0.042666666666666665 0.040625
0 0.8066666666666666 0.39765625 0.036 0.0375
0 0.176 0.2765625 0.04 0.0359375
0 0.17333333333333334 0.3875 0.03866666666666667 0.0375
0 0.81 0.32109375 0.03866666666666667 0.040625
0 0.23066666666666666 0.31953125 0.04 0.046875
0 0.17466666666666666 0.3140625 0.04 0.0390625
0 0.178 0.23828125 0.04133333333333333 0.04375
0 0.17466666666666666 0.35078125 0.04 0.040625
0 0.284 0.35859375 0.042666666666666665 0.0421875
0 0.286 0.31875 0.04133333333333333 0.0421875
0 0.49733333333333335 0.26640625 0.02666666666666667 0.009375