0 0.253125 0.8362341772151899 0.03875 0.03955696202531646
0 0.500625 0.7017405063291139 0.025 0.023734177215189875
0 0.48625 0.8924050632911392 0.0225 0.022151898734177215
0 0.506875 0.6313291139240507 0.0225 0.02531645569620253
0 0.5025 0.6700949367088608 0.025 0.022151898734177215
0 0.50875 0.42800632911392406 0.03 0.023734177215189875
0 0.508125 0.44699367088607594 0.0325 0.02531645569620253
0 0.504375 0.47310126582278483 0.0325 0.03639240506329114
0 0.50375 0.49683544303797467 0.0225 0.022151898734177215
0 0.501875 0.6875 0.0225 0.022151898734177215
0 0.485 0.9153481012658228 0.0225 0.03164556962025317
0 0.41625 0.872626582278481 0.03125 0.03955696202531646
0 0.414375 0.9042721518987342 0.03625 0.03639240506329114
0 0.114375 0.29825949367088606 0.02125 0.028481012658227847
0 0.5125 0.37104430379746833 0.035 0.02689873417721519
0 0.513125 0.3924050632911392 0.03 0.023734177215189875
0 0.510625 0.41139240506329117 0.035 0.02689873417721519
0 0.499375 0.7183544303797469 0.0225 0.020569620253164556
0 0.313125 0.7832278481012658 0.0375 0.04113924050632911
0 0.699375 0.8330696202531646 0.03625 0.04113924050632911
0 0.37 0.7650316455696202 0.035 0.0379746835443038
0 0.67125 0.4778481012658228 0.035 0.03481012658227848
0 0.899375 0.6186708860759493 0.02625 0.03481012658227848
0 0.174375 0.4026898734177215 0.035 0.03955696202531646
0 0.13375 0.3939873417721519 0.0275 0.03955696202531646
0 0.655625 0.6914556962025317 0.03625 0.04272151898734177
0 0.656875 0.6645569620253164 0.03375 0.03639240506329114
0 0.80875 0.36075949367088606 0.02375 0.03322784810126582
0 0.891875 0.5221518987341772 0.0375 0.04113924050632911
0 0.2675 0.6455696202531646 0.0375 0.04113924050632911
0 0.766875 0.6882911392405063 0.0375 0.0379746835443038
0 0.721875 0.37579113924050633 0.02875 0.03322784810126582
0 0.28125 0.4564873417721519 0.0375 0.04588607594936709
0 0.724375 0.5213607594936709 0.03625 0.03955696202531646
0 0.531875 0.8291139240506329 0.0375 0.04272151898734177
0 0.721875 0.5514240506329114 0.03625 0.04113924050632911
0 0.90125 0.5878164556962026 0.025 0.03322784810126582
0 0.874375 0.5822784810126582 0.02375 0.03481012658227848
0 0.30625 0.8781645569620253 0.0375 0.03955696202531646
0 0.096875 0.4849683544303797 0.02625 0.0379746835443038
0 0.701875 0.8014240506329114 0.0375 0.04113924050632911
0 0.63625 0.9177215189873418 0.0375 0.0379746835443038
0 0.255 0.8045886075949367 0.0375 0.04272151898734177
0 0.726875 0.4897151898734177 0.03875 0.04113924050632911
0 0.710625 0.7064873417721519 0.035 0.03639240506329114
0 0.325 0.625 0.0375 0.04430379746835443
0 0.5425 0.7025316455696202 0.035 0.0379746835443038
0 0.70625 0.23338607594936708 0.0275 0.03639240506329114
0 0.123125 0.5189873417721519 0.025 0.03322784810126582
0 0.284375 0.42563291139240506 0.03625 0.0379746835443038
0 0.31 0.8132911392405063 0.03875 0.03955696202531646
0 0.903125 0.557753164556962 0.0275 0.0379746835443038
0 0.77125 0.627373417721519 0.035 0.0379746835443038
0 0.423125 0.7745253164556962 0.03625 0.03955696202531646
0 0.52875 0.8615506329113924 0.03625 0.04113924050632911
0 0.749375 0.9098101265822784 0.035 0.03639240506329114
0 0.89375 0.4912974683544304 0.0375 0.0379746835443038
0 0.719375 0.5814873417721519 0.0375 0.0379746835443038
0 0.730625 0.2721518987341772 0.03 0.03481012658227848
0 0.8775 0.7112341772151899 0.03625 0.0379746835443038
0 0.781875 0.5 0.03625 0.0379746835443038
0 0.615625 0.49604430379746833 0.03625 0.03955696202531646
0 0.754375 0.8449367088607594 0.035 0.0379746835443038
0 0.871875 0.7737341772151899 0.03625 0.03955696202531646
0 0.691875 0.9295886075949367 0.03625 0.0379746835443038
0 0.105 0.38686708860759494 0.025 0.03322784810126582
0 0.778125 0.5300632911392406 0.03625 0.0379746835443038
0 0.178125 0.3686708860759494 0.0375 0.04588607594936709
0 0.52375 0.9240506329113924 0.0375 0.03955696202531646
0 0.75625 0.8132911392405063 0.0375 0.04113924050632911
0 0.88 0.680379746835443 0.0375 0.03955696202531646
0 0.776875 0.38924050632911394 0.0275 0.03322784810126582
0 0.275 0.5514240506329114 0.035 0.0379746835443038
0 0.256875 0.7713607594936709 0.0375 0.03955696202531646
0 0.25 0.8662974683544303 0.0375 0.03955696202531646
0 0.640625 0.8520569620253164 0.03625 0.03955696202531646
0 0.764375 0.7191455696202531 0.03625 0.04113924050632911
0 0.759375 0.7824367088607594 0.03875 0.03955696202531646
0 0.368125 0.7966772151898734 0.03625 0.03955696202531646
0 0.13 0.4248417721518987 0.025 0.03164556962025317
0 0.10125 0.45174050632911394 0.02625 0.03481012658227848
0 0.13875 0.2990506329113924 0.02625 0.03481012658227848
0 0.911875 0.46044303797468356 0.0225 0.030063291139240507
0 0.32375 0.6558544303797469 0.03625 0.02689873417721519
0 0.360625 0.8860759493670886 0.0375 0.0490506329113924
0 0.496875 0.5743670886075949 0.03875 0.03955696202531646
0 0.563125 0.4438291139240506 0.035 0.03955696202531646
0 0.36125 0.8607594936708861 0.035 0.04430379746835443
0 0.504375 0.6518987341772152 0.02125 0.02531645569620253
0 0.560625 0.4786392405063291 0.03625 0.04113924050632911
0 0.498125 0.5466772151898734 0.04125 0.04430379746835443
0 0.715625 0.6471518987341772 0.03625 0.03639240506329114
0 0.28 0.48813291139240506 0.03875 0.03955696202531646
0 0.498125 0.7373417721518988 0.02125 0.028481012658227847
0 0.34 0.43670886075949367 0.0375 0.03955696202531646
0 0.644375 0.819620253164557 0.03625 0.04272151898734177
0 0.785 0.2879746835443038 0.0275 0.03322784810126582
0 0.335 0.5007911392405063 0.0375 0.0379746835443038
0 0.120625 0.3583860759493671 0.035 0.0379746835443038
0 0.538125 0.7666139240506329 0.0375 0.0379746835443038
0 0.5075 0.6123417721518988 0.0225 0.02531645569620253
0 0.540625 0.7357594936708861 0.03625 0.04272151898734177
0 0.7125 0.6756329113924051 0.035 0.0379746835443038
0 0.440625 0.5886075949367089 0.03375 0.03322784810126582
0 0.87625 0.5506329113924051 0.0225 0.028481012658227847
0 0.885 0.45806962025316456 0.02375 0.03322784810126582
0 0.475625 0.8291139240506329 0.03625 0.03955696202531646
0 0.633125 0.9493670886075949 0.03625 0.03955696202531646
0 0.87375 0.6107594936708861 0.025 0.03164556962025317
0 0.76875 0.6590189873417721 0.03625 0.03955696202531646
0 0.124375 0.32832278481012656 0.035 0.03481012658227848
0 0.648125 0.7895569620253164 0.03625 0.04113924050632911
0 0.3375 0.46914556962025317 0.03625 0.04113924050632911
0 0.669375 0.5063291139240507 0.0375 0.04113924050632911
0 0.745625 0.939873417721519 0.0375 0.03955696202531646
0 0.744375 0.9723101265822784 0.03625 0.04113924050632911
0 0.371875 0.7333860759493671 0.035 0.04272151898734177
0 0.3775 0.6677215189873418 0.03375 0.03639240506329114
0 0.761875 0.75 0.03875 0.04113924050632911
0 0.8175 0.25712025316455694 0.02875 0.03639240506329114
0 0.12625 0.4865506329113924 0.02375 0.03322784810126582
0 0.6975 0.8647151898734177 0.0375 0.04113924050632911
0 0.3425 0.40427215189873417 0.04 0.04430379746835443
0 0.320625 0.6859177215189873 0.0375 0.04430379746835443
0 0.751875 0.3504746835443038 0.02625 0.03639240506329114
0 0.36625 0.8275316455696202 0.03625 0.03955696202531646
0 0.883125 0.6487341772151899 0.03875 0.04272151898734177
0 0.101875 0.4177215189873418 0.02375 0.03322784810126582
0 0.420625 0.8061708860759493 0.0375 0.03955696202531646
0 0.7525 0.877373417721519 0.03625 0.04272151898734177
0 0.874375 0.742879746835443 0.035 0.03955696202531646
0 0.2775 0.5205696202531646 0.03625 0.04113924050632911
0 0.526875 0.8939873417721519 0.03625 0.04113924050632911
0 0.3275 0.5941455696202531 0.03625 0.0379746835443038
0 0.8375 0.5118670886075949 0.035 0.0379746835443038
0 0.435 0.6471518987341772 0.03625 0.03481012658227848
0 0.271875 0.5822784810126582 0.0375 0.03955696202531646
0 0.789375 0.25316455696202533 0.0275 0.03639240506329114
0 0.3075 0.8457278481012658 0.03875 0.04430379746835443
0 0.265625 0.6772151898734177 0.0375 0.0379746835443038
0 0.705 0.7713607594936709 0.03625 0.04113924050632911
0 0.81125 0.3251582278481013 0.02625 0.0379746835443038
0 0.12875 0.4564873417721519 0.02375 0.03322784810126582
0 0.77875 0.3552215189873418 0.03 0.03481012658227848
0 0.6125 0.5292721518987342 0.03625 0.04272151898734177
0 0.429375 0.7120253164556962 0.035 0.03955696202531646
0 0.395625 0.4485759493670886 0.0375 0.04113924050632911
0 0.761875 0.24525316455696203 0.02625 0.03481012658227848
0 0.675 0.4438291139240506 0.03375 0.04113924050632911
0 0.84 0.4810126582278481 0.03625 0.03955696202531646
0 0.806875 0.3947784810126582 0.0275 0.03639240506329114
0 0.783125 0.3204113924050633 0.0275 0.03481012658227848
0 0.72375 0.34335443037974683 0.02875 0.03322784810126582
0 0.3925 0.47943037974683544 0.0375 0.03955696202531646
0 0.269375 0.6131329113924051 0.03625 0.03955696202531646
0 0.33 0.5625 0.03625 0.0379746835443038
0 0.534375 0.7958860759493671 0.04 0.04272151898734177
0 0.42625 0.7444620253164557 0.0375 0.03955696202531646
0 0.259375 0.7397151898734177 0.04 0.03955696202531646
0 0.8425 0.4477848101265823 0.03875 0.04272151898734177
0 0.639375 0.884493670886076 0.03625 0.04430379746835443
0 0.814375 0.2911392405063291 0.02875 0.03639240506329114
0 0.755625 0.314873417721519 0.025 0.03639240506329114
0 0.42 0.8393987341772152 0.0375 0.04272151898734177
0 0.545625 0.6416139240506329 0.035 0.03639240506329114
0 0.551875 0.5806962025316456 0.035 0.0379746835443038
0 0.171875 0.435126582278481 0.0375 0.04272151898734177
0 0.65 0.757120253164557 0.0375 0.03955696202531646
0 0.315625 0.7515822784810127 0.0375 0.04272151898734177
0 0.869375 0.8045886075949367 0.0375 0.04113924050632911
0 0.445 0.5237341772151899 0.03625 0.04113924050632911
0 0.3175 0.7199367088607594 0.0375 0.03955696202531646
0 0.4475 0.49287974683544306 0.03625 0.03955696202531646
0 0.75 0.3837025316455696 0.02625 0.03322784810126582
0 0.695 0.8987341772151899 0.0375 0.04272151898734177
0 0.54375 0.6716772151898734 0.03625 0.04113924050632911
0 0.776875 0.5617088607594937 0.0375 0.04113924050632911
0 0.379375 0.6368670886075949 0.035 0.0379746835443038
0 0.098125 0.6439873417721519 0.0375 0.0379746835443038
0 0.399375 0.4153481012658228 0.03875 0.04272151898734177
0 0.620625 0.432753164556962 0.0375 0.04272151898734177
0 0.386875 0.5450949367088608 0.03625 0.0379746835443038
0 0.555 0.5490506329113924 0.03375 0.0379746835443038
0 0.1625 0.5609177215189873 0.035 0.04272151898734177
0 0.263125 0.7080696202531646 0.035 0.0379746835443038
0 0.664375 0.5704113924050633 0.03625 0.0379746835443038
0 0.835 0.5427215189873418 0.035 0.03955696202531646
0 0.616875 0.46439873417721517 0.0375 0.03955696202531646
0 0.70625 0.7381329113924051 0.0375 0.04113924050632911
0 0.689375 0.9604430379746836 0.03875 0.04272151898734177
0 0.6525 0.7254746835443038 0.03625 0.04113924050632911
0 0.6675 0.5395569620253164 0.03625 0.04113924050632911
0 0.431875 0.6811708860759493 0.035 0.04113924050632911
0 0.166875 0.497626582278481 0.03625 0.04272151898734177
0 0.23 0.4153481012658228 0.03625 0.03955696202531646
0 0.17 0.4675632911392405 0.0375 0.0379746835443038
0 0.725625 0.31170886075949367 0.03 0.03481012658227848
0 0.096875 0.6764240506329114 0.03875 0.04272151898734177
0 0.66 0.6337025316455697 0.035 0.0379746835443038
0 0.54875 0.6115506329113924 0.0375 0.04113924050632911
0 0.385 0.5743670886075949 0.0375 0.03955696202531646
0 0.164375 0.5276898734177216 0.035 0.03639240506329114
0 0.785625 0.46835443037974683 0.03875 0.04430379746835443
0 0.101875 0.6115506329113924 0.03875 0.04272151898734177
0 0.7575 0.2800632911392405 0.02625 0.03639240506329114
0 0.2325 0.3813291139240506 0.035 0.04272151898734177
0 0.331875 0.5316455696202531 0.0375 0.04272151898734177
0 0.3825 0.6060126582278481 0.03625 0.03955696202531646
0 0.663125 0.6028481012658228 0.03625 0.03955696202531646
0 0.103125 0.5791139240506329 0.0375 0.04113924050632911
0 0.775 0.5941455696202531 0.03625 0.04113924050632911
0 0.70125 0.26819620253164556 0.02875 0.0379746835443038
0 0.1075 0.5458860759493671 0.03875 0.04430379746835443
0 0.735 0.23971518987341772 0.0275 0.0379746835443038
0 0.7175 0.6147151898734177 0.03625 0.04430379746835443
0 0.2875 0.3924050632911392 0.0375 0.04430379746835443
0 0.438125 0.6162974683544303 0.0375 0.04272151898734177
0 0.831875 0.5751582278481012 0.03625 0.04113924050632911
0 0.73 0.4549050632911392 0.0375 0.04430379746835443
0 0.226875 0.4477848101265823 0.03875 0.04272151898734177
0 0.443125 0.557753164556962 0.03625 0.04272151898734177
0 0.375 0.6993670886075949 0.035 0.04113924050632911
0 0.450625 0.4612341772151899 0.0375 0.04113924050632911
0 0.390625 0.5134493670886076 0.03625 0.04272151898734177
0 0.556875 0.5150316455696202 0.03625 0.04272151898734177
0 0.453125 0.4264240506329114 0.0375 0.04588607594936709