0 0.13333333333333333 0.5612403100775194 0.032 0.037209302325581395
0 0.6446666666666667 0.8860465116279069 0.036 0.03565891472868217
0 0.6466666666666666 0.5968992248062015 0.032 0.034108527131782945
0 0.49733333333333335 0.25813953488372093 0.032 0.03255813953488372
0 0.3993333333333333 0.8147286821705426 0.036 0.03255813953488372
0 0.6453333333333333 0.8155038759689922 0.037333333333333336 0.031007751937984496
0 0.7 0.6713178294573643 0.037333333333333336 0.034108527131782945
0 0.23066666666666666 0.7054263565891473 0.034666666666666665 0.034108527131782945
0 0.5913333333333334 0.851937984496124 0.036 0.03255813953488372
0 0.7006666666666667 0.5651162790697675 0.036 0.03255813953488372
0 0.758 0.2364341085271318 0.03333333333333333 0.04186046511627907
0 0.8653333333333333 0.5992248062015504 0.034666666666666665 0.03565891472868217
0 0.288 0.8511627906976744 0.034666666666666665 0.037209302325581395
0 0.4533333333333333 0.5604651162790698 0.034666666666666665 0.03255813953488372
0 0.8673333333333333 0.4906976744186046 0.036 0.03255813953488372
0 0.40066666666666667 0.6317829457364341 0.036 0.03255813953488372
0 0.4533333333333333 0.672093023255814 0.034666666666666665 0.03565891472868217
0 0.7006666666666667 0.5286821705426357 0.036 0.037209302325581395
0 0.106 0.30310077519379847 0.028 0.03255813953488372
0 0.8666666666666667 0.45503875968992247 0.034666666666666665 0.03565891472868217
0 0.10733333333333334 0.5232558139534884 0.028 0.03565891472868217
0 0.17733333333333334 0.4131782945736434 0.032 0.03255813953488372
0 0.232 0.8868217054263566 0.032 0.034108527131782945
0 0.7006666666666667 0.4178294573643411 0.036 0.03255813953488372
0 0.758 0.2751937984496124 0.036 0.03255813953488372
0 0.28933333333333333 0.3798449612403101 0.034666666666666665 0.037209302325581395
0 0.13333333333333333 0.44883720930232557 0.029333333333333333 0.03875968992248062
0 0.232 0.5953488372093023 0.034666666666666665 0.034108527131782945
0 0.646 0.7434108527131783 0.036 0.03565891472868217
0 0.10666666666666667 0.3387596899224806 0.029333333333333333 0.03565891472868217
0 0.3993333333333333 0.8883720930232558 0.036 0.034108527131782945
0 0.134 0.30465116279069765 0.028 0.03565891472868217
0 0.5366666666666666 0.8883720930232558 0.036 0.034108527131782945
0 0.4 0.8511627906976744 0.034666666666666665 0.037209302325581395
0 0.8126666666666666 0.4906976744186046 0.036 0.03255813953488372
0 0.5906666666666667 0.5976744186046512 0.034666666666666665 0.03255813953488372
0 0.4533333333333333 0.8852713178294573 0.034666666666666665 0.034108527131782945
0 0.178 0.5961240310077519 0.03333333333333333 0.02945736434108527
0 0.7013333333333334 0.45348837209302323 0.034666666666666665 0.03255813953488372
0 0.5913333333333334 0.7441860465116279 0.036 0.034108527131782945
0 0.346 0.41550387596899224 0.03333333333333333 0.037209302325581395
0 0.8673333333333333 0.3813953488372093 0.036 0.031007751937984496
0 0.538 0.7798449612403101 0.036 0.034108527131782945
0 0.4533333333333333 0.45193798449612405 0.032 0.03255813953488372
0 0.702 0.3806201550387597 0.03333333333333333 0.03565891472868217
0 0.8666666666666667 0.4178294573643411 0.037333333333333336 0.03565891472868217
0 0.7026666666666667 0.34418604651162793 0.034666666666666665 0.034108527131782945
0 0.4533333333333333 0.5968992248062015 0.034666666666666665 0.034108527131782945
0 0.6466666666666666 0.562015503875969 0.034666666666666665 0.03255813953488372
0 0.538 0.6697674418604651 0.036 0.034108527131782945
0 0.5366666666666666 0.5612403100775194 0.036 0.037209302325581395
0 0.288 0.7434108527131783 0.034666666666666665 0.03565891472868217
0 0.29 0.41627906976744183 0.036 0.03255813953488372
0 0.8113333333333334 0.5635658914728682 0.036 0.03875968992248062
0 0.8113333333333334 0.3457364341085271 0.03333333333333333 0.031007751937984496
0 0.5366666666666666 0.5976744186046512 0.036 0.03565891472868217
0 0.5393333333333333 0.41472868217054265 0.03333333333333333 0.03255813953488372
0 0.646 0.8496124031007752 0.036 0.037209302325581395
0 0.8673333333333333 0.34728682170542635 0.036 0.034108527131782945
0 0.812 0.30930232558139537 0.034666666666666665 0.03875968992248062
0 0.3993333333333333 0.7790697674418605 0.036 0.03565891472868217
0 0.6446666666666667 0.7806201550387597 0.036 0.03565891472868217
0 0.288 0.8147286821705426 0.037333333333333336 0.03565891472868217
0 0.5366666666666666 0.8155038759689922 0.036 0.034108527131782945
0 0.4533333333333333 0.8488372093023255 0.037333333333333336 0.03875968992248062
0 0.646 0.7077519379844961 0.036 0.03565891472868217
0 0.4013333333333333 0.4875968992248062 0.037333333333333336 0.03565891472868217
0 0.2886666666666667 0.5232558139534884 0.036 0.03565891472868217
0 0.5926666666666667 0.4170542635658915 0.036 0.034108527131782945
0 0.868 0.31007751937984496 0.037333333333333336 0.037209302325581395
0 0.17666666666666667 0.6697674418604651 0.036 0.037209302325581395
0 0.178 0.524031007751938 0.03866666666666667 0.037209302325581395
0 0.23333333333333334 0.3767441860465116 0.034666666666666665 0.034108527131782945
0 0.5913333333333334 0.5612403100775194 0.036 0.037209302325581395
0 0.5366666666666666 0.8527131782945736 0.03866666666666667 0.037209302325581395
0 0.402 0.30310077519379847 0.03333333333333333 0.03875968992248062
0 0.6466666666666666 0.4906976744186046 0.034666666666666665 0.03565891472868217
0 0.3473333333333333 0.30387596899224806 0.03333333333333333 0.037209302325581395
0 0.288 0.6705426356589147 0.037333333333333336 0.03565891472868217
0 0.538 0.4875968992248062 0.036 0.03565891472868217
0 0.17733333333333334 0.4496124031007752 0.037333333333333336 0.037209302325581395
0 0.234 0.34031007751937986 0.036 0.03565891472868217
0 0.592 0.4868217054263566 0.034666666666666665 0.037209302325581395
0 0.646 0.6689922480620155 0.036 0.03875968992248062
0 0.5906666666666667 0.6666666666666666 0.037333333333333336 0.037209302325581395
0 0.6466666666666666 0.3821705426356589 0.034666666666666665 0.03255813953488372
0 0.3446666666666667 0.5984496124031008 0.036 0.037209302325581395
0 0.6473333333333333 0.34651162790697676 0.036 0.03875968992248062
0 0.402 0.34031007751937986 0.036 0.03565891472868217
0 0.23333333333333334 0.413953488372093 0.037333333333333336 0.037209302325581395
0 0.7013333333333334 0.6 0.037333333333333336 0.034108527131782945
0 0.2886666666666667 0.5961240310077519 0.036 0.03565891472868217
0 0.7573333333333333 0.4558139534883721 0.037333333333333336 0.034108527131782945
0 0.23266666666666666 0.4875968992248062 0.036 0.03565891472868217
0 0.3466666666666667 0.37751937984496126 0.034666666666666665 0.03565891472868217
0 0.2886666666666667 0.7062015503875969 0.036 0.03565891472868217
0 0.28933333333333333 0.4868217054263566 0.037333333333333336 0.034108527131782945
0 0.3446666666666667 0.6728682170542636 0.03866666666666667 0.040310077519379844
0 0.4013333333333333 0.37751937984496126 0.037333333333333336 0.03565891472868217
0 0.648 0.30697674418604654 0.037333333333333336 0.040310077519379844
0 0.4533333333333333 0.30697674418604654 0.032 0.037209302325581395
0 0.45466666666666666 0.37829457364341085 0.037333333333333336 0.034108527131782945
0 0.17733333333333334 0.33798449612403103 0.04 0.040310077519379844
0 0.4533333333333333 0.41627906976744183 0.034666666666666665 0.03565891472868217
0 0.3446666666666667 0.5604651162790698 0.036 0.03875968992248062
0 0.7566666666666667 0.5945736434108527 0.03866666666666667 0.04186046511627907
0 0.3453333333333333 0.5224806201550387 0.034666666666666665 0.037209302325581395
0 0.2906666666666667 0.30310077519379847 0.04 0.03875968992248062
0 0.402 0.41472868217054265 0.036 0.03565891472868217
0 0.28933333333333333 0.5604651162790698 0.037333333333333336 0.03565891472868217
0 0.288 0.7790697674418605 0.037333333333333336 0.03565891472868217
0 0.756 0.48992248062015503 0.037333333333333336 0.034108527131782945
0 0.592 0.5248062015503876 0.034666666666666665 0.03565891472868217
0 0.8653333333333333 0.6713178294573643 0.037333333333333336 0.034108527131782945
0 0.45266666666666666 0.7418604651162791 0.03333333333333333 0.03255813953488372
0 0.16333333333333333 0.889922480620155 0.025333333333333333 0.031007751937984496
0 0.7553333333333333 0.6713178294573643 0.036 0.034108527131782945
0 0.756 0.7077519379844961 0.037333333333333336 0.03565891472868217
0 0.4533333333333333 0.7062015503875969 0.034666666666666665 0.03255813953488372
0 0.162 0.8186046511627907 0.025333333333333333 0.031007751937984496
0 0.756 0.7782945736434108 0.037333333333333336 0.031007751937984496
0 0.164 0.7449612403100775 0.02666666666666667 0.02945736434108527
0 0.28733333333333333 0.8860465116279069 0.036 0.03255813953488372
0 0.7546666666666667 0.8860465116279069 0.037333333333333336 0.03565891472868217
0 0.5906666666666667 0.8860465116279069 0.034666666666666665 0.03255813953488372
0 0.4533333333333333 0.8124031007751938 0.034666666666666665 0.031007751937984496
0 0.4533333333333333 0.6333333333333333 0.037333333333333336 0.03565891472868217
0 0.756 0.7434108527131783 0.034666666666666665 0.03565891472868217
0 0.10666666666666667 0.4116279069767442 0.02666666666666667 0.02945736434108527
0 0.4533333333333333 0.5248062015503876 0.037333333333333336 0.03875968992248062
0 0.7553333333333333 0.8147286821705426 0.036 0.03565891472868217
0 0.8653333333333333 0.7069767441860465 0.037333333333333336 0.037209302325581395
0 0.49866666666666665 0.3627906976744186 0.029333333333333333 0.037209302325581395
0 0.10733333333333334 0.4844961240310077 0.030666666666666665 0.03565891472868217
0 0.8653333333333333 0.7782945736434108 0.037333333333333336 0.021705426356589147
0 0.49733333333333335 0.29147286821705426 0.032 0.027906976744186046
0 0.502 0.7767441860465116 0.025333333333333333 0.031007751937984496
0 0.8673333333333333 0.27286821705426356 0.036 0.024806201550387597
0 0.592 0.6310077519379845 0.034666666666666665 0.021705426356589147
0 0.2906666666666667 0.26356589147286824 0.037333333333333336 0.024806201550387597
0 0.6493333333333333 0.2682170542635659 0.037333333333333336 0.024806201550387597
0 0.7566666666666667 0.5604651162790698 0.036 0.020155038759689922
0 0.402 0.26666666666666666 0.036 0.021705426356589147
0 0.40066666666666667 0.5945736434108527 0.036 0.023255813953488372
0 0.864 0.8527131782945736 0.034666666666666665 0.034108527131782945
0 0.49466666666666664 0.43410852713178294 0.02666666666666667 0.034108527131782945
0 0.8646666666666667 0.8868217054263566 0.03866666666666667 0.034108527131782945
0 0.49666666666666665 0.3992248062015504 0.028 0.02945736434108527
0 0.132 0.3767441860465116 0.029333333333333333 0.031007751937984496
0 0.866 0.5263565891472868 0.036 0.03875968992248062
0 0.8646666666666667 0.813953488372093 0.03866666666666667 0.040310077519379844
0 0.7553333333333333 0.8511627906976744 0.036 0.034108527131782945
0 0.8653333333333333 0.7457364341085271 0.037333333333333336 0.037209302325581395
0 0.5906666666666667 0.8147286821705426 0.032 0.03565891472868217
0 0.108 0.375968992248062 0.02666666666666667 0.03565891472868217
0 0.10733333333333334 0.4496124031007752 0.025333333333333333 0.034108527131782945
0 0.498 0.22325581395348837 0.030666666666666665 0.031007751937984496
0 0.18866666666666668 0.7465116279069768 0.028 0.02945736434108527
0 0.19 0.889922480620155 0.028 0.027906976744186046
0 0.4533333333333333 0.3426356589147287 0.034666666666666665 0.034108527131782945
0 0.646 0.5263565891472868 0.036 0.03565891472868217
0 0.136 0.5232558139534884 0.02666666666666667 0.03255813953488372
0 0.13266666666666665 0.4124031007751938 0.028 0.031007751937984496
0 0.134 0.4875968992248062 0.028 0.03255813953488372
0 0.8653333333333333 0.6348837209302326 0.034666666666666665 0.03875968992248062
0 0.45266666666666666 0.7767441860465116 0.03333333333333333 0.034108527131782945
0 0.13266666666666665 0.34108527131782945 0.028 0.034108527131782945
0 0.498 0.19224806201550387 0.030666666666666665 0.027906976744186046
0 0.5373333333333333 0.6333333333333333 0.034666666666666665 0.03565891472868217
0 0.8653333333333333 0.5635658914728682 0.034666666666666665 0.03255813953488372
0 0.646 0.6325581395348837 0.036 0.034108527131782945
0 0.23133333333333334 0.8511627906976744 0.036 0.034108527131782945
0 0.28733333333333333 0.6333333333333333 0.03333333333333333 0.03875968992248062
0 0.4 0.7434108527131783 0.037333333333333336 0.03565891472868217
0 0.8126666666666666 0.45503875968992247 0.036 0.03565891472868217
0 0.176 0.6310077519379845 0.037333333333333336 0.037209302325581395
0 0.5386666666666666 0.4511627906976744 0.034666666666666665 0.034108527131782945
0 0.538 0.524031007751938 0.036 0.037209302325581395
0 0.702 0.48914728682170544 0.03333333333333333 0.03875968992248062
0 0.23333333333333334 0.4503875968992248 0.037333333333333336 0.03255813953488372
0 0.23133333333333334 0.6310077519379845 0.036 0.037209302325581395
0 0.4013333333333333 0.4503875968992248 0.034666666666666665 0.03565891472868217
0 0.5933333333333334 0.37906976744186044 0.032 0.03255813953488372
0 0.17533333333333334 0.7085271317829457 0.03866666666666667 0.037209302325581395
0 0.232 0.7775193798449612 0.037333333333333336 0.03875968992248062
0 0.5393333333333333 0.3062015503875969 0.03333333333333333 0.03565891472868217
0 0.232 0.7410852713178294 0.037333333333333336 0.034108527131782945
0 0.19066666666666668 0.8542635658914729 0.029333333333333333 0.034108527131782945
0 0.40066666666666667 0.6689922480620155 0.036 0.03875968992248062
0 0.29 0.4511627906976744 0.03866666666666667 0.034108527131782945
0 0.7573333333333333 0.31085271317829455 0.034666666666666665 0.03565891472868217
0 0.7566666666666667 0.4201550387596899 0.03866666666666667 0.034108527131782945
0 0.5933333333333334 0.3077519379844961 0.032 0.03565891472868217
0 0.3453333333333333 0.45271317829457364 0.034666666666666665 0.034108527131782945
0 0.6466666666666666 0.4542635658914729 0.034666666666666665 0.034108527131782945
0 0.3473333333333333 0.34186046511627904 0.036 0.03565891472868217
0 0.344 0.6341085271317829 0.034666666666666665 0.034108527131782945
0 0.6466666666666666 0.4178294573643411 0.034666666666666665 0.03565891472868217
0 0.758 0.3457364341085271 0.03866666666666667 0.034108527131782945
0 0.5393333333333333 0.3434108527131783 0.036 0.03565891472868217
0 0.346 0.4868217054263566 0.03333333333333333 0.031007751937984496
0 0.19 0.8170542635658915 0.030666666666666665 0.037209302325581395
0 0.8113333333333334 0.5263565891472868 0.036 0.03565891472868217
0 0.178 0.4868217054263566 0.036 0.034108527131782945
0 0.7573333333333333 0.3829457364341085 0.037333333333333336 0.037209302325581395
0 0.17733333333333334 0.37751937984496126 0.037333333333333336 0.03565891472868217
0 0.40066666666666667 0.5627906976744186 0.036 0.034108527131782945
0 0.8106666666666666 0.3806201550387597 0.034666666666666665 0.03565891472868217
0 0.232 0.5589147286821705 0.034666666666666665 0.03875968992248062
0 0.7566666666666667 0.5279069767441861 0.036 0.03875968992248062
0 0.5933333333333334 0.34418604651162793 0.034666666666666665 0.034108527131782945
0 0.7026666666666667 0.3085271317829457 0.034666666666666665 0.037209302325581395
0 0.23466666666666666 0.3023255813953488 0.034666666666666665 0.037209302325581395
0 0.17733333333333334 0.2992248062015504 0.034666666666666665 0.034108527131782945
0 0.5373333333333333 0.7426356589147287 0.037333333333333336 0.037209302325581395
0 0.8126666666666666 0.4193798449612403 0.03333333333333333 0.03565891472868217
0 0.29 0.3426356589147287 0.036 0.034108527131782945
0 0.40066666666666667 0.5255813953488372 0.036 0.037209302325581395
0 0.5906666666666667 0.7062015503875969 0.037333333333333336 0.03875968992248062
0 0.40066666666666667 0.7077519379844961 0.036 0.03565891472868217
0 0.5393333333333333 0.37906976744186044 0.030666666666666665 0.03255813953488372
0 0.7 0.6356589147286822 0.037333333333333336 0.034108527131782945
0 0.17666666666666667 0.562015503875969 0.036 0.03565891472868217
0 0.45266666666666666 0.4868217054263566 0.03333333333333333 0.034108527131782945
0 0.592 0.4511627906976744 0.034666666666666665 0.031007751937984496
0 0.23133333333333334 0.8147286821705426 0.036 0.03565891472868217
0 0.232 0.5224806201550387 0.032 0.031007751937984496
0 0.5373333333333333 0.7062015503875969 0.037333333333333336 0.03565891472868217
0 0.7566666666666667 0.6356589147286822 0.03866666666666667 0.037209302325581395
0 0.19 0.7813953488372093 0.028 0.031007751937984496
0 0.5906666666666667 0.7798449612403101 0.034666666666666665 0.034108527131782945
0 0.16266666666666665 0.8534883720930233 0.029333333333333333 0.03565891472868217
0 0.16266666666666665 0.7813953488372093 0.02666666666666667 0.034108527131782945
0 0.23133333333333334 0.6689922480620155 0.036 0.03565891472868217