0 0.5188888888888888 0.7874794069192751 0.023333333333333334 0.029654036243822075
0 0.5183333333333333 0.7677100494233937 0.024444444444444446 0.032948929159802305
0 0.21944444444444444 0.3171334431630972 0.03888888888888889 0.03789126853377265
0 0.9316666666666666 0.6268533772652389 0.03888888888888889 0.04942339373970346
0 0.8372222222222222 0.4769357495881384 0.04 0.051070840197693576
0 0.5405555555555556 0.26112026359143325 0.04666666666666667 0.042833607907743
0 0.9338888888888889 0.5889621087314663 0.03888888888888889 0.04942339373970346
0 0.8683333333333333 0.814662273476112 0.04 0.044481054365733116
0 0.5455555555555556 0.19686985172981877 0.044444444444444446 0.044481054365733116
0 0.39944444444444444 0.7948929159802306 0.04 0.051070840197693576
0 0.34944444444444445 0.7817133443163097 0.04666666666666667 0.057660626029654036
0 0.44555555555555554 0.9365733113673805 0.035555555555555556 0.051070840197693576
0 0.3466666666666667 0.8196046128500823 0.042222222222222223 0.05271828665568369
0 0.4022222222222222 0.7561779242174629 0.04 0.051070840197693576
0 0.5427777777777778 0.23146622734761121 0.04555555555555556 0.047775947281713346
0 0.9266666666666666 0.7084019769357496 0.03777777777777778 0.04942339373970346
0 0.8944444444444445 0.4085667215815486 0.042222222222222223 0.05271828665568369
0 0.9405555555555556 0.5074135090609555 0.04 0.054365733113673806
0 0.3977777777777778 0.8336079077429983 0.03888888888888889 0.051070840197693576
0 0.39555555555555555 0.8731466227347611 0.03888888888888889 0.04942339373970346
0 0.4288888888888889 0.34761120263591433 0.04111111111111111 0.051070840197693576
0 0.5944444444444444 0.9777594728171335 0.03888888888888889 0.044481054365733116
0 0.86 0.9398682042833608 0.03777777777777778 0.04118616144975288
0 0.9294444444444444 0.6672158154859967 0.04111111111111111 0.05601317957166392
0 0.7866666666666666 0.46210873146622733 0.04 0.051070840197693576
0 0.46944444444444444 0.5280065897858319 0.04 0.051070840197693576
0 0.35555555555555557 0.6556836902800659 0.042222222222222223 0.05271828665568369
0 0.2311111111111111 0.15485996705107083 0.043333333333333335 0.05601317957166392
0 0.6927777777777778 0.3039538714991763 0.04111111111111111 0.05271828665568369
0 0.33444444444444443 0.18616144975288304 0.042222222222222223 0.05930807248764415
0 0.475 0.443163097199341 0.03777777777777778 0.047775947281713346
0 0.3827777777777778 0.2487644151565074 0.03888888888888889 0.051070840197693576
0 0.6183333333333333 0.6556836902800659 0.03888888888888889 0.04942339373970346
0 0.7922222222222223 0.3772652388797364 0.04 0.05271828665568369
0 0.4255555555555556 0.38632619439868204 0.04111111111111111 0.05271828665568369
0 0.585 0.3542009884678748 0.042222222222222223 0.057660626029654036
0 0.31777777777777777 0.4382207578253707 0.043333333333333335 0.05601317957166392
0 0.43444444444444447 0.2660626029654036 0.04 0.051070840197693576
0 0.7744444444444445 0.6622734761120264 0.04111111111111111 0.05601317957166392
0 0.7888888888888889 0.4200988467874794 0.04111111111111111 0.054365733113673806
0 0.8711111111111111 0.7751235584843492 0.043333333333333335 0.05601317957166392
0 0.6894444444444444 0.34514003294892914 0.04111111111111111 0.05601317957166392
0 0.6211111111111111 0.6169686985172982 0.04 0.051070840197693576
0 0.3844444444444444 0.20593080724876442 0.03888888888888889 0.054365733113673806
0 0.4722222222222222 0.4868204283360791 0.04111111111111111 0.05601317957166392
0 0.42277777777777775 0.42751235584843494 0.04 0.051070840197693576
0 0.625 0.5370675453047776 0.04 0.05271828665568369
0 0.47833333333333333 0.4052718286655684 0.03777777777777778 0.051070840197693576
0 0.42055555555555557 0.47034596375617793 0.042222222222222223 0.05601317957166392
0 0.3794444444444444 0.2899505766062603 0.04 0.051070840197693576
0 0.7833333333333333 0.500823723228995 0.04 0.051070840197693576
0 0.74 0.36326194398682043 0.042222222222222223 0.057660626029654036
0 0.48388888888888887 0.3237232289950577 0.03888888888888889 0.04942339373970346
0 0.6127777777777778 0.7364085667215815 0.04111111111111111 0.054365733113673806
0 0.7811111111111111 0.5420098846787479 0.044444444444444446 0.054365733113673806
0 0.6161111111111112 0.6952224052718287 0.04 0.05271828665568369
0 0.48777777777777775 0.2800658978583196 0.04 0.05271828665568369
0 0.4311111111111111 0.30642504118616143 0.042222222222222223 0.051070840197693576
0 0.1361111111111111 0.7924217462932455 0.03888888888888889 0.044481054365733116
0 0.8322222222222222 0.556013179571664 0.03888888888888889 0.04612850082372323
0 0.5977777777777777 0.9415156507413509 0.03888888888888889 0.04942339373970346
0 0.9427777777777778 0.4670510708401977 0.03888888888888889 0.051070840197693576
0 0.8577777777777778 0.9761120263591433 0.04 0.047775947281713346
0 0.4538888888888889 0.7685337726523888 0.04111111111111111 0.054365733113673806
0 0.21555555555555556 0.36079077429983525 0.03666666666666667 0.054365733113673806
0 0.21333333333333335 0.40444810543657334 0.03777777777777778 0.051070840197693576
0 0.5355555555555556 0.36079077429983525 0.04555555555555556 0.05271828665568369
0 0.6233333333333333 0.5766062602965404 0.03777777777777778 0.04942339373970346
0 0.14166666666666666 0.7125205930807249 0.042222222222222223 0.05601317957166392
0 0.9455555555555556 0.4242174629324547 0.043333333333333335 0.057660626029654036
0 0.8661111111111112 0.85667215815486 0.044444444444444446 0.05930807248764415
0 0.8916666666666667 0.45057660626029655 0.042222222222222223 0.05601317957166392
0 0.8805555555555555 0.613673805601318 0.03888888888888889 0.051070840197693576
0 0.3655555555555556 0.5354200988467874 0.04 0.054365733113673806
0 0.8866666666666667 0.5329489291598023 0.04 0.051070840197693576
0 0.7761111111111111 0.6210873146622735 0.03888888888888889 0.051070840197693576
0 0.1388888888888889 0.7545304777594728 0.04 0.051070840197693576
0 0.3622222222222222 0.5757825370675453 0.03777777777777778 0.047775947281713346
0 0.22777777777777777 0.200164744645799 0.03888888888888889 0.051070840197693576
0 0.16277777777777777 0.3896210873146623 0.04111111111111111 0.05271828665568369
0 0.8888888888888888 0.4925864909390445 0.042222222222222223 0.05271828665568369
0 0.15388888888888888 0.5098846787479407 0.042222222222222223 0.054365733113673806
0 0.8833333333333333 0.5733113673805601 0.04111111111111111 0.05271828665568369
0 0.83 0.5963756177924218 0.04111111111111111 0.057660626029654036
0 0.58 0.43986820428336076 0.03666666666666667 0.04942339373970346
0 0.6444444444444445 0.24217462932454695 0.04111111111111111 0.057660626029654036
0 0.4038888888888889 0.714168039538715 0.042222222222222223 0.05601317957166392
0 0.6311111111111111 0.45222405271828664 0.04 0.054365733113673806
0 0.78 0.5823723228995058 0.04111111111111111 0.047775947281713346
0 0.7711111111111111 0.7026359143327842 0.03666666666666667 0.04612850082372323
0 0.36944444444444446 0.45057660626029655 0.04111111111111111 0.05601317957166392
0 0.2111111111111111 0.4456342668863262 0.04111111111111111 0.057660626029654036
0 0.22611111111111112 0.23887973640856672 0.04 0.051070840197693576
0 0.5822222222222222 0.39950576606260296 0.04111111111111111 0.054365733113673806
0 0.8988888888888888 0.3212520593080725 0.042222222222222223 0.05930807248764415
0 0.37722222222222224 0.32784184514003295 0.03888888888888889 0.047775947281713346
0 0.6277777777777778 0.4925864909390445 0.03777777777777778 0.04942339373970346
0 0.7455555555555555 0.2742998352553542 0.043333333333333335 0.060955518945634266
0 0.4072222222222222 0.6729818780889621 0.04111111111111111 0.054365733113673806
0 0.35333333333333333 0.6968698517298187 0.043333333333333335 0.057660626029654036
0 0.6088888888888889 0.7775947281713345 0.03777777777777778 0.054365733113673806
0 0.14944444444444444 0.5897858319604613 0.04111111111111111 0.05601317957166392
0 0.6038888888888889 0.8599670510708401 0.03888888888888889 0.051070840197693576
0 0.9155555555555556 0.8756177924217463 0.044444444444444446 0.05601317957166392
0 0.6055555555555555 0.8196046128500823 0.03888888888888889 0.04942339373970346
0 0.4577777777777778 0.6902800658978583 0.043333333333333335 0.054365733113673806
0 0.8733333333333333 0.7347611202635914 0.042222222222222223 0.05271828665568369
0 0.37222222222222223 0.40939044481054365 0.03777777777777778 0.04942339373970346
0 0.49 0.23805601317957167 0.03777777777777778 0.047775947281713346
0 0.46111111111111114 0.6490939044481054 0.042222222222222223 0.054365733113673806
0 0.12277777777777778 0.20757825370675453 0.042222222222222223 0.06260296540362438
0 0.6816666666666666 0.4686985172981878 0.035555555555555556 0.04942339373970346
0 0.2827777777777778 0.17380560131795716 0.04 0.05601317957166392
0 0.41555555555555557 0.5518945634266886 0.04 0.051070840197693576
0 0.8355555555555556 0.5181219110378913 0.04111111111111111 0.054365733113673806
0 0.17444444444444446 0.2257001647446458 0.042222222222222223 0.05271828665568369
0 0.8622222222222222 0.9028006589785832 0.04111111111111111 0.05601317957166392
0 0.35833333333333334 0.613673805601318 0.042222222222222223 0.05271828665568369
0 0.6422222222222222 0.28665568369028005 0.042222222222222223 0.054365733113673806
0 0.6005555555555555 0.9011532125205931 0.04 0.051070840197693576
0 0.7683333333333333 0.7446457990115322 0.04 0.057660626029654036
0 0.6761111111111111 0.5502471169686985 0.03888888888888889 0.051070840197693576
0 0.84 0.43492586490939045 0.04111111111111111 0.05601317957166392
0 0.18444444444444444 0.09555189456342669 0.043333333333333335 0.06260296540362438
0 0.6788888888888889 0.5098846787479407 0.03888888888888889 0.051070840197693576
0 0.7433333333333333 0.3212520593080725 0.03888888888888889 0.051070840197693576
0 0.40944444444444444 0.6301482701812191 0.04 0.05271828665568369
0 0.46444444444444444 0.6062602965403624 0.042222222222222223 0.05601317957166392
0 0.2338888888888889 0.10955518945634267 0.043333333333333335 0.05601317957166392
0 0.6961111111111111 0.257001647446458 0.04111111111111111 0.05930807248764415
0 0.33166666666666667 0.23064250411861614 0.04 0.05271828665568369
0 0.3277777777777778 0.27182866556836904 0.03777777777777778 0.04942339373970346
0 0.32 0.39456342668863265 0.043333333333333335 0.054365733113673806
0 0.525 0.4942339373970346 0.04555555555555556 0.057660626029654036
0 0.15722222222222224 0.4695222405271829 0.043333333333333335 0.05601317957166392
0 0.6861111111111111 0.38797364085667213 0.03888888888888889 0.04942339373970346
0 0.18055555555555555 0.14250411861614498 0.042222222222222223 0.054365733113673806
0 0.4922222222222222 0.1927512355848435 0.04555555555555556 0.060955518945634266
0 0.28555555555555556 0.12932454695222406 0.043333333333333335 0.057660626029654036
0 0.6833333333333333 0.42833607907743 0.04111111111111111 0.051070840197693576
0 0.17722222222222223 0.18451400329489293 0.042222222222222223 0.054365733113673806
0 0.37444444444444447 0.36820428336079075 0.04 0.054365733113673806
0 0.7383333333333333 0.4060955518945634 0.03888888888888889 0.04942339373970346
0 0.64 0.32948929159802304 0.04111111111111111 0.05271828665568369
0 0.41833333333333333 0.5123558484349259 0.043333333333333335 0.05271828665568369
0 0.5311111111111111 0.42504118616144976 0.04555555555555556 0.04612850082372323
0 0.45555555555555555 0.728995057660626 0.04 0.04942339373970346
0 0.4122222222222222 0.5906095551894563 0.03888888888888889 0.04942339373970346
0 0.16555555555555557 0.34761120263591433 0.042222222222222223 0.054365733113673806
0 0.9372222222222222 0.5494233937397035 0.043333333333333335 0.054365733113673806
0 0.8761111111111111 0.6935749588138386 0.04 0.05271828665568369
0 0.8544444444444445 0.9975288303130149 0.03777777777777778 0.004942339373970346
0 0.3233333333333333 0.35337726523887975 0.042222222222222223 0.054365733113673806
0 0.6738888888888889 0.5906095551894563 0.04 0.054365733113673806
0 0.8783333333333333 0.6515650741350906 0.04111111111111111 0.054365733113673806
0 0.4666666666666667 0.5667215815485996 0.03888888888888889 0.04942339373970346
0 0.7344444444444445 0.4456342668863262 0.03777777777777778 0.05271828665568369
0 0.34055555555555556 0.9019769357495881 0.04111111111111111 0.054365733113673806
0 0.3511111111111111 0.7388797364085667 0.03888888888888889 0.04942339373970346
0 0.5216666666666666 0.5387149917627677 0.042222222222222223 0.03789126853377265
0 0.5333333333333333 0.39373970345963755 0.04111111111111111 0.039538714991762765
0 0.9194444444444444 0.8336079077429983 0.042222222222222223 0.051070840197693576
0 0.4361111111111111 0.22075782537067545 0.042222222222222223 0.057660626029654036
0 0.48055555555555557 0.36326194398682043 0.04 0.051070840197693576
0 0.3672222222222222 0.49341021416803954 0.042222222222222223 0.05271828665568369
0 0.1688888888888889 0.3056013179571664 0.04111111111111111 0.05271828665568369
0 0.4488888888888889 0.8484349258649094 0.04 0.051070840197693576
0 0.22166666666666668 0.2784184514003295 0.04 0.051070840197693576
0 0.7977777777777778 0.28912685337726524 0.04111111111111111 0.057660626029654036
0 0.14666666666666667 0.6317957166392092 0.03888888888888889 0.051070840197693576
0 0.8983333333333333 0.36655683690280066 0.043333333333333335 0.054365733113673806
0 0.3433333333333333 0.8591433278418451 0.042222222222222223 0.054365733113673806
0 0.325 0.31219110378912684 0.03888888888888889 0.04942339373970346
0 0.45166666666666666 0.8072487644151565 0.04 0.051070840197693576
0 0.44555555555555554 0.8904448105436573 0.04111111111111111 0.05601317957166392
0 0.13277777777777777 0.8352553542009885 0.044444444444444446 0.06260296540362438
0 0.15166666666666667 0.5518945634266886 0.04 0.04942339373970346
0 0.1438888888888889 0.671334431630972 0.03777777777777778 0.04942339373970346
0 0.1711111111111111 0.26688632619439867 0.04111111111111111 0.054365733113673806
0 0.5383333333333333 0.2932454695222405 0.04666666666666667 0.051070840197693576
0 0.6366666666666667 0.3698517298187809 0.03666666666666667 0.04942339373970346
0 0.9222222222222223 0.7940691927512356 0.043333333333333335 0.057660626029654036
0 0.39222222222222225 0.9159802306425041 0.04111111111111111 0.05601317957166392
0 0.9244444444444444 0.7504118616144976 0.042222222222222223 0.054365733113673806
0 0.16 0.42668863261943984 0.04111111111111111 0.05271828665568369
0 0.9494444444444444 0.3797364085667216 0.042222222222222223 0.05601317957166392
0 0.7944444444444444 0.33607907742998355 0.04111111111111111 0.05271828665568369
0 0.5372222222222223 0.3270181219110379 0.043333333333333335 0.044481054365733116
0 0.6333333333333333 0.40939044481054365 0.03888888888888889 0.051070840197693576