0 0.1827777777777778 0.48697068403908794 0.03777777777777778 0.05211726384364821
0 0.41555555555555557 0.7687296416938111 0.034444444444444444 0.04560260586319218
0 0.17555555555555555 0.3998371335504886 0.034444444444444444 0.04560260586319218
0 0.5783333333333334 0.8216612377850163 0.03888888888888889 0.04723127035830619
0 0.2738888888888889 0.9657980456026058 0.044444444444444446 0.05374592833876222
0 0.3238888888888889 0.9087947882736156 0.03666666666666667 0.04560260586319218
0 0.8477777777777777 0.31596091205211724 0.03888888888888889 0.043973941368078175
0 0.8394444444444444 0.8118892508143323 0.03777777777777778 0.048859934853420196
0 0.7116666666666667 0.5488599348534202 0.03777777777777778 0.048859934853420196
0 0.3788888888888889 0.9446254071661238 0.03888888888888889 0.04723127035830619
0 0.47888888888888886 0.255700325732899 0.04777777777777778 0.04560260586319218
0 0.8916666666666667 0.22068403908794787 0.03666666666666667 0.04560260586319218
0 0.945 0.8338762214983714 0.03888888888888889 0.048859934853420196
0 0.925 0.5879478827361564 0.04 0.04723127035830619
0 0.265 0.8428338762214984 0.03888888888888889 0.048859934853420196
0 0.8361111111111111 0.7711726384364821 0.03777777777777778 0.04723127035830619
0 0.13555555555555557 0.5342019543973942 0.034444444444444444 0.043973941368078175
0 0.5511111111111111 0.494299674267101 0.03333333333333333 0.043973941368078175
0 0.4411111111111111 0.43322475570032576 0.03 0.043973941368078175
0 0.8938888888888888 0.8436482084690554 0.043333333333333335 0.05211726384364821
0 0.605 0.5244299674267101 0.03333333333333333 0.04560260586319218
0 0.10055555555555555 0.744299674267101 0.03666666666666667 0.04560260586319218
0 0.4261111111111111 0.8876221498371335 0.04 0.050488599348534204
0 0.43 0.9324104234527687 0.04111111111111111 0.05211726384364821
0 0.08944444444444444 0.6262214983713354 0.03777777777777778 0.048859934853420196
0 0.07611111111111112 0.4584690553745928 0.035555555555555556 0.048859934853420196
0 0.47444444444444445 0.19136807817589577 0.04888888888888889 0.04723127035830619
0 0.32722222222222225 0.9535830618892508 0.044444444444444446 0.05537459283387622
0 0.4855555555555556 0.32003257328990226 0.04777777777777778 0.04723127035830619
0 0.23777777777777778 0.5138436482084691 0.03777777777777778 0.04234527687296417
0 0.8155555555555556 0.5268729641693811 0.04 0.048859934853420196
0 0.12333333333333334 0.40553745928338764 0.03888888888888889 0.043973941368078175
0 0.6666666666666666 0.6384364820846905 0.03777777777777778 0.050488599348534204
0 0.5583333333333333 0.5773615635179153 0.03777777777777778 0.048859934853420196
0 0.8822222222222222 0.7214983713355049 0.042222222222222223 0.048859934853420196
0 0.6772222222222222 0.760586319218241 0.03777777777777778 0.04723127035830619
0 0.31666666666666665 0.8306188925081434 0.03888888888888889 0.048859934853420196
0 0.11166666666666666 0.23859934853420195 0.035555555555555556 0.050488599348534204
0 0.11777777777777777 0.3289902280130293 0.035555555555555556 0.04560260586319218
0 0.1711111111111111 0.35912052117263843 0.035555555555555556 0.050488599348534204
0 0.8544444444444445 0.3933224755700326 0.03888888888888889 0.04723127035830619
0 0.8405555555555555 0.23208469055374592 0.03888888888888889 0.04723127035830619
0 0.8261111111111111 0.6498371335504886 0.04111111111111111 0.050488599348534204
0 0.13166666666666665 0.497557003257329 0.035555555555555556 0.043973941368078175
0 0.8605555555555555 0.4747557003257329 0.03777777777777778 0.048859934853420196
0 0.8894444444444445 0.18241042345276873 0.04 0.04723127035830619
0 0.08222222222222222 0.5447882736156352 0.04 0.04723127035830619
0 0.08666666666666667 0.5838762214983714 0.03888888888888889 0.04723127035830619
0 0.6116666666666667 0.6058631921824105 0.03888888888888889 0.050488599348534204
0 0.6844444444444444 0.8428338762214984 0.04111111111111111 0.050488599348534204
0 0.7455555555555555 0.3338762214983713 0.04111111111111111 0.05374592833876222
0 0.6222222222222222 0.7304560260586319 0.03888888888888889 0.048859934853420196
0 0.5311111111111111 0.249185667752443 0.03666666666666667 0.04560260586319218
0 0.31333333333333335 0.7890879478827362 0.03888888888888889 0.048859934853420196
0 0.92 0.5472312703583062 0.04 0.048859934853420196
0 0.8216666666666667 0.6083061889250815 0.04111111111111111 0.04723127035830619
0 0.7033333333333334 0.46254071661237783 0.034444444444444444 0.04560260586319218
0 0.6805555555555556 0.8004885993485342 0.04 0.048859934853420196
0 0.4116666666666667 0.7296416938110749 0.035555555555555556 0.04723127035830619
0 0.3616666666666667 0.740228013029316 0.03888888888888889 0.048859934853420196
0 0.5744444444444444 0.7809446254071661 0.03777777777777778 0.04723127035830619
0 0.9061111111111111 0.38436482084690554 0.03777777777777778 0.04560260586319218
0 0.12111111111111111 0.36726384364820847 0.035555555555555556 0.04560260586319218
0 0.6144444444444445 0.6473941368078175 0.03666666666666667 0.043973941368078175
0 0.8722222222222222 0.5993485342019544 0.04111111111111111 0.050488599348534204
0 0.5 0.5 0.042222222222222223 0.03908794788273615
0 0.09222222222222222 0.6644951140065146 0.03666666666666667 0.030944625407166124
0 0.5322222222222223 0.7255700325732899 0.023333333333333334 0.02768729641693811
0 0.39222222222222225 0.4837133550488599 0.03888888888888889 0.04723127035830619
0 0.5911111111111111 0.36074918566775244 0.03666666666666667 0.050488599348534204
0 0.3411111111111111 0.495928338762215 0.03888888888888889 0.04723127035830619
0 0.3988888888888889 0.5659609120521173 0.03666666666666667 0.04723127035830619
0 0.39611111111111114 0.5252442996742671 0.03777777777777778 0.048859934853420196
0 0.5344444444444445 0.2915309446254072 0.04 0.048859934853420196
0 0.7822222222222223 0.1449511400651466 0.035555555555555556 0.03420195439739414
0 0.6238888888888889 0.12947882736156352 0.03777777777777778 0.035830618892508145
0 0.8311111111111111 0.13436482084690554 0.03666666666666667 0.029315960912052116
0 0.5338888888888889 0.743485342019544 0.022222222222222223 0.02280130293159609
0 0.555 0.5350162866449512 0.03777777777777778 0.048859934853420196
0 0.355 0.6579804560260586 0.03888888888888889 0.048859934853420196
0 0.38555555555555554 0.4006514657980456 0.03777777777777778 0.048859934853420196
0 0.6005555555555555 0.48452768729641693 0.03888888888888889 0.048859934853420196
0 0.6266666666666667 0.15309446254071662 0.027777777777777776 0.024429967426710098
0 0.785 0.16775244299674266 0.027777777777777776 0.02280130293159609
0 0.8366666666666667 0.15390879478827363 0.028888888888888888 0.02280130293159609
0 0.5338888888888889 0.75814332247557 0.021111111111111112 0.016286644951140065
0 0.6894444444444444 0.8827361563517915 0.04 0.035830618892508145
0 0.7972222222222223 0.32247557003257327 0.04 0.048859934853420196
0 0.5372222222222223 0.3330618892508143 0.03888888888888889 0.04723127035830619
0 0.2477777777777778 0.6384364820846905 0.04111111111111111 0.048859934853420196
0 0.2761111111111111 0.33876221498371334 0.03888888888888889 0.05211726384364821
0 0.5411111111111111 0.3745928338762215 0.03888888888888889 0.050488599348534204
0 0.805 0.4030944625407166 0.04 0.048859934853420196
0 0.5472222222222223 0.4543973941368078 0.03666666666666667 0.048859934853420196
0 0.6555555555555556 0.5154723127035831 0.04 0.05211726384364821
0 0.6822222222222222 0.22068403908794787 0.04 0.048859934853420196
0 0.3333333333333333 0.41286644951140067 0.03777777777777778 0.04560260586319218
0 0.585 0.27931596091205213 0.03888888888888889 0.05537459283387622
0 0.7866666666666666 0.1995114006514658 0.04111111111111111 0.050488599348534204
0 0.3377777777777778 0.4543973941368078 0.03888888888888889 0.050488599348534204
0 0.6427777777777778 0.3526058631921824 0.04 0.04723127035830619
0 0.6194444444444445 0.6881107491856677 0.04 0.05211726384364821
0 0.495 0.4568403908794788 0.04666666666666667 0.05537459283387622
0 0.3488888888888889 0.5741042345276873 0.03777777777777778 0.048859934853420196
0 0.7422222222222222 0.2939739413680782 0.04 0.050488599348534204
0 0.44333333333333336 0.4747557003257329 0.03888888888888889 0.05211726384364821
0 0.6972222222222222 0.3811074918566775 0.03888888888888889 0.04723127035830619
0 0.6472222222222223 0.3941368078175896 0.03888888888888889 0.048859934853420196
0 0.28888888888888886 0.504071661237785 0.04 0.04723127035830619
0 0.25055555555555553 0.6807817589576547 0.03777777777777778 0.048859934853420196
0 0.2966666666666667 0.5846905537459284 0.03888888888888889 0.04723127035830619
0 0.6394444444444445 0.3118892508143323 0.03888888888888889 0.048859934853420196
0 0.7005555555555556 0.4226384364820847 0.03888888888888889 0.04723127035830619
0 0.3894444444444444 0.44299674267100975 0.03777777777777778 0.048859934853420196
0 0.405 0.6457654723127035 0.03777777777777778 0.050488599348534204
0 0.5622222222222222 0.6180781758957655 0.03777777777777778 0.04723127035830619
0 0.5777777777777777 0.19381107491856678 0.03888888888888889 0.05211726384364821
0 0.2916666666666667 0.5439739413680782 0.03888888888888889 0.048859934853420196
0 0.7938888888888889 0.28175895765472314 0.03777777777777778 0.04723127035830619
0 0.2311111111111111 0.43078175895765475 0.04 0.048859934853420196
0 0.235 0.4739413680781759 0.03777777777777778 0.048859934853420196
0 0.7905555555555556 0.24104234527687296 0.042222222222222223 0.04723127035830619
0 0.1272222222222222 0.44869706840390877 0.04111111111111111 0.057003257328990226
0 0.33 0.3729641693811075 0.035555555555555556 0.04560260586319218
0 0.6866666666666666 0.26221498371335505 0.03888888888888889 0.04723127035830619
0 0.6783333333333333 0.1783387622149837 0.04 0.050488599348534204
0 0.345 0.5350162866449512 0.03777777777777778 0.043973941368078175
0 0.10222222222222223 0.7915309446254072 0.043333333333333335 0.05211726384364821
0 0.35777777777777775 0.6995114006514658 0.03777777777777778 0.04723127035830619
0 0.6627777777777778 0.5969055374592834 0.03666666666666667 0.04723127035830619
0 0.2822222222222222 0.4210097719869707 0.03888888888888889 0.048859934853420196
0 0.17888888888888888 0.44218241042345274 0.03666666666666667 0.050488599348534204
0 0.8122222222222222 0.48534201954397393 0.04 0.04723127035830619
0 0.6355555555555555 0.2687296416938111 0.03777777777777778 0.050488599348534204
0 0.30666666666666664 0.7084690553745928 0.03888888888888889 0.048859934853420196
0 0.30333333333333334 0.6661237785016286 0.04 0.05211726384364821
0 0.6283333333333333 0.18566775244299674 0.03888888888888889 0.050488599348534204
0 0.8011111111111111 0.36400651465798045 0.03888888888888889 0.04723127035830619
0 0.43833333333333335 0.39087947882736157 0.03666666666666667 0.048859934853420196
0 0.7072222222222222 0.504885993485342 0.03888888888888889 0.05211726384364821
0 0.6083333333333333 0.5635179153094463 0.03666666666666667 0.048859934853420196
0 0.735 0.21091205211726385 0.04 0.05211726384364821
0 0.8183333333333334 0.5684039087947883 0.04111111111111111 0.048859934853420196
0 0.8961111111111111 0.26302931596091206 0.03888888888888889 0.04723127035830619
0 0.6911111111111111 0.30456026058631924 0.03888888888888889 0.048859934853420196
0 0.5883333333333334 0.32166123778501626 0.03666666666666667 0.04234527687296417
0 0.8855555555555555 0.13517915309446255 0.04111111111111111 0.05863192182410423
0 0.8083333333333333 0.44543973941368076 0.03888888888888889 0.04723127035830619
0 0.40166666666666667 0.6058631921824105 0.03666666666666667 0.04560260586319218
0 0.675 0.12947882736156352 0.042222222222222223 0.057003257328990226
0 0.5266666666666666 0.20521172638436483 0.03777777777777778 0.057003257328990226
0 0.5811111111111111 0.23697068403908794 0.035555555555555556 0.043973941368078175
0 0.6322222222222222 0.8534201954397395 0.04 0.048859934853420196
0 0.3511111111111111 0.6156351791530945 0.03777777777777778 0.04723127035830619
0 0.255 0.7214983713355049 0.03888888888888889 0.050488599348534204
0 0.26222222222222225 0.7996742671009772 0.03777777777777778 0.048859934853420196
0 0.38055555555555554 0.35993485342019543 0.03777777777777778 0.04723127035830619
0 0.8444444444444444 0.2736156351791531 0.04111111111111111 0.05374592833876222
0 0.32611111111111113 0.3281758957654723 0.04 0.05537459283387622
0 0.5438888888888889 0.4153094462540717 0.035555555555555556 0.043973941368078175
0 0.7372222222222222 0.253257328990228 0.035555555555555556 0.04560260586319218
0 0.5983333333333334 0.44136807817589574 0.03888888888888889 0.050488599348534204
0 0.8688888888888889 0.5578175895765473 0.04111111111111111 0.048859934853420196
0 0.6255555555555555 0.7728013029315961 0.03666666666666667 0.04560260586319218
0 0.695 0.34283387622149836 0.03666666666666667 0.04560260586319218
0 0.24444444444444444 0.5969055374592834 0.03888888888888889 0.050488599348534204
0 0.5938888888888889 0.4014657980456026 0.03666666666666667 0.043973941368078175
0 0.6527777777777778 0.4723127035830619 0.03666666666666667 0.043973941368078175
0 0.8327777777777777 0.7296416938110749 0.04 0.048859934853420196
0 0.43555555555555553 0.3469055374592834 0.03666666666666667 0.048859934853420196
0 0.2411111111111111 0.5553745928338762 0.03888888888888889 0.050488599348534204
0 0.31 0.749185667752443 0.035555555555555556 0.043973941368078175
0 0.3788888888888889 0.32247557003257327 0.034444444444444444 0.043973941368078175
0 0.2788888888888889 0.3811074918566775 0.035555555555555556 0.04560260586319218
0 0.8583333333333333 0.43403908794788276 0.04 0.048859934853420196
0 0.7311111111111112 0.16775244299674266 0.04 0.05211726384364821
0 0.22777777777777777 0.38925081433224756 0.03888888888888889 0.04560260586319218
0 0.4077777777777778 0.6881107491856677 0.04111111111111111 0.048859934853420196
0 0.6288888888888889 0.8118892508143323 0.03777777777777778 0.04723127035830619
0 0.2861111111111111 0.46416938110749184 0.03888888888888889 0.050488599348534204
0 0.65 0.43403908794788276 0.03666666666666667 0.04560260586319218
0 0.3761111111111111 0.9022801302931596 0.04 0.050488599348534204
0 0.8994444444444445 0.30456026058631924 0.03888888888888889 0.048859934853420196
0 0.3 0.6254071661237784 0.03666666666666667 0.04723127035830619
0 0.6344444444444445 0.8957654723127035 0.04 0.050488599348534204
0 0.8755555555555555 0.6425081433224755 0.04 0.048859934853420196
0 0.9133333333333333 0.46661237785016285 0.04 0.048859934853420196
0 0.6711111111111111 0.6815960912052117 0.03888888888888889 0.050488599348534204
0 0.37666666666666665 0.28175895765472314 0.03777777777777778 0.050488599348534204
0 0.8366666666666667 0.18811074918566775 0.042222222222222223 0.057003257328990226
0 0.865 0.5154723127035831 0.04 0.04723127035830619
0 0.9027777777777778 0.34527687296416937 0.03777777777777778 0.043973941368078175
0 0.22444444444444445 0.34609120521172637 0.03777777777777778 0.04723127035830619
0 0.9105555555555556 0.4242671009771987 0.03888888888888889 0.048859934853420196
0 0.11555555555555555 0.28501628664495116 0.03888888888888889 0.05211726384364821
0 0.4722222222222222 0.1563517915309446 0.04666666666666667 0.04234527687296417
0 0.36833333333333335 0.18973941368078176 0.04 0.05211726384364821
0 0.9388888888888889 0.751628664495114 0.04111111111111111 0.048859934853420196
0 0.88 0.6815960912052117 0.03888888888888889 0.04723127035830619
0 0.07833333333333334 0.502442996742671 0.03666666666666667 0.048859934853420196
0 0.26944444444444443 0.8851791530944625 0.03888888888888889 0.04560260586319218
0 0.8522222222222222 0.3526058631921824 0.03777777777777778 0.043973941368078175
0 0.32055555555555554 0.8705211726384365 0.03666666666666667 0.043973941368078175
0 0.25833333333333336 0.759771986970684 0.03777777777777778 0.04071661237785016
0 0.36444444444444446 0.7809446254071661 0.03666666666666667 0.04560260586319218
0 0.5672222222222222 0.6978827361563518 0.035555555555555556 0.048859934853420196
0 0.37222222222222223 0.8615635179153095 0.03777777777777778 0.04560260586319218
0 0.6316666666666667 0.2271986970684039 0.03666666666666667 0.04723127035830619
0 0.6744444444444444 0.7223127035830619 0.03777777777777778 0.043973941368078175
0 0.41888888888888887 0.8102605863192183 0.04 0.050488599348534204
0 0.5644444444444444 0.6571661237785016 0.03777777777777778 0.043973941368078175
0 0.9361111111111111 0.7084690553745928 0.04 0.050488599348534204
0 0.8855555555555555 0.762214983713355 0.042222222222222223 0.050488599348534204
0 0.43166666666666664 0.30863192182410426 0.035555555555555556 0.03908794788273615
0 0.5855555555555556 0.8998371335504886 0.03888888888888889 0.05537459283387622
0 0.27166666666666667 0.9226384364820847 0.03888888888888889 0.04723127035830619
0 0.6577777777777778 0.5553745928338762 0.03777777777777778 0.04560260586319218
0 0.9422222222222222 0.7915309446254072 0.03777777777777778 0.04560260586319218
0 0.8416666666666667 0.8542345276872965 0.03666666666666667 0.04560260586319218
0 0.9166666666666666 0.506514657980456 0.03666666666666667 0.04560260586319218
0 0.8894444444444445 0.8021172638436482 0.03777777777777778 0.04560260586319218
0 0.42333333333333334 0.8501628664495114 0.03888888888888889 0.04234527687296417
0 0.36833333333333335 0.8216612377850163 0.03888888888888889 0.050488599348534204
0 0.9277777777777778 0.6294788273615635 0.03333333333333333 0.043973941368078175
0 0.4911111111111111 0.38436482084690554 0.04666666666666667 0.04234527687296417
0 0.37166666666666665 0.23778501628664495 0.04111111111111111 0.05211726384364821
0 0.095 0.7019543973941368 0.03111111111111111 0.04560260586319218
0 0.5716666666666667 0.738599348534202 0.03777777777777778 0.048859934853420196
0 0.48944444444444446 0.3558631921824104 0.044444444444444446 0.04071661237785016
0 0.8288888888888889 0.6905537459283387 0.03888888888888889 0.043973941368078175
0 0.08277777777777778 0.3737785016286645 0.025555555555555557 0.04071661237785016
0 0.9327777777777778 0.6677524429967426 0.03666666666666667 0.04560260586319218
0 0.07611111111111112 0.2899022801302932 0.027777777777777776 0.03745928338762215
0 0.07222222222222222 0.24592833876221498 0.027777777777777776 0.043973941368078175
0 0.4816666666666667 0.2899022801302932 0.04666666666666667 0.03745928338762215
0 0.4761111111111111 0.22394136807817588 0.04666666666666667 0.03745928338762215
0 0.14944444444444444 0.5708469055374593 0.02666666666666667 0.04071661237785016
0 0.08388888888888889 0.41286644951140067 0.025555555555555557 0.03745928338762215
0 0.07944444444444444 0.3306188925081433 0.025555555555555557 0.04234527687296417
0 0.5822222222222222 0.8591205211726385 0.03777777777777778 0.03257328990228013