0 0.35 0.4917763157894737 0.02666666666666667 0.04276315789473684
0 0.32222222222222224 0.4605263157894737 0.02666666666666667 0.044407894736842105
0 0.255 0.2738486842105263 0.042222222222222223 0.0625
0 0.06333333333333334 0.4284539473684211 0.042222222222222223 0.05756578947368421
0 0.7238888888888889 0.6151315789473685 0.042222222222222223 0.05756578947368421
0 0.155 0.7236842105263158 0.044444444444444446 0.0625
0 0.43222222222222223 0.5074013157894737 0.02666666666666667 0.04276315789473684
0 0.06888888888888889 0.46957236842105265 0.04111111111111111 0.05098684210526316
0 0.8788888888888889 0.2730263157894737 0.027777777777777776 0.046052631578947366
0 0.7877777777777778 0.30180921052631576 0.03666666666666667 0.05263157894736842
0 0.4255555555555556 0.46710526315789475 0.025555555555555557 0.04111842105263158
0 0.45222222222222225 0.45723684210526316 0.027777777777777776 0.04111842105263158
0 0.42944444444444446 0.38569078947368424 0.04111111111111111 0.049342105263157895
0 0.4083333333333333 0.6356907894736842 0.04 0.05263157894736842
0 0.4627777777777778 0.5345394736842105 0.027777777777777776 0.04276315789473684
0 0.33611111111111114 0.3774671052631579 0.025555555555555557 0.04111842105263158
0 0.32666666666666666 0.5 0.025555555555555557 0.039473684210526314
0 0.5761111111111111 0.2944078947368421 0.04111111111111111 0.049342105263157895
0 0.31222222222222223 0.3840460526315789 0.024444444444444446 0.04276315789473684
0 0.4577777777777778 0.4967105263157895 0.027777777777777776 0.04276315789473684
0 0.33 0.3379934210526316 0.02666666666666667 0.046052631578947366
0 0.30666666666666664 0.34375 0.02666666666666667 0.044407894736842105
0 0.8833333333333333 0.3100328947368421 0.02666666666666667 0.039473684210526314
0 0.4638888888888889 0.24424342105263158 0.051111111111111114 0.05592105263157895
0 0.7277777777777777 0.24342105263157895 0.04 0.05098684210526316
0 0.34555555555555556 0.453125 0.025555555555555557 0.039473684210526314
0 0.44666666666666666 0.4185855263157895 0.027777777777777776 0.044407894736842105
0 0.8755555555555555 0.15049342105263158 0.04 0.054276315789473686
0 0.47444444444444445 0.30838815789473684 0.04777777777777778 0.05263157894736842
0 0.34 0.4136513157894737 0.024444444444444446 0.03782894736842105
0 0.7472222222222222 0.6866776315789473 0.02666666666666667 0.046052631578947366
0 0.4583333333333333 0.912828947368421 0.02666666666666667 0.04276315789473684
0 0.8788888888888889 0.18996710526315788 0.04 0.05098684210526316
0 0.4388888888888889 0.7532894736842105 0.024444444444444446 0.04276315789473684
0 0.10222222222222223 0.740953947368421 0.04555555555555556 0.0625
0 0.41444444444444445 0.7623355263157895 0.027777777777777776 0.04276315789473684
0 0.4488888888888889 0.8330592105263158 0.024444444444444446 0.04111842105263158
0 0.165 0.8100328947368421 0.043333333333333335 0.054276315789473686
0 0.67 0.21710526315789475 0.042222222222222223 0.05756578947368421
0 0.11277777777777778 0.8289473684210527 0.044444444444444446 0.05921052631578947
0 0.4216666666666667 0.4276315789473684 0.024444444444444446 0.03782894736842105
0 0.5666666666666667 0.21217105263157895 0.04 0.046052631578947366
0 0.46555555555555556 0.7442434210526315 0.025555555555555557 0.04111842105263158
0 0.265 0.35855263157894735 0.042222222222222223 0.054276315789473686
0 0.42444444444444446 0.8379934210526315 0.02666666666666667 0.039473684210526314
0 0.26 0.3190789473684211 0.04 0.046052631578947366
0 0.9033333333333333 0.26398026315789475 0.02666666666666667 0.04276315789473684
0 0.48777777777777775 0.734375 0.025555555555555557 0.04276315789473684
0 0.45222222222222225 0.14884868421052633 0.056666666666666664 0.05263157894736842
0 0.9077777777777778 0.2993421052631579 0.024444444444444446 0.03782894736842105
0 0.10722222222222222 0.7853618421052632 0.044444444444444446 0.05592105263157895
0 0.7783333333333333 0.2236842105263158 0.03888888888888889 0.04276315789473684
0 0.4572222222222222 0.18338815789473684 0.052222222222222225 0.049342105263157895
0 0.8833333333333333 0.22615131578947367 0.04 0.049342105263157895
0 0.35388888888888886 0.5328947368421053 0.03 0.04111842105263158
0 0.4338888888888889 0.9210526315789473 0.027777777777777776 0.04276315789473684
0 0.7422222222222222 0.6504934210526315 0.02666666666666667 0.039473684210526314
0 0.49333333333333335 0.7771381578947368 0.028888888888888888 0.04276315789473684
0 0.2388888888888889 0.8667763157894737 0.028888888888888888 0.04111842105263158
0 0.44333333333333336 0.790296052631579 0.025555555555555557 0.03782894736842105
0 0.7327777777777778 0.27960526315789475 0.03888888888888889 0.05098684210526316
0 0.7233333333333334 0.696546052631579 0.02666666666666667 0.04276315789473684
0 0.8227777777777778 0.16529605263157895 0.03888888888888889 0.05263157894736842
0 0.7177777777777777 0.6570723684210527 0.025555555555555557 0.04111842105263158
0 0.41833333333333333 0.7985197368421053 0.028888888888888888 0.04111842105263158
0 0.23333333333333334 0.8264802631578947 0.027777777777777776 0.044407894736842105
0 0.5255555555555556 0.30838815789473684 0.03888888888888889 0.04276315789473684
0 0.15944444444444444 0.7689144736842105 0.04111111111111111 0.05592105263157895
0 0.4822222222222222 0.37088815789473684 0.04888888888888889 0.046052631578947366
0 0.5005555555555555 0.5197368421052632 0.03666666666666667 0.049342105263157895
0 0.8177777777777778 0.12828947368421054 0.03777777777777778 0.04276315789473684
0 0.46944444444444444 0.2779605263157895 0.05 0.046052631578947366
0 0.47833333333333333 0.34292763157894735 0.04888888888888889 0.047697368421052634
0 0.8322222222222222 0.24095394736842105 0.042222222222222223 0.06414473684210527
0 0.4538888888888889 0.875 0.02666666666666667 0.039473684210526314
0 0.5366666666666666 0.7039473684210527 0.02666666666666667 0.03453947368421053
0 0.8277777777777777 0.20230263157894737 0.03777777777777778 0.044407894736842105
0 0.46111111111111114 0.21546052631578946 0.05 0.04276315789473684
0 0.42944444444444446 0.881578947368421 0.02666666666666667 0.04276315789473684
0 0.5394444444444444 0.725328947368421 0.023333333333333334 0.027960526315789474
0 0.17555555555555555 0.4753289473684211 0.043333333333333335 0.05921052631578947
0 0.3672222222222222 0.3256578947368421 0.042222222222222223 0.05756578947368421
0 0.5155555555555555 0.22697368421052633 0.043333333333333335 0.05756578947368421
0 0.07333333333333333 0.5106907894736842 0.044444444444444446 0.05756578947368421
0 0.7677777777777778 0.14226973684210525 0.04111111111111111 0.05921052631578947
0 0.36444444444444446 0.6981907894736842 0.04111111111111111 0.054276315789473686
0 0.16444444444444445 0.3939144736842105 0.042222222222222223 0.05921052631578947
0 0.21555555555555556 0.3782894736842105 0.042222222222222223 0.05592105263157895
0 0.4177777777777778 0.3067434210526316 0.043333333333333335 0.05756578947368421
0 0.125 0.4942434210526316 0.043333333333333335 0.05756578947368421
0 0.46111111111111114 0.6167763157894737 0.042222222222222223 0.05592105263157895
0 0.35888888888888887 0.6537828947368421 0.042222222222222223 0.06085526315789474
0 0.37833333333333335 0.4029605263157895 0.04 0.05263157894736842
0 0.3705555555555556 0.7384868421052632 0.04 0.054276315789473686
0 0.20944444444444443 0.3355263157894737 0.04111111111111111 0.05756578947368421
0 0.7755555555555556 0.5962171052631579 0.043333333333333335 0.05592105263157895
0 0.6272222222222222 0.2754934210526316 0.04111111111111111 0.05592105263157895
0 0.48944444444444446 0.43832236842105265 0.04555555555555556 0.05756578947368421
0 0.7122222222222222 0.5328947368421053 0.04111111111111111 0.05756578947368421
0 0.7183333333333334 0.5740131578947368 0.04 0.054276315789473686
0 0.465 0.6611842105263158 0.04111111111111111 0.05263157894736842
0 0.6755555555555556 0.2598684210526316 0.04111111111111111 0.05263157894736842
0 0.11944444444444445 0.45394736842105265 0.042222222222222223 0.054276315789473686
0 0.53 0.3462171052631579 0.043333333333333335 0.05592105263157895
0 0.6805555555555556 0.30180921052631576 0.043333333333333335 0.05756578947368421
0 0.5605555555555556 0.16776315789473684 0.043333333333333335 0.06414473684210527
0 0.27111111111111114 0.3988486842105263 0.04 0.05098684210526316
0 0.7644444444444445 0.5139802631578947 0.042222222222222223 0.05921052631578947
0 0.8122222222222222 0.08305921052631579 0.043333333333333335 0.06578947368421052
0 0.77 0.5567434210526315 0.04111111111111111 0.05263157894736842
0 0.11388888888888889 0.41036184210526316 0.04111111111111111 0.05756578947368421
0 0.16833333333333333 0.43585526315789475 0.04111111111111111 0.05098684210526316
0 0.27555555555555555 0.43832236842105265 0.04111111111111111 0.05263157894736842
0 0.5355555555555556 0.3881578947368421 0.04111111111111111 0.05263157894736842
0 0.42 0.7195723684210527 0.042222222222222223 0.054276315789473686
0 0.5216666666666666 0.2722039473684211 0.04111111111111111 0.054276315789473686
0 0.5816666666666667 0.3314144736842105 0.042222222222222223 0.054276315789473686
0 0.47 0.7014802631578947 0.043333333333333335 0.05592105263157895
0 0.5705555555555556 0.25164473684210525 0.042222222222222223 0.054276315789473686
0 0.7222222222222222 0.20148026315789475 0.043333333333333335 0.05756578947368421
0 0.4938888888888889 0.48026315789473684 0.044444444444444446 0.054276315789473686
0 0.42388888888888887 0.3470394736842105 0.04111111111111111 0.05263157894736842
0 0.7727777777777778 0.18667763157894737 0.04 0.054276315789473686
0 0.2061111111111111 0.7064144736842105 0.04111111111111111 0.05921052631578947
0 0.3738888888888889 0.3651315789473684 0.03777777777777778 0.047697368421052634
0 0.21555555555555556 0.7911184210526315 0.044444444444444446 0.05592105263157895
0 0.6305555555555555 0.3157894736842105 0.04111111111111111 0.05098684210526316
0 0.6216666666666667 0.23355263157894737 0.043333333333333335 0.05592105263157895
0 0.4127777777777778 0.678453947368421 0.03777777777777778 0.05263157894736842
0 0.31722222222222224 0.421875 0.02666666666666667 0.039473684210526314
0 0.7822222222222223 0.2598684210526316 0.04 0.05098684210526316
0 0.21055555555555555 0.7508223684210527 0.043333333333333335 0.054276315789473686