0 0.7033333333333334 0.4548989113530327 0.030666666666666665 0.029548989113530325
0 0.5006666666666667 0.223950233281493 0.030666666666666665 0.03110419906687403
0 0.5006666666666667 0.19595645412130638 0.030666666666666665 0.024883359253499222
0 0.406 0.3818040435458787 0.03866666666666667 0.02332814930015552
0 0.8673333333333333 0.2737169517884914 0.036 0.02177293934681182
0 0.5 0.39813374805598756 0.02666666666666667 0.027993779160186624
0 0.5006666666666667 0.41135303265940903 0.028 0.02332814930015552
0 0.7026666666666667 0.6321928460342147 0.032 0.03265940902021773
0 0.29333333333333333 0.526438569206843 0.037333333333333336 0.03576982892690513
0 0.608 0.8506998444790047 0.024 0.03110419906687403
0 0.8666666666666667 0.4214618973561431 0.032 0.03421461897356143
0 0.35133333333333333 0.380248833592535 0.036 0.03265940902021773
0 0.30733333333333335 0.6710730948678072 0.030666666666666665 0.029548989113530325
0 0.36333333333333334 0.6034214618973561 0.025333333333333333 0.027993779160186624
0 0.5 0.3654743390357698 0.02666666666666667 0.03732503888024884
0 0.5806666666666667 0.5987558320373251 0.025333333333333333 0.03110419906687403
0 0.3373333333333333 0.6026438569206843 0.024 0.026438569206842923
0 0.7033333333333334 0.5248833592534993 0.030666666666666665 0.03265940902021773
0 0.5 0.44245723172628304 0.024 0.03265940902021773
0 0.49933333333333335 0.25972006220839816 0.03333333333333333 0.03421461897356143
0 0.31 0.6010886469673405 0.025333333333333333 0.029548989113530325
0 0.35 0.5629860031104199 0.03333333333333333 0.03732503888024884
0 0.702 0.6702954898911353 0.036 0.03732503888024884
0 0.6493333333333333 0.7410575427682737 0.037333333333333336 0.038880248833592534
0 0.128 0.48833592534992226 0.04 0.03732503888024884
0 0.5813333333333334 0.8149300155520995 0.02666666666666667 0.03421461897356143
0 0.594 0.7426127527216174 0.036 0.03576982892690513
0 0.128 0.8538102643856921 0.04 0.03732503888024884
0 0.812 0.34603421461897355 0.029333333333333333 0.03576982892690513
0 0.4033333333333333 0.48989113530326595 0.036 0.04043545878693624
0 0.6486666666666666 0.7799377916018663 0.03866666666666667 0.038880248833592534
0 0.3506666666666667 0.30637636080870917 0.037333333333333336 0.04043545878693624
0 0.54 0.45412130637636083 0.034666666666666665 0.04043545878693624
0 0.608 0.8149300155520995 0.02666666666666667 0.03421461897356143
0 0.3626666666666667 0.6710730948678072 0.02666666666666667 0.029548989113530325
0 0.4073333333333333 0.7068429237947123 0.03866666666666667 0.03265940902021773
0 0.338 0.6710730948678072 0.02266666666666667 0.026438569206842923
0 0.5953333333333334 0.41601866251944014 0.03866666666666667 0.038880248833592534
0 0.5946666666666667 0.3094867807153966 0.04 0.04043545878693624
0 0.5946666666666667 0.4548989113530327 0.037333333333333336 0.03576982892690513
0 0.648 0.885692068429238 0.037333333333333336 0.038880248833592534
0 0.5946666666666667 0.34914463452566097 0.04 0.038880248833592534
0 0.7033333333333334 0.3483670295489891 0.03866666666666667 0.03732503888024884
0 0.30733333333333335 0.6360808709175739 0.030666666666666665 0.03732503888024884
0 0.8666666666666667 0.3856920684292379 0.04 0.03732503888024884
0 0.758 0.34914463452566097 0.036 0.038880248833592534
0 0.6493333333333333 0.4548989113530327 0.04 0.038880248833592534
0 0.5946666666666667 0.562208398133748 0.037333333333333336 0.038880248833592534
0 0.7566666666666667 0.5637636080870918 0.04133333333333333 0.041990668740279936
0 0.4033333333333333 0.5295489891135303 0.04133333333333333 0.038880248833592534
0 0.24 0.7083981337480559 0.04 0.03576982892690513
0 0.12866666666666668 0.8133748055987559 0.036 0.04043545878693624
0 0.23933333333333334 0.5287713841368584 0.036 0.03421461897356143
0 0.18466666666666667 0.8538102643856921 0.03866666666666667 0.03732503888024884
0 0.8673333333333333 0.24027993779160187 0.036 0.038880248833592534
0 0.24 0.37791601866251945 0.037333333333333336 0.03421461897356143
0 0.702 0.8483670295489891 0.036 0.038880248833592534
0 0.33666666666666667 0.6360808709175739 0.025333333333333333 0.03421461897356143
0 0.6073333333333333 0.8864696734059098 0.025333333333333333 0.03110419906687403
0 0.18466666666666667 0.5279937791601866 0.036 0.03576982892690513
0 0.128 0.343701399688958 0.037333333333333336 0.03421461897356143
0 0.36333333333333334 0.6384136858475894 0.028 0.03265940902021773
0 0.648 0.8452566096423018 0.037333333333333336 0.038880248833592534
0 0.5546666666666666 0.30870917573872475 0.029333333333333333 0.03576982892690513
0 0.2946666666666667 0.5637636080870918 0.037333333333333336 0.03576982892690513
0 0.6066666666666667 0.6003110419906688 0.02666666666666667 0.03421461897356143
0 0.4066666666666667 0.8506998444790047 0.037333333333333336 0.03732503888024884
0 0.7573333333333333 0.7402799377916018 0.037333333333333336 0.04043545878693624
0 0.18466666666666667 0.3429237947122862 0.036 0.03265940902021773
0 0.18533333333333332 0.7076205287713841 0.037333333333333336 0.03110419906687403
0 0.29533333333333334 0.3810264385692068 0.036 0.03110419906687403
0 0.65 0.6337480559875583 0.03866666666666667 0.041990668740279936
0 0.128 0.5272161741835147 0.042666666666666665 0.04043545878693624
0 0.406 0.671850699844479 0.036 0.03421461897356143
0 0.606 0.6368584758942457 0.028 0.03576982892690513
0 0.24 0.671850699844479 0.037333333333333336 0.03421461897356143
0 0.23933333333333334 0.6329704510108864 0.03866666666666667 0.04043545878693624
0 0.18466666666666667 0.37791601866251945 0.036 0.03421461897356143
0 0.18466666666666667 0.6726283048211509 0.036 0.03265940902021773
0 0.7033333333333334 0.4175738724727838 0.03333333333333333 0.038880248833592534
0 0.704 0.307153965785381 0.034666666666666665 0.038880248833592534
0 0.756 0.885692068429238 0.037333333333333336 0.03265940902021773
0 0.23666666666666666 0.8553654743390358 0.036 0.04043545878693624
0 0.7566666666666667 0.7783825816485226 0.03866666666666667 0.03576982892690513
0 0.35133333333333333 0.34447900466562986 0.036 0.03265940902021773
0 0.758 0.6734059097978227 0.03866666666666667 0.03732503888024884
0 0.49933333333333335 0.29237947122861585 0.030666666666666665 0.03110419906687403
0 0.6493333333333333 0.5233281493001555 0.034666666666666665 0.038880248833592534
0 0.24 0.343701399688958 0.034666666666666665 0.03421461897356143
0 0.8673333333333333 0.20373250388802489 0.036 0.03421461897356143
0 0.5933333333333334 0.7799377916018663 0.04 0.03576982892690513
0 0.12933333333333333 0.7091757387247278 0.037333333333333336 0.03421461897356143
0 0.12733333333333333 0.3810264385692068 0.03866666666666667 0.03732503888024884
0 0.23733333333333334 0.8118195956454122 0.037333333333333336 0.04354587869362364
0 0.34933333333333333 0.526438569206843 0.037333333333333336 0.03576982892690513
0 0.18466666666666667 0.6345256609642301 0.03866666666666667 0.04043545878693624
0 0.7566666666666667 0.6329704510108864 0.03866666666666667 0.04354587869362364
0 0.4073333333333333 0.8110419906687403 0.03866666666666667 0.038880248833592534
0 0.2946666666666667 0.48755832037325036 0.04 0.038880248833592534
0 0.29533333333333334 0.3468118195956454 0.036 0.03421461897356143
0 0.34933333333333333 0.48755832037325036 0.037333333333333336 0.038880248833592534
0 0.18466666666666667 0.4891135303265941 0.03866666666666667 0.041990668740279936
0 0.5946666666666667 0.5241057542768274 0.032 0.03421461897356143
0 0.12933333333333333 0.6734059097978227 0.037333333333333336 0.03421461897356143
0 0.7553333333333333 0.5241057542768274 0.03866666666666667 0.03732503888024884
0 0.4073333333333333 0.3475894245723173 0.036 0.03576982892690513
0 0.4053333333333333 0.6337480559875583 0.037333333333333336 0.041990668740279936
0 0.5806666666666667 0.8522550544323484 0.028 0.03421461897356143
0 0.12866666666666668 0.6337480559875583 0.03866666666666667 0.041990668740279936
0 0.756 0.8475894245723172 0.04 0.04043545878693624
0 0.24 0.307153965785381 0.034666666666666665 0.038880248833592534
0 0.702 0.8880248833592534 0.03866666666666667 0.03732503888024884
0 0.702 0.7822706065318819 0.036 0.04043545878693624
0 0.758 0.45412130637636083 0.03866666666666667 0.04043545878693624
0 0.6486666666666666 0.6741835147744946 0.03866666666666667 0.03576982892690513
0 0.58 0.8872472783825817 0.029333333333333333 0.03265940902021773
0 0.18466666666666667 0.8141524105754276 0.03866666666666667 0.04510108864696734
0 0.184 0.30404354587869364 0.037333333333333336 0.041990668740279936
0 0.128 0.3048211508553655 0.04 0.04354587869362364
0 0.406 0.3055987558320373 0.036 0.041990668740279936
0 0.7026666666666667 0.7418351477449455 0.037333333333333336 0.04043545878693624
0 0.5413333333333333 0.4152410575427683 0.032 0.03421461897356143
0 0.7586666666666667 0.3094867807153966 0.034666666666666665 0.03732503888024884
0 0.65 0.562208398133748 0.036 0.03576982892690513
0 0.8666666666666667 0.3499222395023328 0.037333333333333336 0.03421461897356143
0 0.4573333333333333 0.3833592534992224 0.034666666666666665 0.03576982892690513
0 0.866 0.3110419906687403 0.03866666666666667 0.04043545878693624
0 0.4573333333333333 0.343701399688958 0.034666666666666665 0.04043545878693624
0 0.6493333333333333 0.30793157076205285 0.037333333333333336 0.03421461897356143
0 0.296 0.30793157076205285 0.037333333333333336 0.04043545878693624
0 0.6486666666666666 0.41601866251944014 0.036 0.038880248833592534
0 0.812 0.3856920684292379 0.034666666666666665 0.03732503888024884
0 0.704 0.562208398133748 0.04 0.038880248833592534
0 0.23933333333333334 0.4891135303265941 0.03866666666666667 0.04510108864696734
0 0.7566666666666667 0.4175738724727838 0.036 0.03576982892690513
0 0.6486666666666666 0.34603421461897355 0.036 0.038880248833592534