0 0.43444444444444447 0.2040983606557377 0.04 0.05081967213114754
0 0.7027777777777777 0.3704918032786885 0.03777777777777778 0.05081967213114754
0 0.465 0.5877049180327869 0.03888888888888889 0.04590163934426229
0 0.8716666666666667 0.5270491803278688 0.03777777777777778 0.04918032786885246
0 0.5533333333333333 0.41475409836065574 0.035555555555555556 0.040983606557377046
0 0.4683333333333333 0.6270491803278688 0.04 0.04918032786885246
0 0.17555555555555555 0.8524590163934426 0.03888888888888889 0.054098360655737705
0 0.08666666666666667 0.38934426229508196 0.04 0.054098360655737705
0 0.3238888888888889 0.760655737704918 0.04 0.054098360655737705
0 0.8816666666666667 0.6565573770491804 0.03777777777777778 0.054098360655737705
0 0.21 0.6385245901639345 0.03777777777777778 0.047540983606557376
0 0.5605555555555556 0.5 0.03777777777777778 0.05245901639344262
0 0.20722222222222222 0.5967213114754099 0.03666666666666667 0.05081967213114754
0 0.7311111111111112 0.7032786885245902 0.03777777777777778 0.047540983606557376
0 0.6327777777777778 0.7467213114754099 0.035555555555555556 0.047540983606557376
0 0.22666666666666666 0.8459016393442623 0.03666666666666667 0.04918032786885246
0 0.6588888888888889 0.45491803278688525 0.03777777777777778 0.05081967213114754
0 0.6366666666666667 0.7877049180327869 0.034444444444444444 0.04918032786885246
0 0.9183333333333333 0.4860655737704918 0.03888888888888889 0.04590163934426229
0 0.5638888888888889 0.5467213114754098 0.03888888888888889 0.05573770491803279
0 0.2788888888888889 0.8475409836065574 0.03888888888888889 0.05245901639344262
0 0.4027777777777778 0.4672131147540984 0.035555555555555556 0.04590163934426229
0 0.23 0.8860655737704918 0.03666666666666667 0.05081967213114754
0 0.8605555555555555 0.4057377049180328 0.03777777777777778 0.04918032786885246
0 0.08055555555555556 0.30655737704918035 0.03888888888888889 0.05081967213114754
0 0.49944444444444447 0.3581967213114754 0.04777777777777778 0.04918032786885246
0 0.6794444444444444 0.7040983606557377 0.034444444444444444 0.047540983606557376
0 0.2338888888888889 0.9270491803278689 0.03777777777777778 0.05081967213114754
0 0.1461111111111111 0.47622950819672133 0.03777777777777778 0.047540983606557376
0 0.13777777777777778 0.3901639344262295 0.03666666666666667 0.04918032786885246
0 0.9444444444444444 0.7770491803278688 0.03888888888888889 0.05245901639344262
0 0.8672222222222222 0.4852459016393443 0.03666666666666667 0.047540983606557376
0 0.9372222222222222 0.6942622950819672 0.04 0.05245901639344262
0 0.32055555555555554 0.7163934426229508 0.04 0.05245901639344262
0 0.48833333333333334 0.8762295081967213 0.04 0.04918032786885246
0 0.5477777777777778 0.3319672131147541 0.03777777777777778 0.047540983606557376
0 0.43 0.7967213114754098 0.03777777777777778 0.04918032786885246
0 0.485 0.1901639344262295 0.04666666666666667 0.04426229508196721
0 0.1638888888888889 0.7229508196721312 0.04 0.05245901639344262
0 0.4266666666666667 0.7565573770491804 0.03888888888888889 0.04918032786885246
0 0.9522222222222222 0.8573770491803279 0.04 0.05245901639344262
0 0.48777777777777775 0.22459016393442624 0.04555555555555556 0.047540983606557376
0 0.4955555555555556 0.9622950819672131 0.04 0.05573770491803279
0 0.6466666666666666 0.9073770491803279 0.03888888888888889 0.04590163934426229
0 0.64 0.8295081967213115 0.035555555555555556 0.04590163934426229
0 0.31666666666666665 0.6754098360655738 0.03888888888888889 0.05245901639344262
0 0.16 0.6811475409836065 0.03777777777777778 0.04918032786885246
0 0.8777777777777778 0.6131147540983607 0.03333333333333333 0.04426229508196721
0 0.4766666666666667 0.7524590163934426 0.03888888888888889 0.047540983606557376
0 0.745 0.8696721311475409 0.03333333333333333 0.04426229508196721
0 0.15888888888888889 0.6401639344262295 0.03666666666666667 0.047540983606557376
0 0.28944444444444445 0.9737704918032787 0.03777777777777778 0.047540983606557376
0 0.485 0.8368852459016394 0.03888888888888889 0.047540983606557376
0 0.9483333333333334 0.8163934426229508 0.03777777777777778 0.047540983606557376
0 0.735 0.7434426229508196 0.03888888888888889 0.05081967213114754
0 0.9555555555555556 0.9016393442622951 0.04 0.05245901639344262
0 0.15166666666666667 0.5581967213114755 0.03888888888888889 0.05081967213114754
0 0.9416666666666667 0.7360655737704918 0.03888888888888889 0.04918032786885246
0 0.7983333333333333 0.2836065573770492 0.03777777777777778 0.05245901639344262
0 0.6972222222222222 0.909016393442623 0.035555555555555556 0.054098360655737705
0 0.7388888888888889 0.7844262295081967 0.03666666666666667 0.047540983606557376
0 0.49166666666666664 0.9172131147540984 0.04 0.04918032786885246
0 0.43333333333333335 0.8368852459016394 0.03777777777777778 0.05081967213114754
0 0.4961111111111111 0.3254098360655738 0.044444444444444446 0.040983606557377046
0 0.49 0.2581967213114754 0.04666666666666667 0.036065573770491806
0 0.6438888888888888 0.8704918032786885 0.03888888888888889 0.040983606557377046
0 0.7483333333333333 0.910655737704918 0.035555555555555556 0.047540983606557376
0 0.16722222222222222 0.7647540983606558 0.03111111111111111 0.04590163934426229
0 0.6955555555555556 0.8688524590163934 0.03777777777777778 0.03442622950819672
0 0.5461111111111111 0.7901639344262295 0.028888888888888888 0.04262295081967213
0 0.5122222222222222 0.5426229508196722 0.04111111111111111 0.040983606557377046
0 0.44055555555555553 0.919672131147541 0.035555555555555556 0.04590163934426229
0 0.15555555555555556 0.6008196721311475 0.03888888888888889 0.05081967213114754
0 0.6761111111111111 0.6614754098360656 0.03777777777777778 0.047540983606557376
0 0.07722222222222222 0.26311475409836066 0.03777777777777778 0.05573770491803279
0 0.9327777777777778 0.6508196721311476 0.03777777777777778 0.04918032786885246
0 0.6494444444444445 0.9557377049180328 0.04111111111111111 0.05737704918032787
0 0.755 0.3680327868852459 0.03888888888888889 0.05245901639344262
0 0.17166666666666666 0.8073770491803278 0.03888888888888889 0.04918032786885246
0 0.7416666666666667 0.8254098360655737 0.03666666666666667 0.05245901639344262
0 0.6872222222222222 0.7868852459016393 0.03777777777777778 0.04918032786885246
0 0.39666666666666667 0.38114754098360654 0.03888888888888889 0.04918032786885246
0 0.2833333333333333 0.25573770491803277 0.03888888888888889 0.05081967213114754
0 0.38555555555555554 0.24918032786885247 0.04 0.05901639344262295
0 0.7272222222222222 0.6622950819672131 0.03888888888888889 0.05245901639344262
0 0.4811111111111111 0.7934426229508197 0.03888888888888889 0.054098360655737705
0 0.42 0.6729508196721311 0.035555555555555556 0.04918032786885246
0 0.08333333333333333 0.3483606557377049 0.03777777777777778 0.047540983606557376
0 0.2866666666666667 0.9319672131147541 0.03777777777777778 0.05245901639344262
0 0.8738888888888889 0.5713114754098361 0.03333333333333333 0.05081967213114754
0 0.18666666666666668 0.3475409836065574 0.03666666666666667 0.04918032786885246
0 0.3422222222222222 0.3434426229508197 0.03888888888888889 0.05573770491803279
0 0.7472222222222222 0.28442622950819674 0.03777777777777778 0.05081967213114754
0 0.23722222222222222 0.34262295081967215 0.03888888888888889 0.05081967213114754
0 0.18944444444444444 0.38688524590163936 0.03777777777777778 0.04918032786885246
0 0.8566666666666667 0.3663934426229508 0.03888888888888889 0.04590163934426229
0 0.445 0.9639344262295082 0.04 0.05573770491803279
0 0.14833333333333334 0.5163934426229508 0.03888888888888889 0.04918032786885246
0 0.6555555555555556 0.4122950819672131 0.03888888888888889 0.054098360655737705
0 0.6488888888888888 0.3319672131147541 0.03777777777777778 0.054098360655737705
0 0.1827777777777778 0.30245901639344264 0.03666666666666667 0.05245901639344262
0 0.6411111111111111 0.2442622950819672 0.04 0.05081967213114754
0 0.29888888888888887 0.46885245901639344 0.04 0.05081967213114754
0 0.6116666666666667 0.49918032786885247 0.03777777777777778 0.05081967213114754
0 0.30333333333333334 0.510655737704918 0.03888888888888889 0.047540983606557376
0 0.63 0.7065573770491803 0.04 0.05081967213114754
0 0.3927777777777778 0.3401639344262295 0.03888888888888889 0.05081967213114754
0 0.6983333333333334 0.3295081967213115 0.03888888888888889 0.05245901639344262
0 0.7583333333333333 0.41475409836065574 0.03777777777777778 0.05245901639344262
0 0.6727777777777778 0.6188524590163934 0.03888888888888889 0.05081967213114754
0 0.4444444444444444 0.3377049180327869 0.03333333333333333 0.047540983606557376
0 0.24388888888888888 0.4278688524590164 0.03888888888888889 0.05081967213114754
0 0.41333333333333333 0.589344262295082 0.04 0.04918032786885246
0 0.3988888888888889 0.4245901639344262 0.03888888888888889 0.054098360655737705
0 0.6216666666666667 0.6229508196721312 0.03777777777777778 0.05245901639344262
0 0.7138888888888889 0.4934426229508197 0.035555555555555556 0.047540983606557376
0 0.19944444444444445 0.5139344262295082 0.04 0.05081967213114754
0 0.2866666666666667 0.2975409836065574 0.03888888888888889 0.05081967213114754
0 0.8416666666666667 0.1918032786885246 0.04 0.05737704918032787
0 0.455 0.45901639344262296 0.03888888888888889 0.05245901639344262
0 0.24833333333333332 0.46967213114754097 0.04 0.04918032786885246
0 0.805 0.36721311475409835 0.03777777777777778 0.05081967213114754
0 0.2927777777777778 0.38278688524590165 0.04 0.05245901639344262
0 0.2961111111111111 0.42704918032786887 0.03666666666666667 0.04918032786885246
0 0.795 0.24098360655737705 0.03777777777777778 0.05081967213114754
0 0.24055555555555555 0.3844262295081967 0.03888888888888889 0.05245901639344262
0 0.7433333333333333 0.24262295081967214 0.034444444444444444 0.04918032786885246
0 0.645 0.28688524590163933 0.03777777777777778 0.04918032786885246
0 0.6916666666666667 0.2442622950819672 0.03666666666666667 0.05081967213114754
0 0.5944444444444444 0.2901639344262295 0.03888888888888889 0.05245901639344262
0 0.6511111111111111 0.3721311475409836 0.034444444444444444 0.040983606557377046
0 0.4483333333333333 0.3819672131147541 0.03666666666666667 0.05081967213114754
0 0.7411111111111112 0.19508196721311474 0.03777777777777778 0.05737704918032787
0 0.7055555555555556 0.4122950819672131 0.03666666666666667 0.04918032786885246
0 0.27555555555555555 0.8040983606557377 0.04 0.05081967213114754
0 0.8016666666666666 0.3254098360655738 0.03777777777777778 0.04918032786885246
0 0.19111111111111112 0.42704918032786887 0.03777777777777778 0.05245901639344262
0 0.8127777777777778 0.45081967213114754 0.03888888888888889 0.05573770491803279
0 0.2127777777777778 0.680327868852459 0.03888888888888889 0.05245901639344262
0 0.46111111111111114 0.5467213114754098 0.03777777777777778 0.05245901639344262
0 0.905 0.3188524590163934 0.03777777777777778 0.05245901639344262
0 0.2311111111111111 0.25573770491803277 0.03888888888888889 0.05737704918032787
0 0.4716666666666667 0.6688524590163935 0.042222222222222223 0.054098360655737705
0 0.44166666666666665 0.29508196721311475 0.035555555555555556 0.05081967213114754
0 0.7166666666666667 0.5352459016393443 0.03666666666666667 0.05081967213114754
0 0.5911111111111111 0.24672131147540985 0.03888888888888889 0.05081967213114754
0 0.3055555555555556 0.5516393442622951 0.04 0.05081967213114754
0 0.5572222222222222 0.4557377049180328 0.03666666666666667 0.05245901639344262
0 0.255 0.5524590163934426 0.04 0.05245901639344262
0 0.9261111111111111 0.569672131147541 0.04 0.05245901639344262
0 0.4583333333333333 0.5049180327868853 0.035555555555555556 0.04918032786885246
0 0.8461111111111111 0.23852459016393443 0.03888888888888889 0.05245901639344262
0 0.6655555555555556 0.5377049180327869 0.04111111111111111 0.04918032786885246
0 0.5083333333333333 0.4959016393442623 0.044444444444444446 0.05737704918032787
0 0.27944444444444444 0.2081967213114754 0.03888888888888889 0.05737704918032787
0 0.6377777777777778 0.19754098360655736 0.03888888888888889 0.05245901639344262
0 0.22666666666666666 0.2098360655737705 0.04 0.05081967213114754
0 0.6916666666666667 0.8311475409836065 0.03888888888888889 0.05081967213114754
0 0.43777777777777777 0.8803278688524591 0.03666666666666667 0.05245901639344262
0 0.14166666666666666 0.4319672131147541 0.03888888888888889 0.05573770491803279
0 0.12944444444444445 0.2598360655737705 0.03888888888888889 0.06229508196721312
0 0.7088888888888889 0.4532786885245902 0.035555555555555556 0.04590163934426229
0 0.5044444444444445 0.42213114754098363 0.04888888888888889 0.04590163934426229
0 0.5027777777777778 0.39262295081967213 0.044444444444444446 0.03770491803278689
0 0.4161111111111111 0.6295081967213115 0.04 0.047540983606557376
0 0.43666666666666665 0.2483606557377049 0.04 0.054098360655737705
0 0.27166666666666667 0.760655737704918 0.03777777777777778 0.05245901639344262
0 0.265 0.6770491803278689 0.03888888888888889 0.05245901639344262
0 0.6688888888888889 0.578688524590164 0.03777777777777778 0.047540983606557376
0 0.6883333333333334 0.19836065573770492 0.035555555555555556 0.05245901639344262
0 0.4066666666666667 0.5073770491803279 0.03666666666666667 0.04918032786885246
0 0.6155555555555555 0.5418032786885246 0.03666666666666667 0.04918032786885246
0 0.3088888888888889 0.5918032786885246 0.035555555555555556 0.04918032786885246
0 0.915 0.44754098360655736 0.03666666666666667 0.04918032786885246
0 0.8527777777777777 0.32459016393442625 0.03666666666666667 0.05081967213114754
0 0.9083333333333333 0.3622950819672131 0.03888888888888889 0.05081967213114754
0 0.2222222222222222 0.8057377049180328 0.035555555555555556 0.05081967213114754
0 0.6955555555555556 0.28688524590163933 0.03777777777777778 0.04918032786885246
0 0.9283333333333333 0.6122950819672132 0.03777777777777778 0.047540983606557376
0 0.9222222222222223 0.5254098360655738 0.03777777777777778 0.05245901639344262
0 0.195 0.4713114754098361 0.035555555555555556 0.047540983606557376
0 0.21555555555555556 0.7221311475409836 0.03888888888888889 0.047540983606557376
0 0.85 0.28032786885245903 0.04111111111111111 0.05081967213114754
0 0.2827777777777778 0.889344262295082 0.04 0.05081967213114754
0 0.6833333333333333 0.7459016393442623 0.03888888888888889 0.05081967213114754
0 0.6183333333333333 0.5819672131147541 0.03666666666666667 0.04918032786885246
0 0.07222222222222222 0.21721311475409835 0.03777777777777778 0.05081967213114754
0 0.20333333333333334 0.5557377049180328 0.03777777777777778 0.04918032786885246
0 0.5988888888888889 0.3336065573770492 0.035555555555555556 0.05245901639344262
0 0.23444444444444446 0.3016393442622951 0.035555555555555556 0.04590163934426229
0 0.55 0.3762295081967213 0.034444444444444444 0.05081967213114754
0 0.13444444444444445 0.34918032786885245 0.034444444444444444 0.047540983606557376
0 0.25166666666666665 0.510655737704918 0.03777777777777778 0.047540983606557376
0 0.6255555555555555 0.6647540983606557 0.03666666666666667 0.05081967213114754
0 0.3888888888888889 0.2959016393442623 0.03777777777777778 0.05081967213114754
0 0.7511111111111111 0.32704918032786884 0.03777777777777778 0.05245901639344262
0 0.7233333333333334 0.6196721311475409 0.04 0.05245901639344262
0 0.5877777777777777 0.19918032786885245 0.03777777777777778 0.05573770491803279
0 0.42333333333333334 0.7147540983606557 0.04 0.05081967213114754
0 0.72 0.5778688524590164 0.03777777777777778 0.05081967213114754
0 0.17944444444444443 0.2573770491803279 0.035555555555555556 0.05245901639344262
0 0.865 0.44672131147540983 0.03777777777777778 0.04918032786885246
0 0.8094444444444444 0.4081967213114754 0.035555555555555556 0.04590163934426229
0 0.7911111111111111 0.19344262295081968 0.03666666666666667 0.054098360655737705
0 0.6622222222222223 0.4967213114754098 0.03777777777777778 0.04918032786885246
0 0.6072222222222222 0.45737704918032784 0.03666666666666667 0.04918032786885246
0 0.45166666666666666 0.419672131147541 0.034444444444444444 0.040983606557377046
0 0.21944444444444444 0.7639344262295082 0.03777777777777778 0.04918032786885246
0 0.4738888888888889 0.7114754098360656 0.04 0.05081967213114754
0 0.6044444444444445 0.4163934426229508 0.035555555555555556 0.04426229508196721
0 0.25833333333333336 0.5934426229508196 0.03777777777777778 0.05081967213114754
0 0.13277777777777777 0.30655737704918035 0.03666666666666667 0.05081967213114754
0 0.26055555555555554 0.6344262295081967 0.035555555555555556 0.04590163934426229
0 0.9138888888888889 0.4057377049180328 0.03777777777777778 0.04918032786885246
0 0.31333333333333335 0.6327868852459017 0.03888888888888889 0.047540983606557376
0 0.4088888888888889 0.5475409836065573 0.03888888888888889 0.047540983606557376
0 0.49277777777777776 0.29098360655737704 0.05 0.05081967213114754
0 0.29 0.34098360655737703 0.03666666666666667 0.047540983606557376
0 0.6016666666666667 0.3778688524590164 0.035555555555555556 0.04918032786885246
0 0.2683333333333333 0.719672131147541 0.03666666666666667 0.04918032786885246
0 0.23833333333333334 0.9729508196721312 0.04111111111111111 0.05245901639344262