0 0.24 0.7894736842105263 0.03333333333333333 0.039473684210526314
0 0.49944444444444447 0.34786184210526316 0.04777777777777778 0.03289473684210526
0 0.49944444444444447 0.31167763157894735 0.043333333333333335 0.03782894736842105
0 0.49944444444444447 0.37911184210526316 0.043333333333333335 0.03289473684210526
0 0.49833333333333335 0.4934210526315789 0.043333333333333335 0.029605263157894735
0 0.9094444444444445 0.49917763157894735 0.034444444444444444 0.03782894736842105
0 0.49944444444444447 0.14638157894736842 0.04111111111111111 0.03289473684210526
0 0.9088888888888889 0.33305921052631576 0.035555555555555556 0.03782894736842105
0 0.8061111111111111 0.49917763157894735 0.03222222222222222 0.04111842105263158
0 0.49833333333333335 0.2787828947368421 0.04111111111111111 0.027960526315789474
0 0.23833333333333334 0.5008223684210527 0.03222222222222222 0.03782894736842105
0 0.5111111111111111 0.7467105263157895 0.024444444444444446 0.029605263157894735
0 0.2388888888888889 0.37417763157894735 0.035555555555555556 0.024671052631578948
0 0.49944444444444447 0.17845394736842105 0.04111111111111111 0.03782894736842105
0 0.4988888888888889 0.21217105263157895 0.044444444444444446 0.029605263157894735
0 0.9105555555555556 0.915296052631579 0.03222222222222222 0.047697368421052634
0 0.23944444444444443 0.7508223684210527 0.034444444444444444 0.04111842105263158
0 0.8072222222222222 0.8725328947368421 0.034444444444444444 0.03782894736842105
0 0.2411111111111111 0.9177631578947368 0.035555555555555556 0.046052631578947366
0 0.24055555555555555 0.8774671052631579 0.034444444444444444 0.03782894736842105
0 0.8072222222222222 0.7886513157894737 0.034444444444444444 0.044407894736842105
0 0.9116666666666666 0.8717105263157895 0.034444444444444444 0.03618421052631579
0 0.705 0.8725328947368421 0.03222222222222222 0.04111842105263158
0 0.39444444444444443 0.4605263157894737 0.035555555555555556 0.049342105263157895
0 0.6005555555555555 0.33223684210526316 0.03666666666666667 0.046052631578947366
0 0.8072222222222222 0.7483552631578947 0.034444444444444444 0.039473684210526314
0 0.08166666666666667 0.5863486842105263 0.03222222222222222 0.044407894736842105
0 0.6005555555555555 0.41776315789473684 0.03222222222222222 0.03618421052631579
0 0.6533333333333333 0.8717105263157895 0.03333333333333333 0.03618421052631579
0 0.9094444444444445 0.5797697368421053 0.034444444444444444 0.03782894736842105
0 0.49777777777777776 0.2450657894736842 0.042222222222222223 0.039473684210526314
0 0.8061111111111111 0.3338815789473684 0.034444444444444444 0.04276315789473684
0 0.91 0.6200657894736842 0.03333333333333333 0.04276315789473684
0 0.91 0.6611842105263158 0.03111111111111111 0.039473684210526314
0 0.1361111111111111 0.5838815789473685 0.034444444444444444 0.04276315789473684
0 0.24 0.6661184210526315 0.03333333333333333 0.039473684210526314
0 0.8066666666666666 0.7072368421052632 0.03333333333333333 0.04276315789473684
0 0.2411111111111111 0.8338815789473685 0.035555555555555556 0.049342105263157895
0 0.6527777777777778 0.7475328947368421 0.034444444444444444 0.03782894736842105
0 0.08277777777777778 0.2935855263157895 0.034444444444444444 0.03782894736842105
0 0.9083333333333333 0.4588815789473684 0.034444444444444444 0.04276315789473684
0 0.8061111111111111 0.9120065789473685 0.034444444444444444 0.04111842105263158
0 0.23944444444444443 0.5830592105263158 0.034444444444444444 0.04111842105263158
0 0.08166666666666667 0.2080592105263158 0.03666666666666667 0.047697368421052634
0 0.9105555555555556 0.7467105263157895 0.03666666666666667 0.03618421052631579
0 0.23777777777777778 0.16200657894736842 0.03333333333333333 0.05098684210526316
0 0.135 0.15953947368421054 0.034444444444444444 0.04276315789473684
0 0.5494444444444444 0.7467105263157895 0.03 0.039473684210526314
0 0.7038888888888889 0.665296052631579 0.03222222222222222 0.04111842105263158
0 0.7027777777777777 0.49917763157894735 0.03222222222222222 0.044407894736842105
0 0.9105555555555556 0.787828947368421 0.034444444444444444 0.046052631578947366
0 0.8066666666666666 0.5814144736842105 0.03333333333333333 0.04111842105263158
0 0.08166666666666667 0.25493421052631576 0.03888888888888889 0.04276315789473684
0 0.23944444444444443 0.625 0.034444444444444444 0.04276315789473684
0 0.9088888888888889 0.4152960526315789 0.03333333333333333 0.04111842105263158
0 0.8066666666666666 0.625 0.03333333333333333 0.039473684210526314
0 0.7555555555555555 0.7055921052631579 0.035555555555555556 0.039473684210526314
0 0.39555555555555555 0.33223684210526316 0.03111111111111111 0.039473684210526314
0 0.9094444444444445 0.540296052631579 0.034444444444444444 0.04111842105263158
0 0.8072222222222222 0.8322368421052632 0.034444444444444444 0.04276315789473684
0 0.135 0.5024671052631579 0.034444444444444444 0.04111842105263158
0 0.7561111111111111 0.8725328947368421 0.034444444444444444 0.04111842105263158
0 0.9088888888888889 0.16036184210526316 0.035555555555555556 0.044407894736842105
0 0.8061111111111111 0.6644736842105263 0.034444444444444444 0.04276315789473684
0 0.24055555555555555 0.7088815789473685 0.034444444444444444 0.046052631578947366
0 0.7566666666666667 0.790296052631579 0.03333333333333333 0.044407894736842105
0 0.5494444444444444 0.9177631578947368 0.03666666666666667 0.04276315789473684
0 0.6533333333333333 0.5411184210526315 0.03111111111111111 0.03289473684210526
0 0.1361111111111111 0.5435855263157895 0.03222222222222222 0.04111842105263158
0 0.08333333333333333 0.41776315789473684 0.035555555555555556 0.04276315789473684
0 0.705 0.9144736842105263 0.034444444444444444 0.04276315789473684
0 0.805 0.15953947368421054 0.03222222222222222 0.046052631578947366
0 0.705 0.5797697368421053 0.03 0.04111842105263158
0 0.7044444444444444 0.8322368421052632 0.035555555555555556 0.039473684210526314
0 0.705 0.7491776315789473 0.034444444444444444 0.04111842105263158
0 0.55 0.3314144736842105 0.03333333333333333 0.03782894736842105
0 0.185 0.29194078947368424 0.03 0.044407894736842105
0 0.91 0.8330592105263158 0.035555555555555556 0.04111842105263158
0 0.08222222222222222 0.1611842105263158 0.03777777777777778 0.046052631578947366
0 0.6522222222222223 0.45723684210526316 0.03333333333333333 0.03289473684210526
0 0.7027777777777777 0.33305921052631576 0.034444444444444444 0.04111842105263158
0 0.08333333333333333 0.5460526315789473 0.03333333333333333 0.039473684210526314
0 0.6533333333333333 0.7064144736842105 0.03333333333333333 0.047697368421052634
0 0.23777777777777778 0.20559210526315788 0.03111111111111111 0.03618421052631579
0 0.39444444444444443 0.41694078947368424 0.03111111111111111 0.04111842105263158
0 0.1338888888888889 0.20394736842105263 0.03666666666666667 0.046052631578947366
0 0.6533333333333333 0.8330592105263158 0.035555555555555556 0.04111842105263158
0 0.8066666666666666 0.5411184210526315 0.03333333333333333 0.039473684210526314
0 0.9111111111111111 0.7055921052631579 0.035555555555555556 0.046052631578947366
0 0.135 0.4194078947368421 0.034444444444444444 0.04276315789473684
0 0.5505555555555556 0.15707236842105263 0.034444444444444444 0.047697368421052634
0 0.7555555555555555 0.8322368421052632 0.03333333333333333 0.039473684210526314
0 0.5494444444444444 0.24835526315789475 0.03222222222222222 0.046052631578947366
0 0.8555555555555555 0.20394736842105263 0.035555555555555556 0.046052631578947366
0 0.5483333333333333 0.7064144736842105 0.03222222222222222 0.04111842105263158
0 0.5488888888888889 0.8314144736842105 0.035555555555555556 0.03782894736842105
0 0.5483333333333333 0.8725328947368421 0.034444444444444444 0.044407894736842105
0 0.755 0.6217105263157895 0.034444444444444444 0.04276315789473684
0 0.8066666666666666 0.375 0.03111111111111111 0.039473684210526314
0 0.805 0.4152960526315789 0.034444444444444444 0.04111842105263158
0 0.34444444444444444 0.15789473684210525 0.03333333333333333 0.046052631578947366
0 0.8566666666666667 0.2902960526315789 0.03111111111111111 0.04111842105263158
0 0.135 0.3774671052631579 0.03222222222222222 0.04111842105263158
0 0.395 0.37335526315789475 0.03 0.04276315789473684
0 0.7566666666666667 0.915296052631579 0.03777777777777778 0.044407894736842105
0 0.23777777777777778 0.3338815789473684 0.03333333333333333 0.04276315789473684
0 0.9088888888888889 0.2944078947368421 0.035555555555555556 0.039473684210526314
0 0.6527777777777778 0.6644736842105263 0.034444444444444444 0.039473684210526314
0 0.6516666666666666 0.37417763157894735 0.034444444444444444 0.04111842105263158
0 0.7544444444444445 0.37664473684210525 0.03333333333333333 0.039473684210526314
0 0.2388888888888889 0.5411184210526315 0.03333333333333333 0.04276315789473684
0 0.2388888888888889 0.4144736842105263 0.035555555555555556 0.046052631578947366
0 0.755 0.5411184210526315 0.034444444444444444 0.04276315789473684
0 0.7555555555555555 0.5805921052631579 0.03333333333333333 0.039473684210526314
0 0.7038888888888889 0.7080592105263158 0.034444444444444444 0.04111842105263158
0 0.6005555555555555 0.4555921052631579 0.03 0.039473684210526314
0 0.8055555555555556 0.25 0.035555555555555556 0.04276315789473684
0 0.7544444444444445 0.6644736842105263 0.035555555555555556 0.04276315789473684
0 0.08277777777777778 0.4613486842105263 0.034444444444444444 0.044407894736842105
0 0.2922222222222222 0.15953947368421054 0.035555555555555556 0.046052631578947366
0 0.39555555555555555 0.15953947368421054 0.035555555555555556 0.046052631578947366
0 0.08333333333333333 0.5049342105263158 0.035555555555555556 0.04276315789473684
0 0.13555555555555557 0.4613486842105263 0.035555555555555556 0.04111842105263158
0 0.55 0.2935855263157895 0.03333333333333333 0.04111842105263158
0 0.3438888888888889 0.2894736842105263 0.03222222222222222 0.039473684210526314
0 0.8566666666666667 0.24753289473684212 0.035555555555555556 0.04111842105263158
0 0.8561111111111112 0.15871710526315788 0.034444444444444444 0.044407894736842105
0 0.49833333333333335 0.45148026315789475 0.03888888888888889 0.047697368421052634
0 0.8566666666666667 0.4185855263157895 0.03333333333333333 0.047697368421052634
0 0.8055555555555556 0.29194078947368424 0.035555555555555556 0.04111842105263158
0 0.7044444444444444 0.5394736842105263 0.03333333333333333 0.03618421052631579
0 0.13444444444444445 0.25082236842105265 0.035555555555555556 0.044407894736842105
0 0.6527777777777778 0.7894736842105263 0.03666666666666667 0.046052631578947366
0 0.7038888888888889 0.6233552631578947 0.03222222222222222 0.04276315789473684
0 0.135 0.3347039473684211 0.034444444444444444 0.04111842105263158
0 0.8061111111111111 0.45805921052631576 0.03222222222222222 0.044407894736842105
0 0.3433333333333333 0.24917763157894737 0.03333333333333333 0.04111842105263158
0 0.08222222222222222 0.3347039473684211 0.035555555555555556 0.044407894736842105
0 0.9094444444444445 0.20723684210526316 0.03666666666666667 0.04276315789473684
0 0.6511111111111111 0.2886513157894737 0.03333333333333333 0.047697368421052634
0 0.5505555555555556 0.6241776315789473 0.034444444444444444 0.04111842105263158
0 0.705 0.7911184210526315 0.034444444444444444 0.04276315789473684
0 0.9077777777777778 0.2524671052631579 0.035555555555555556 0.044407894736842105
0 0.6533333333333333 0.9144736842105263 0.03777777777777778 0.049342105263157895
0 0.7027777777777777 0.45805921052631576 0.03222222222222222 0.03782894736842105
0 0.9088888888888889 0.37335526315789475 0.035555555555555556 0.04276315789473684
0 0.55 0.6644736842105263 0.03333333333333333 0.04276315789473684
0 0.4461111111111111 0.3347039473684211 0.03222222222222222 0.044407894736842105
0 0.7544444444444445 0.4564144736842105 0.035555555555555556 0.04111842105263158
0 0.23777777777777778 0.24753289473684212 0.03333333333333333 0.044407894736842105
0 0.08277777777777778 0.3782894736842105 0.034444444444444444 0.04276315789473684
0 0.755 0.7483552631578947 0.03666666666666667 0.04276315789473684
0 0.135 0.2935855263157895 0.034444444444444444 0.04111842105263158
0 0.6011111111111112 0.2878289473684211 0.03333333333333333 0.046052631578947366
0 0.8055555555555556 0.20723684210526316 0.03333333333333333 0.04276315789473684
0 0.55 0.4597039473684211 0.03333333333333333 0.04111842105263158
0 0.7544444444444445 0.4161184210526316 0.035555555555555556 0.039473684210526314
0 0.5494444444444444 0.790296052631579 0.03666666666666667 0.044407894736842105
0 0.29055555555555557 0.37582236842105265 0.034444444444444444 0.044407894736842105
0 0.3433333333333333 0.3314144736842105 0.03333333333333333 0.044407894736842105
0 0.8572222222222222 0.33223684210526316 0.034444444444444444 0.04276315789473684
0 0.55 0.540296052631579 0.03333333333333333 0.04111842105263158
0 0.6527777777777778 0.6241776315789473 0.034444444444444444 0.044407894736842105
0 0.39555555555555555 0.20559210526315788 0.035555555555555556 0.04276315789473684
0 0.5505555555555556 0.203125 0.034444444444444444 0.044407894736842105
0 0.7027777777777777 0.37335526315789475 0.03222222222222222 0.039473684210526314
0 0.755 0.4975328947368421 0.034444444444444444 0.04111842105263158
0 0.5494444444444444 0.5 0.034444444444444444 0.039473684210526314
0 0.8566666666666667 0.37335526315789475 0.03333333333333333 0.04276315789473684
0 0.23833333333333334 0.4597039473684211 0.034444444444444444 0.044407894736842105
0 0.6516666666666666 0.33223684210526316 0.034444444444444444 0.04276315789473684
0 0.5494444444444444 0.5822368421052632 0.034444444444444444 0.04276315789473684
0 0.2922222222222222 0.20641447368421054 0.035555555555555556 0.044407894736842105
0 0.7544444444444445 0.2894736842105263 0.03111111111111111 0.046052631578947366
0 0.39444444444444443 0.24835526315789475 0.035555555555555556 0.04276315789473684
0 0.7544444444444445 0.3347039473684211 0.03333333333333333 0.044407894736842105
0 0.7022222222222222 0.4152960526315789 0.03333333333333333 0.044407894736842105
0 0.6522222222222223 0.5805921052631579 0.035555555555555556 0.04276315789473684
0 0.44666666666666666 0.2894736842105263 0.03333333333333333 0.046052631578947366
0 0.3433333333333333 0.37582236842105265 0.03333333333333333 0.04111842105263158
0 0.6016666666666667 0.37664473684210525 0.03666666666666667 0.046052631578947366
0 0.7027777777777777 0.2886513157894737 0.03222222222222222 0.047697368421052634
0 0.55 0.37335526315789475 0.03111111111111111 0.04276315789473684
0 0.2922222222222222 0.24917763157894737 0.035555555555555556 0.04111842105263158
0 0.2911111111111111 0.3338815789473684 0.035555555555555556 0.04276315789473684
0 0.23777777777777778 0.2911184210526316 0.03333333333333333 0.04276315789473684
0 0.3433333333333333 0.20559210526315788 0.035555555555555556 0.046052631578947366
0 0.6522222222222223 0.49917763157894735 0.035555555555555556 0.047697368421052634
0 0.3438888888888889 0.41776315789473684 0.034444444444444444 0.046052631578947366
0 0.2922222222222222 0.29194078947368424 0.03777777777777778 0.044407894736842105
0 0.39611111111111114 0.2911184210526316 0.034444444444444444 0.04276315789473684
0 0.6516666666666666 0.41694078947368424 0.034444444444444444 0.044407894736842105
0 0.5494444444444444 0.41776315789473684 0.03222222222222222 0.04276315789473684