0 0.172 0.8930769230769231 0.037333333333333336 0.03538461538461538
0 0.59 0.6715384615384615 0.036 0.038461538461538464
0 0.3973333333333333 0.8561538461538462 0.037333333333333336 0.03538461538461538
0 0.7553333333333333 0.8876923076923077 0.036 0.033846153846153845
0 0.2846666666666667 0.8561538461538462 0.03866666666666667 0.038461538461538464
0 0.7006666666666667 0.8861538461538462 0.036 0.033846153846153845
0 0.5353333333333333 0.8892307692307693 0.036 0.03076923076923077
0 0.39666666666666667 0.7476923076923077 0.036 0.033846153846153845
0 0.284 0.7107692307692308 0.037333333333333336 0.033846153846153845
0 0.8666666666666667 0.7092307692307692 0.04 0.04
0 0.3393333333333333 0.30846153846153845 0.03333333333333333 0.038461538461538464
0 0.7546666666666667 0.67 0.034666666666666665 0.03230769230769231
0 0.112 0.49538461538461537 0.032 0.03076923076923077
0 0.534 0.7807692307692308 0.036 0.038461538461538464
0 0.7546666666666667 0.8146153846153846 0.037333333333333336 0.03230769230769231
0 0.45066666666666666 0.71 0.034666666666666665 0.02923076923076923
0 0.3393333333333333 0.6392307692307693 0.03333333333333333 0.03230769230769231
0 0.6993333333333334 0.8161538461538461 0.036 0.02923076923076923
0 0.8666666666666667 0.5707692307692308 0.04 0.04
0 0.2853333333333333 0.7846153846153846 0.037333333333333336 0.033846153846153845
0 0.7 0.7061538461538461 0.037333333333333336 0.03076923076923077
0 0.8106666666666666 0.6730769230769231 0.037333333333333336 0.03538461538461538
0 0.17066666666666666 0.6392307692307693 0.037333333333333336 0.03538461538461538
0 0.2853333333333333 0.8184615384615385 0.037333333333333336 0.033846153846153845
0 0.49133333333333334 0.22230769230769232 0.028 0.02923076923076923
0 0.534 0.3830769230769231 0.03866666666666667 0.04
0 0.5353333333333333 0.8176923076923077 0.03333333333333333 0.03230769230769231
0 0.5346666666666666 0.6738461538461539 0.034666666666666665 0.033846153846153845
0 0.112 0.4584615384615385 0.037333333333333336 0.04
0 0.5893333333333334 0.8884615384615384 0.04 0.038461538461538464
0 0.17066666666666666 0.6053846153846154 0.037333333333333336 0.03230769230769231
0 0.7006666666666667 0.85 0.036 0.03538461538461538
0 0.4513333333333333 0.7830769230769231 0.036 0.033846153846153845
0 0.4513333333333333 0.7446153846153846 0.036 0.036923076923076927
0 0.2833333333333333 0.38384615384615384 0.036 0.03230769230769231
0 0.7533333333333333 0.27 0.037333333333333336 0.04153846153846154
0 0.5346666666666666 0.5661538461538461 0.037333333333333336 0.043076923076923075
0 0.284 0.6761538461538461 0.037333333333333336 0.03538461538461538
0 0.7 0.7815384615384615 0.037333333333333336 0.036923076923076927
0 0.8093333333333333 0.38384615384615384 0.037333333333333336 0.03538461538461538
0 0.8653333333333333 0.49230769230769234 0.04 0.036923076923076927
0 0.2833333333333333 0.4584615384615385 0.036 0.033846153846153845
0 0.536 0.6030769230769231 0.034666666666666665 0.03076923076923077
0 0.8653333333333333 0.4553846153846154 0.04 0.036923076923076927
0 0.81 0.6369230769230769 0.03866666666666667 0.036923076923076927
0 0.284 0.5676923076923077 0.037333333333333336 0.04
0 0.11266666666666666 0.5684615384615385 0.03866666666666667 0.03538461538461538
0 0.6446666666666667 0.7815384615384615 0.036 0.036923076923076927
0 0.59 0.7823076923076923 0.03866666666666667 0.03538461538461538
0 0.39666666666666667 0.5676923076923077 0.036 0.033846153846153845
0 0.534 0.7446153846153846 0.036 0.033846153846153845
0 0.3413333333333333 0.8207692307692308 0.037333333333333336 0.038461538461538464
0 0.3973333333333333 0.7815384615384615 0.034666666666666665 0.033846153846153845
0 0.754 0.8507692307692307 0.036 0.036923076923076927
0 0.8666666666666667 0.6084615384615385 0.042666666666666665 0.03538461538461538
0 0.5893333333333334 0.8192307692307692 0.037333333333333336 0.03538461538461538
0 0.8106666666666666 0.7092307692307692 0.04 0.036923076923076927
0 0.3406666666666667 0.713076923076923 0.036 0.03230769230769231
0 0.8093333333333333 0.41846153846153844 0.037333333333333336 0.036923076923076927
0 0.7546666666666667 0.7076923076923077 0.037333333333333336 0.04
0 0.3973333333333333 0.8938461538461538 0.037333333333333336 0.036923076923076927
0 0.2833333333333333 0.49615384615384617 0.03333333333333333 0.03230769230769231
0 0.3406666666666667 0.38461538461538464 0.036 0.033846153846153845
0 0.112 0.3476923076923077 0.037333333333333336 0.033846153846153845
0 0.44866666666666666 0.3476923076923077 0.03333333333333333 0.03076923076923077
0 0.5346666666666666 0.6384615384615384 0.034666666666666665 0.036923076923076927
0 0.6993333333333334 0.6384615384615384 0.03333333333333333 0.033846153846153845
0 0.8646666666666667 0.41923076923076924 0.03866666666666667 0.03538461538461538
0 0.3953333333333333 0.3853846153846154 0.036 0.03538461538461538
0 0.8086666666666666 0.31153846153846154 0.03866666666666667 0.03538461538461538
0 0.7 0.7430769230769231 0.037333333333333336 0.036923076923076927
0 0.17 0.49615384615384617 0.036 0.03230769230769231
0 0.2833333333333333 0.5307692307692308 0.036 0.033846153846153845
0 0.6446666666666667 0.8184615384615385 0.036 0.036923076923076927
0 0.284 0.6392307692307693 0.037333333333333336 0.038461538461538464
0 0.8646666666666667 0.3076923076923077 0.03866666666666667 0.04
0 0.17 0.31076923076923074 0.036 0.036923076923076927
0 0.6993333333333334 0.34384615384615386 0.03333333333333333 0.03538461538461538
0 0.754 0.3823076923076923 0.036 0.03538461538461538
0 0.34 0.6761538461538461 0.034666666666666665 0.038461538461538464
0 0.45 0.6376923076923077 0.036 0.03538461538461538
0 0.5893333333333334 0.7446153846153846 0.037333333333333336 0.04
0 0.16933333333333334 0.57 0.04 0.04153846153846154
0 0.3406666666666667 0.7838461538461539 0.03866666666666667 0.03538461538461538
0 0.5346666666666666 0.4946153846153846 0.032 0.03230769230769231
0 0.8093333333333333 0.4553846153846154 0.037333333333333336 0.033846153846153845
0 0.17066666666666666 0.3476923076923077 0.037333333333333336 0.033846153846153845
0 0.7533333333333333 0.3484615384615385 0.037333333333333336 0.03230769230769231
0 0.39666666666666667 0.6753846153846154 0.036 0.036923076923076927
0 0.4493333333333333 0.5638461538461539 0.034666666666666665 0.03230769230769231
0 0.5893333333333334 0.6369230769230769 0.034666666666666665 0.03076923076923077
0 0.8653333333333333 0.5307692307692308 0.04 0.036923076923076927
0 0.284 0.6038461538461538 0.037333333333333336 0.03230769230769231
0 0.114 0.6061538461538462 0.03866666666666667 0.04
0 0.7533333333333333 0.31153846153846154 0.037333333333333336 0.038461538461538464
0 0.45 0.6746153846153846 0.036 0.038461538461538464
0 0.6993333333333334 0.3830769230769231 0.036 0.04
0 0.3393333333333333 0.46 0.036 0.033846153846153845
0 0.5893333333333334 0.7076923076923077 0.037333333333333336 0.033846153846153845
0 0.17 0.5315384615384615 0.03866666666666667 0.03538461538461538
0 0.44866666666666666 0.4207692307692308 0.036 0.03538461538461538
0 0.4513333333333333 0.82 0.036 0.036923076923076927
0 0.11266666666666666 0.4176923076923077 0.03866666666666667 0.038461538461538464
0 0.5346666666666666 0.5284615384615384 0.034666666666666665 0.03230769230769231
0 0.7546666666666667 0.6369230769230769 0.037333333333333336 0.033846153846153845
0 0.7546666666666667 0.7769230769230769 0.037333333333333336 0.04
0 0.112 0.53 0.04 0.03538461538461538
0 0.3406666666666667 0.3476923076923077 0.03333333333333333 0.036923076923076927
0 0.6453333333333333 0.7453846153846154 0.037333333333333336 0.03538461538461538
0 0.7553333333333333 0.4546153846153846 0.036 0.03230769230769231
0 0.22733333333333333 0.2723076923076923 0.03866666666666667 0.04
0 0.39866666666666667 0.82 0.037333333333333336 0.036923076923076927
0 0.6446666666666667 0.71 0.036 0.03230769230769231
0 0.45 0.4946153846153846 0.036 0.03230769230769231
0 0.396 0.4584615384615385 0.037333333333333336 0.033846153846153845
0 0.44866666666666666 0.31 0.03333333333333333 0.038461538461538464
0 0.39666666666666667 0.6015384615384616 0.036 0.033846153846153845
0 0.8093333333333333 0.27076923076923076 0.04 0.043076923076923075
0 0.81 0.6007692307692307 0.03866666666666667 0.03538461538461538
0 0.34 0.6038461538461538 0.034666666666666665 0.038461538461538464
0 0.6993333333333334 0.45692307692307693 0.036 0.033846153846153845
0 0.396 0.3484615384615385 0.034666666666666665 0.038461538461538464
0 0.3953333333333333 0.4946153846153846 0.03333333333333333 0.03538461538461538
0 0.5353333333333333 0.71 0.036 0.03538461538461538
0 0.644 0.45615384615384613 0.037333333333333336 0.03538461538461538
0 0.3973333333333333 0.7123076923076923 0.037333333333333336 0.036923076923076927
0 0.6446666666666667 0.6730769230769231 0.03866666666666667 0.038461538461538464
0 0.4493333333333333 0.5276923076923077 0.037333333333333336 0.033846153846153845
0 0.808 0.34923076923076923 0.037333333333333336 0.036923076923076927
0 0.7553333333333333 0.6015384615384616 0.036 0.036923076923076927
0 0.22666666666666666 0.46153846153846156 0.037333333333333336 0.036923076923076927
0 0.492 0.30230769230769233 0.02666666666666667 0.016923076923076923
0 0.49133333333333334 0.26153846153846155 0.03333333333333333 0.03230769230769231
0 0.49333333333333335 0.28615384615384615 0.02666666666666667 0.018461538461538463
0 0.5886666666666667 0.45615384615384613 0.03866666666666667 0.038461538461538464
0 0.396 0.30923076923076925 0.037333333333333336 0.04
0 0.396 0.5315384615384615 0.034666666666666665 0.03538461538461538
0 0.2833333333333333 0.4207692307692308 0.036 0.038461538461538464
0 0.644 0.5284615384615384 0.037333333333333336 0.03538461538461538
0 0.7546666666666667 0.5284615384615384 0.037333333333333336 0.038461538461538464
0 0.588 0.53 0.037333333333333336 0.03538461538461538
0 0.81 0.5615384615384615 0.03866666666666667 0.043076923076923075
0 0.7546666666666667 0.41923076923076924 0.037333333333333336 0.03538461538461538
0 0.22533333333333333 0.3123076923076923 0.037333333333333336 0.036923076923076927
0 0.5346666666666666 0.30923076923076925 0.037333333333333336 0.04
0 0.644 0.38384615384615384 0.037333333333333336 0.03538461538461538
0 0.6993333333333334 0.49230769230769234 0.036 0.036923076923076927
0 0.644 0.34615384615384615 0.037333333333333336 0.036923076923076927
0 0.282 0.3076923076923077 0.03866666666666667 0.043076923076923075
0 0.4493333333333333 0.4584615384615385 0.04 0.036923076923076927
0 0.6433333333333333 0.41923076923076924 0.03866666666666667 0.03538461538461538
0 0.7 0.5653846153846154 0.037333333333333336 0.03538461538461538
0 0.5886666666666667 0.34692307692307695 0.03333333333333333 0.03230769230769231
0 0.5346666666666666 0.42153846153846153 0.034666666666666665 0.033846153846153845
0 0.44866666666666666 0.38384615384615384 0.036 0.038461538461538464
0 0.396 0.6392307692307693 0.037333333333333336 0.03538461538461538
0 0.588 0.4207692307692308 0.034666666666666665 0.03538461538461538
0 0.5886666666666667 0.4938461538461538 0.036 0.036923076923076927
0 0.34 0.42230769230769233 0.034666666666666665 0.038461538461538464
0 0.22666666666666666 0.3869230769230769 0.04 0.038461538461538464
0 0.644 0.49153846153846154 0.037333333333333336 0.03538461538461538
0 0.6993333333333334 0.53 0.036 0.03538461538461538
0 0.6446666666666667 0.6007692307692307 0.036 0.03538461538461538
0 0.644 0.5653846153846154 0.034666666666666665 0.03538461538461538
0 0.49133333333333334 0.41307692307692306 0.028 0.04461538461538461
0 0.49066666666666664 0.36923076923076925 0.032 0.043076923076923075
0 0.6446666666666667 0.6376923076923077 0.036 0.03538461538461538
0 0.7546666666666667 0.5661538461538461 0.037333333333333336 0.033846153846153845
0 0.754 0.48923076923076925 0.036 0.036923076923076927
0 0.5893333333333334 0.30923076923076925 0.037333333333333336 0.036923076923076927
0 0.45 0.5992307692307692 0.036 0.038461538461538464
0 0.11066666666666666 0.31 0.04 0.038461538461538464
0 0.396 0.4230769230769231 0.037333333333333336 0.036923076923076927
0 0.17066666666666666 0.4207692307692308 0.037333333333333336 0.04153846153846154
0 0.2826666666666667 0.3484615384615385 0.037333333333333336 0.03538461538461538
0 0.5873333333333334 0.3823076923076923 0.036 0.03538461538461538
0 0.644 0.3076923076923077 0.034666666666666665 0.04
0 0.7 0.6007692307692307 0.037333333333333336 0.03538461538461538
0 0.17066666666666666 0.27307692307692305 0.037333333333333336 0.04153846153846154
0 0.3393333333333333 0.53 0.036 0.03538461538461538
0 0.5893333333333334 0.6030769230769231 0.037333333333333336 0.033846153846153845
0 0.3393333333333333 0.49538461538461537 0.036 0.033846153846153845
0 0.226 0.3484615384615385 0.036 0.03538461538461538
0 0.22666666666666666 0.4246153846153846 0.037333333333333336 0.036923076923076927
0 0.7006666666666667 0.42230769230769233 0.036 0.03538461538461538
0 0.5886666666666667 0.5653846153846154 0.03866666666666667 0.038461538461538464
0 0.8646666666666667 0.34692307692307695 0.03866666666666667 0.03538461538461538
0 0.534 0.45692307692307693 0.036 0.04
0 0.8093333333333333 0.49153846153846154 0.037333333333333336 0.04153846153846154
0 0.644 0.8546153846153847 0.037333333333333336 0.03538461538461538
0 0.3406666666666667 0.8923076923076924 0.03866666666666667 0.036923076923076927
0 0.6993333333333334 0.6723076923076923 0.036 0.033846153846153845
0 0.45066666666666666 0.8546153846153847 0.032 0.02923076923076923
0 0.11466666666666667 0.8207692307692308 0.037333333333333336 0.038461538461538464
0 0.17133333333333334 0.7115384615384616 0.036 0.038461538461538464
0 0.34 0.5661538461538461 0.034666666666666665 0.033846153846153845
0 0.11466666666666667 0.8592307692307692 0.04 0.038461538461538464
0 0.114 0.6776923076923077 0.036 0.03538461538461538
0 0.114 0.713076923076923 0.03866666666666667 0.03538461538461538
0 0.5886666666666667 0.8530769230769231 0.036 0.03230769230769231
0 0.8646666666666667 0.38384615384615384 0.036 0.03538461538461538
0 0.49266666666666664 0.19384615384615383 0.028 0.024615384615384615
0 0.6446666666666667 0.8892307692307693 0.036 0.03076923076923077
0 0.3406666666666667 0.7476923076923077 0.036 0.033846153846153845
0 0.114 0.8961538461538462 0.03866666666666667 0.03538461538461538
0 0.11466666666666667 0.7823076923076923 0.04 0.03538461538461538
0 0.3413333333333333 0.8576923076923076 0.037333333333333336 0.03538461538461538
0 0.17066666666666666 0.7853846153846153 0.037333333333333336 0.038461538461538464
0 0.11466666666666667 0.6430769230769231 0.037333333333333336 0.033846153846153845
0 0.11266666666666666 0.3823076923076923 0.036 0.03230769230769231
0 0.2846666666666667 0.7476923076923077 0.03866666666666667 0.036923076923076927
0 0.8666666666666667 0.6707692307692308 0.037333333333333336 0.036923076923076927
0 0.17266666666666666 0.8530769230769231 0.03866666666666667 0.038461538461538464
0 0.81 0.5253846153846153 0.036 0.02
0 0.17066666666666666 0.6738461538461539 0.037333333333333336 0.033846153846153845
0 0.5346666666666666 0.3453846153846154 0.037333333333333336 0.02
0 0.17133333333333334 0.46153846153846156 0.036 0.036923076923076927
0 0.5353333333333333 0.8538461538461538 0.036 0.04
0 0.4513333333333333 0.8884615384615384 0.03333333333333333 0.038461538461538464
0 0.17133333333333334 0.7469230769230769 0.036 0.03230769230769231
0 0.7546666666666667 0.7430769230769231 0.037333333333333336 0.021538461538461538
0 0.8746666666666667 0.64 0.037333333333333336 0.03076923076923077
0 0.11533333333333333 0.7476923076923077 0.036 0.03076923076923077
0 0.17 0.3823076923076923 0.03333333333333333 0.03230769230769231
0 0.6986666666666667 0.30923076923076925 0.037333333333333336 0.024615384615384615
0 0.17133333333333334 0.82 0.03866666666666667 0.021538461538461538