0 0.09666666666666666 0.328099173553719 0.035555555555555556 0.04297520661157025
0 0.15555555555555556 0.6520661157024793 0.035555555555555556 0.04462809917355372
0 0.20333333333333334 0.5305785123966942 0.03666666666666667 0.04297520661157025
0 0.20277777777777778 0.4925619834710744 0.034444444444444444 0.04297520661157025
0 0.865 0.20909090909090908 0.03777777777777778 0.04628099173553719
0 0.825 0.6611570247933884 0.03777777777777778 0.047933884297520664
0 0.5116666666666667 0.359504132231405 0.042222222222222223 0.04132231404958678
0 0.7211111111111111 0.6264462809917355 0.035555555555555556 0.04628099173553719
0 0.7155555555555555 0.38264462809917354 0.034444444444444444 0.04132231404958678
0 0.6672222222222223 0.5074380165289256 0.035555555555555556 0.04297520661157025
0 0.8144444444444444 0.20743801652892563 0.03666666666666667 0.049586776859504134
0 0.6144444444444445 0.43140495867768597 0.03333333333333333 0.04462809917355372
0 0.7161111111111111 0.42479338842975206 0.03333333333333333 0.049586776859504134
0 0.29888888888888887 0.14380165289256197 0.03666666666666667 0.04628099173553719
0 0.15611111111111112 0.812396694214876 0.03777777777777778 0.047933884297520664
0 0.1527777777777778 0.5735537190082645 0.03666666666666667 0.04297520661157025
0 0.6133333333333333 0.39008264462809916 0.034444444444444444 0.047933884297520664
0 0.7683333333333333 0.4628099173553719 0.03666666666666667 0.04297520661157025
0 0.2538888888888889 0.40826446280991735 0.03111111111111111 0.03966942148760331
0 0.4627777777777778 0.5206611570247934 0.035555555555555556 0.04297520661157025
0 0.7655555555555555 0.3 0.035555555555555556 0.04462809917355372
0 0.8177777777777778 0.38099173553719007 0.034444444444444444 0.04628099173553719
0 0.9144444444444444 0.11570247933884298 0.04 0.05289256198347107
0 0.4633333333333333 0.5578512396694215 0.035555555555555556 0.04462809917355372
0 0.5072222222222222 0.15867768595041323 0.043333333333333335 0.04297520661157025
0 0.41 0.5239669421487604 0.03222222222222222 0.04132231404958678
0 0.35833333333333334 0.4859504132231405 0.034444444444444444 0.04462809917355372
0 0.20444444444444446 0.5710743801652892 0.035555555555555556 0.04462809917355372
0 0.35055555555555556 0.14214876033057852 0.03666666666666667 0.05454545454545454
0 0.7177777777777777 0.509090909090909 0.034444444444444444 0.04628099173553719
0 0.7694444444444445 0.5024793388429752 0.035555555555555556 0.04297520661157025
0 0.7738888888888888 0.6652892561983471 0.035555555555555556 0.04462809917355372
0 0.5588888888888889 0.26859504132231404 0.035555555555555556 0.049586776859504134
0 0.6605555555555556 0.2206611570247934 0.035555555555555556 0.04462809917355372
0 0.46055555555555555 0.39834710743801655 0.03333333333333333 0.03966942148760331
0 0.8183333333333334 0.3396694214876033 0.034444444444444444 0.04297520661157025
0 0.5116666666666667 0.43140495867768597 0.042222222222222223 0.047933884297520664
0 0.14833333333333334 0.328099173553719 0.034444444444444444 0.04462809917355372
0 0.6566666666666666 0.12892561983471074 0.03777777777777778 0.05289256198347107
0 0.6127777777777778 0.3487603305785124 0.034444444444444444 0.04462809917355372
0 0.14944444444444444 0.3685950413223141 0.034444444444444444 0.04628099173553719
0 0.305 0.4049586776859504 0.035555555555555556 0.04462809917355372
0 0.7727777777777778 0.6247933884297521 0.03666666666666667 0.04628099173553719
0 0.7122222222222222 0.2611570247933884 0.03333333333333333 0.04297520661157025
0 0.6661111111111111 0.428099173553719 0.034444444444444444 0.04628099173553719
0 0.7638888888888888 0.25867768595041324 0.03666666666666667 0.04462809917355372
0 0.3011111111111111 0.18760330578512396 0.035555555555555556 0.04628099173553719
0 0.5577777777777778 0.18099173553719008 0.035555555555555556 0.04628099173553719
0 0.14944444444444444 0.4115702479338843 0.03333333333333333 0.04297520661157025
0 0.35555555555555557 0.3603305785123967 0.03333333333333333 0.04132231404958678
0 0.41388888888888886 0.6421487603305785 0.03888888888888889 0.04462809917355372
0 0.8155555555555556 0.2545454545454545 0.035555555555555556 0.047933884297520664
0 0.4083333333333333 0.4 0.035555555555555556 0.04628099173553719
0 0.7694444444444445 0.4223140495867769 0.03666666666666667 0.047933884297520664
0 0.35388888888888886 0.31983471074380165 0.03666666666666667 0.04628099173553719
0 0.8216666666666667 0.5380165289256198 0.034444444444444444 0.04628099173553719
0 0.6094444444444445 0.22396694214876034 0.03333333333333333 0.04297520661157025
0 0.7711111111111111 0.5429752066115703 0.035555555555555556 0.04462809917355372
0 0.665 0.3859504132231405 0.03333333333333333 0.04132231404958678
0 0.67 0.6338842975206611 0.03777777777777778 0.04462809917355372
0 0.25055555555555553 0.28429752066115704 0.034444444444444444 0.04462809917355372
0 0.20222222222222222 0.45289256198347105 0.03333333333333333 0.04297520661157025
0 0.4061111111111111 0.31735537190082647 0.034444444444444444 0.04297520661157025
0 0.255 0.44958677685950416 0.034444444444444444 0.04462809917355372
0 0.8622222222222222 0.11652892561983472 0.04 0.05289256198347107
0 0.5077777777777778 0.2256198347107438 0.04555555555555556 0.04462809917355372
0 0.5305555555555556 0.7140495867768595 0.02666666666666667 0.047933884297520664
0 0.9177777777777778 0.2462809917355372 0.03666666666666667 0.03966942148760331
0 0.20722222222222222 0.7710743801652893 0.034444444444444444 0.03801652892561983
0 0.415 0.6859504132231405 0.03777777777777778 0.04297520661157025
0 0.4661111111111111 0.6801652892561983 0.03333333333333333 0.04462809917355372
0 0.5694444444444444 0.7115702479338843 0.035555555555555556 0.04297520661157025
0 0.57 0.7520661157024794 0.03888888888888889 0.0512396694214876
0 0.415 0.7206611570247934 0.03888888888888889 0.05289256198347107
0 0.9211111111111111 0.32975206611570246 0.035555555555555556 0.04462809917355372
0 0.57 0.7958677685950413 0.03888888888888889 0.04297520661157025
0 0.8172222222222222 0.2983471074380165 0.034444444444444444 0.04628099173553719
0 0.4661111111111111 0.7173553719008264 0.03777777777777778 0.049586776859504134
0 0.09944444444444445 0.4132231404958678 0.035555555555555556 0.03471074380165289
0 0.7161111111111111 0.4669421487603306 0.034444444444444444 0.04462809917355372
0 0.6144444444444445 0.47107438016528924 0.035555555555555556 0.04132231404958678
0 0.51 0.25950413223140495 0.044444444444444446 0.03305785123966942
0 0.20555555555555555 0.7322314049586777 0.03666666666666667 0.04297520661157025
0 0.2088888888888889 0.8520661157024794 0.034444444444444444 0.04462809917355372
0 0.82 0.4991735537190083 0.03222222222222222 0.03636363636363636
0 0.6711111111111111 0.7099173553719008 0.034444444444444444 0.04462809917355372
0 0.6222222222222222 0.8785123966942149 0.03777777777777778 0.04628099173553719
0 0.8288888888888889 0.8727272727272727 0.03888888888888889 0.04462809917355372
0 0.6211111111111111 0.7925619834710744 0.03666666666666667 0.04297520661157025
0 0.5688888888888889 0.6735537190082644 0.03666666666666667 0.04297520661157025
0 0.5138888888888888 0.4826446280991736 0.04 0.049586776859504134
0 0.5116666666666667 0.3256198347107438 0.042222222222222223 0.03636363636363636
0 0.6716666666666666 0.6727272727272727 0.035555555555555556 0.03966942148760331
0 0.5072222222222222 0.19090909090909092 0.04555555555555556 0.03140495867768595
0 0.31333333333333335 0.8892561983471075 0.03777777777777778 0.04628099173553719
0 0.7738888888888888 0.7057851239669422 0.035555555555555556 0.04628099173553719
0 0.19777777777777777 0.19917355371900827 0.035555555555555556 0.047933884297520664
0 0.30277777777777776 0.32148760330578513 0.03666666666666667 0.049586776859504134
0 0.2088888888888889 0.8950413223140495 0.035555555555555556 0.047933884297520664
0 0.6216666666666667 0.8347107438016529 0.03666666666666667 0.047933884297520664
0 0.3111111111111111 0.7661157024793388 0.035555555555555556 0.04462809917355372
0 0.3111111111111111 0.6479338842975206 0.03666666666666667 0.047933884297520664
0 0.5705555555555556 0.8355371900826446 0.03666666666666667 0.04297520661157025
0 0.20666666666666667 0.6495867768595042 0.035555555555555556 0.04297520661157025
0 0.5705555555555556 0.8809917355371901 0.04 0.0512396694214876
0 0.4083333333333333 0.4413223140495868 0.03666666666666667 0.04628099173553719
0 0.8255555555555556 0.7041322314049587 0.035555555555555556 0.04462809917355372
0 0.30777777777777776 0.5669421487603306 0.03333333333333333 0.04297520661157025
0 0.7777777777777778 0.8776859504132232 0.03888888888888889 0.049586776859504134
0 0.62 0.7528925619834711 0.035555555555555556 0.04628099173553719
0 0.8261111111111111 0.743801652892562 0.034444444444444444 0.047933884297520664
0 0.31222222222222223 0.8479338842975207 0.03666666666666667 0.04297520661157025
0 0.7766666666666666 0.7462809917355372 0.035555555555555556 0.04462809917355372
0 0.7227777777777777 0.6694214876033058 0.03777777777777778 0.04462809917355372
0 0.3111111111111111 0.687603305785124 0.034444444444444444 0.04132231404958678
0 0.9166666666666666 0.2066115702479339 0.03666666666666667 0.04628099173553719
0 0.5683333333333334 0.6347107438016529 0.03666666666666667 0.04462809917355372
0 0.7761111111111111 0.7867768595041322 0.035555555555555556 0.04297520661157025
0 0.15722222222222224 0.8528925619834711 0.035555555555555556 0.03966942148760331
0 0.31222222222222223 0.8082644628099174 0.03666666666666667 0.04628099173553719
0 0.31 0.7264462809917356 0.03666666666666667 0.04462809917355372
0 0.3061111111111111 0.4462809917355372 0.03666666666666667 0.04462809917355372
0 0.8705555555555555 0.41570247933884297 0.03333333333333333 0.03966942148760331
0 0.4111111111111111 0.5611570247933885 0.03333333333333333 0.04132231404958678
0 0.9194444444444444 0.28677685950413223 0.03777777777777778 0.047933884297520664
0 0.6194444444444445 0.7115702479338843 0.035555555555555556 0.04628099173553719
0 0.8666666666666667 0.2958677685950413 0.035555555555555556 0.03801652892561983
0 0.7133333333333334 0.30165289256198347 0.03333333333333333 0.04462809917355372
0 0.7227777777777777 0.7090909090909091 0.035555555555555556 0.04462809917355372
0 0.5105555555555555 0.29173553719008266 0.04111111111111111 0.04132231404958678
0 0.8277777777777777 0.7867768595041322 0.03666666666666667 0.047933884297520664
0 0.30777777777777776 0.5272727272727272 0.03222222222222222 0.03966942148760331
0 0.6722222222222223 0.7528925619834711 0.03777777777777778 0.047933884297520664
0 0.20777777777777778 0.8099173553719008 0.034444444444444444 0.04297520661157025
0 0.09888888888888889 0.45206611570247934 0.03666666666666667 0.04628099173553719
0 0.7777777777777778 0.8297520661157025 0.03888888888888889 0.05289256198347107
0 0.9222222222222223 0.37107438016528926 0.03888888888888889 0.04462809917355372
0 0.15611111111111112 0.7702479338842976 0.03222222222222222 0.04132231404958678
0 0.15555555555555556 0.7322314049586777 0.034444444444444444 0.03966942148760331
0 0.8283333333333334 0.8297520661157025 0.03888888888888889 0.047933884297520664
0 0.5672222222222222 0.5942148760330579 0.03666666666666667 0.04628099173553719
0 0.3088888888888889 0.6066115702479339 0.035555555555555556 0.04462809917355372
0 0.20555555555555555 0.6909090909090909 0.034444444444444444 0.04628099173553719
0 0.6194444444444445 0.6305785123966943 0.034444444444444444 0.04297520661157025
0 0.7261111111111112 0.8322314049586776 0.03666666666666667 0.04628099173553719
0 0.14722222222222223 0.2834710743801653 0.034444444444444444 0.0512396694214876
0 0.7233333333333334 0.7479338842975206 0.03333333333333333 0.04462809917355372
0 0.19722222222222222 0.15206611570247933 0.035555555555555556 0.049586776859504134
0 0.8666666666666667 0.2537190082644628 0.035555555555555556 0.049586776859504134
0 0.1511111111111111 0.49421487603305786 0.035555555555555556 0.03966942148760331
0 0.61 0.26611570247933886 0.03333333333333333 0.04462809917355372
0 0.7183333333333334 0.5487603305785124 0.034444444444444444 0.03966942148760331
0 0.8244444444444444 0.6214876033057851 0.035555555555555556 0.04132231404958678
0 0.7238888888888889 0.7900826446280992 0.035555555555555556 0.04297520661157025
0 0.5066666666666667 0.12479338842975207 0.04666666666666667 0.03801652892561983
0 0.20555555555555555 0.6090909090909091 0.03111111111111111 0.03966942148760331
0 0.8133333333333334 0.16446280991735537 0.035555555555555556 0.04628099173553719
0 0.6194444444444445 0.6702479338842975 0.035555555555555556 0.04297520661157025
0 0.15444444444444444 0.6115702479338843 0.035555555555555556 0.04297520661157025
0 0.3038888888888889 0.36363636363636365 0.035555555555555556 0.04132231404958678
0 0.4661111111111111 0.6396694214876033 0.03888888888888889 0.04628099173553719
0 0.15722222222222224 0.8983471074380165 0.03777777777777778 0.0512396694214876
0 0.8711111111111111 0.3752066115702479 0.034444444444444444 0.04462809917355372
0 0.6177777777777778 0.5512396694214876 0.03333333333333333 0.03966942148760331
0 0.9155555555555556 0.1628099173553719 0.03777777777777778 0.04462809917355372
0 0.0961111111111111 0.28677685950413223 0.035555555555555556 0.04628099173553719
0 0.5661111111111111 0.5140495867768595 0.035555555555555556 0.04132231404958678
0 0.15722222222222224 0.6942148760330579 0.035555555555555556 0.04628099173553719
0 0.7194444444444444 0.5851239669421487 0.034444444444444444 0.04297520661157025
0 0.30277777777777776 0.2801652892561983 0.03666666666666667 0.04628099173553719
0 0.4111111111111111 0.6008264462809917 0.035555555555555556 0.047933884297520664
0 0.7722222222222223 0.5834710743801653 0.035555555555555556 0.04297520661157025
0 0.15222222222222223 0.5322314049586777 0.034444444444444444 0.04628099173553719
0 0.6177777777777778 0.5900826446280992 0.03333333333333333 0.04462809917355372
0 0.8627777777777778 0.16446280991735537 0.03888888888888889 0.04628099173553719
0 0.19777777777777777 0.2421487603305785 0.03666666666666667 0.04462809917355372
0 0.09944444444444445 0.4983471074380165 0.03888888888888889 0.049586776859504134
0 0.4633333333333333 0.5991735537190083 0.035555555555555556 0.04462809917355372
0 0.6666666666666666 0.46859504132231405 0.035555555555555556 0.04132231404958678
0 0.5672222222222222 0.5520661157024793 0.03666666666666667 0.047933884297520664
0 0.35388888888888886 0.2785123966942149 0.03666666666666667 0.04628099173553719
0 0.6622222222222223 0.30578512396694213 0.03333333333333333 0.04297520661157025
0 0.8194444444444444 0.45950413223140496 0.034444444444444444 0.04462809917355372
0 0.6683333333333333 0.5479338842975207 0.03666666666666667 0.047933884297520664
0 0.3511111111111111 0.19008264462809918 0.03333333333333333 0.047933884297520664
0 0.24888888888888888 0.1925619834710744 0.03666666666666667 0.05289256198347107
0 0.4072222222222222 0.3578512396694215 0.034444444444444444 0.04462809917355372
0 0.25222222222222224 0.3652892561983471 0.035555555555555556 0.047933884297520664
0 0.6588888888888889 0.1768595041322314 0.035555555555555556 0.04628099173553719
0 0.5627777777777778 0.43553719008264463 0.03666666666666667 0.04297520661157025
0 0.4572222222222222 0.2735537190082645 0.03666666666666667 0.04462809917355372
0 0.7677777777777778 0.3793388429752066 0.034444444444444444 0.04462809917355372
0 0.6072222222222222 0.12975206611570247 0.035555555555555556 0.049586776859504134
0 0.7666666666666667 0.33884297520661155 0.035555555555555556 0.04297520661157025
0 0.8688888888888889 0.3347107438016529 0.03777777777777778 0.04628099173553719
0 0.7622222222222222 0.21487603305785125 0.03666666666666667 0.04628099173553719
0 0.1988888888888889 0.32644628099173556 0.035555555555555556 0.04462809917355372
0 0.24944444444444444 0.24049586776859505 0.035555555555555556 0.049586776859504134
0 0.15 0.4537190082644628 0.03666666666666667 0.047933884297520664
0 0.8177777777777778 0.4214876033057851 0.035555555555555556 0.04132231404958678
0 0.565 0.47603305785123967 0.03666666666666667 0.04462809917355372
0 0.2511111111111111 0.3239669421487603 0.035555555555555556 0.04462809917355372
0 0.5622222222222222 0.3958677685950413 0.034444444444444444 0.04297520661157025
0 0.30722222222222223 0.48760330578512395 0.034444444444444444 0.04462809917355372
0 0.46111111111111114 0.48016528925619834 0.035555555555555556 0.04462809917355372
0 0.6166666666666667 0.512396694214876 0.034444444444444444 0.04462809917355372
0 0.40555555555555556 0.2768595041322314 0.03777777777777778 0.04462809917355372
0 0.09722222222222222 0.37272727272727274 0.03777777777777778 0.049586776859504134
0 0.46055555555555555 0.4380165289256198 0.035555555555555556 0.04628099173553719
0 0.56 0.3140495867768595 0.035555555555555556 0.04462809917355372
0 0.4083333333333333 0.484297520661157 0.03222222222222222 0.04132231404958678
0 0.7611111111111111 0.16942148760330578 0.03888888888888889 0.0512396694214876
0 0.8227777777777778 0.5809917355371901 0.03666666666666667 0.04628099173553719
0 0.35833333333333334 0.4446280991735537 0.034444444444444444 0.047933884297520664
0 0.455 0.18760330578512396 0.03666666666666667 0.04462809917355372
0 0.6622222222222223 0.2652892561983471 0.035555555555555556 0.04462809917355372
0 0.4027777777777778 0.14049586776859505 0.03888888888888889 0.05289256198347107
0 0.3527777777777778 0.23471074380165288 0.035555555555555556 0.047933884297520664
0 0.2011111111111111 0.412396694214876 0.03666666666666667 0.04462809917355372
0 0.7144444444444444 0.343801652892562 0.035555555555555556 0.04628099173553719
0 0.5577777777777778 0.2256198347107438 0.03666666666666667 0.04628099173553719
0 0.8116666666666666 0.11983471074380166 0.03777777777777778 0.049586776859504134
0 0.6638888888888889 0.34628099173553717 0.034444444444444444 0.04462809917355372
0 0.7105555555555556 0.2190082644628099 0.035555555555555556 0.04462809917355372
0 0.2544444444444444 0.4900826446280992 0.03777777777777778 0.04628099173553719
0 0.19833333333333333 0.28429752066115704 0.035555555555555556 0.04628099173553719
0 0.4033333333333333 0.18760330578512396 0.03777777777777778 0.047933884297520664
0 0.6688888888888889 0.5925619834710744 0.03777777777777778 0.047933884297520664
0 0.3022222222222222 0.23388429752066114 0.03666666666666667 0.049586776859504134
0 0.4583333333333333 0.35702479338842974 0.034444444444444444 0.04628099173553719
0 0.45555555555555555 0.22975206611570248 0.03666666666666667 0.04628099173553719
0 0.6111111111111112 0.3090909090909091 0.035555555555555556 0.04462809917355372
0 0.45666666666666667 0.3148760330578512 0.03777777777777778 0.047933884297520664
0 0.2 0.3685950413223141 0.03666666666666667 0.04628099173553719
0 0.3561111111111111 0.40082644628099173 0.035555555555555556 0.04628099173553719
0 0.4038888888888889 0.23305785123966943 0.03777777777777778 0.04628099173553719
0 0.45444444444444443 0.1396694214876033 0.03777777777777778 0.05785123966942149
0 0.71 0.1743801652892562 0.03666666666666667 0.0512396694214876
0 0.5605555555555556 0.35537190082644626 0.035555555555555556 0.04462809917355372
0 0.6083333333333333 0.17851239669421487 0.03777777777777778 0.0512396694214876