0 0.17444444444444446 0.850328947368421 0.03666666666666667 0.047697368421052634
0 0.1761111111111111 0.8914473684210527 0.035555555555555556 0.05098684210526316
0 0.5894444444444444 0.8207236842105263 0.035555555555555556 0.05263157894736842
0 0.9138888888888889 0.22697368421052633 0.03666666666666667 0.049342105263157895
0 0.4266666666666667 0.7245065789473685 0.035555555555555556 0.044407894736842105
0 0.9194444444444444 0.30756578947368424 0.034444444444444444 0.044407894736842105
0 0.8522222222222222 0.06332236842105263 0.03777777777777778 0.054276315789473686
0 0.09944444444444445 0.48930921052631576 0.034444444444444444 0.046052631578947366
0 0.38 0.8166118421052632 0.035555555555555556 0.047697368421052634
0 0.24222222222222223 0.2565789473684211 0.03666666666666667 0.046052631578947366
0 0.88 0.524671052631579 0.04 0.05098684210526316
0 0.6661111111111111 0.39144736842105265 0.03222222222222222 0.044407894736842105
0 0.28055555555555556 0.8758223684210527 0.03777777777777778 0.047697368421052634
0 0.15333333333333332 0.5205592105263158 0.035555555555555556 0.046052631578947366
0 0.6994444444444444 0.13404605263157895 0.03111111111111111 0.046052631578947366
0 0.45166666666666666 0.26480263157894735 0.034444444444444444 0.047697368421052634
0 0.8577777777777778 0.15378289473684212 0.03777777777777778 0.049342105263157895
0 0.8027777777777778 0.11842105263157894 0.035555555555555556 0.054276315789473686
0 0.7516666666666667 0.125 0.035555555555555556 0.049342105263157895
0 0.7111111111111111 0.3059210526315789 0.03777777777777778 0.054276315789473686
0 0.19555555555555557 0.3462171052631579 0.03333333333333333 0.044407894736842105
0 0.4727777777777778 0.631578947368421 0.035555555555555556 0.046052631578947366
0 0.7083333333333334 0.26398026315789475 0.03333333333333333 0.046052631578947366
0 0.5122222222222222 0.4152960526315789 0.042222222222222223 0.05263157894736842
0 0.5455555555555556 0.11513157894736842 0.035555555555555556 0.054276315789473686
0 0.31444444444444447 0.5773026315789473 0.035555555555555556 0.046052631578947366
0 0.11 0.6504934210526315 0.03666666666666667 0.05098684210526316
0 0.15944444444444444 0.6019736842105263 0.03666666666666667 0.044407894736842105
0 0.44555555555555554 0.1768092105263158 0.034444444444444444 0.05098684210526316
0 0.805 0.15953947368421054 0.035555555555555556 0.044407894736842105
0 0.7661111111111111 0.3347039473684211 0.03777777777777778 0.049342105263157895
0 0.16111111111111112 0.6430921052631579 0.034444444444444444 0.046052631578947366
0 0.26222222222222225 0.5838815789473685 0.035555555555555556 0.04276315789473684
0 0.1438888888888889 0.3560855263157895 0.03333333333333333 0.046052631578947366
0 0.4683333333333333 0.5526315789473685 0.035555555555555556 0.046052631578947366
0 0.8244444444444444 0.4506578947368421 0.035555555555555556 0.049342105263157895
0 0.87 0.35855263157894735 0.03666666666666667 0.046052631578947366
0 0.105 0.571546052631579 0.03777777777777778 0.046052631578947366
0 0.46055555555555555 0.4292763157894737 0.03666666666666667 0.049342105263157895
0 0.2822222222222222 0.9177631578947368 0.03666666666666667 0.046052631578947366
0 0.8627777777777778 0.23601973684210525 0.03666666666666667 0.05098684210526316
0 0.4638888888888889 0.46957236842105265 0.03666666666666667 0.047697368421052634
0 0.37777777777777777 0.774671052631579 0.034444444444444444 0.044407894736842105
0 0.33166666666666667 0.865953947368421 0.035555555555555556 0.047697368421052634
0 0.13666666666666666 0.22532894736842105 0.03777777777777778 0.05263157894736842
0 0.6522222222222223 0.18667763157894737 0.03333333333333333 0.046052631578947366
0 0.4711111111111111 0.59375 0.03666666666666667 0.046052631578947366
0 0.36777777777777776 0.6069078947368421 0.034444444444444444 0.046052631578947366
0 0.65 0.14309210526315788 0.034444444444444444 0.047697368421052634
0 0.10277777777777777 0.53125 0.03666666666666667 0.049342105263157895
0 0.1511111111111111 0.4810855263157895 0.03777777777777778 0.046052631578947366
0 0.425 0.6842105263157895 0.035555555555555556 0.049342105263157895
0 0.5483333333333333 0.16036184210526316 0.03666666666666667 0.05098684210526316
0 0.45611111111111113 0.3462171052631579 0.035555555555555556 0.047697368421052634
0 0.5566666666666666 0.2870065789473684 0.03333333333333333 0.044407894736842105
0 0.38333333333333336 0.8569078947368421 0.03777777777777778 0.049342105263157895
0 0.2777777777777778 0.8322368421052632 0.03777777777777778 0.05263157894736842
0 0.29888888888888887 0.32976973684210525 0.034444444444444444 0.04111842105263158
0 0.47555555555555556 0.6735197368421053 0.03666666666666667 0.047697368421052634
0 0.5738888888888889 0.5740131578947368 0.03666666666666667 0.05263157894736842
0 0.325 0.740953947368421 0.03666666666666667 0.046052631578947366
0 0.39444444444444443 0.18338815789473684 0.034444444444444444 0.047697368421052634
0 0.29444444444444445 0.24835526315789475 0.034444444444444444 0.047697368421052634
0 0.21833333333333332 0.7179276315789473 0.035555555555555556 0.047697368421052634
0 0.2561111111111111 0.5032894736842105 0.035555555555555556 0.049342105263157895
0 0.46555555555555556 0.5123355263157895 0.04 0.05098684210526316
0 0.7683333333333333 0.37664473684210525 0.03888888888888889 0.047697368421052634
0 0.6555555555555556 0.2294407894736842 0.03222222222222222 0.049342105263157895
0 0.3655555555555556 0.5666118421052632 0.034444444444444444 0.044407894736842105
0 0.6627777777777778 0.3511513157894737 0.03333333333333333 0.047697368421052634
0 0.21333333333333335 0.6365131578947368 0.03666666666666667 0.046052631578947366
0 0.7566666666666667 0.21134868421052633 0.03777777777777778 0.049342105263157895
0 0.3038888888888889 0.4128289473684211 0.035555555555555556 0.049342105263157895
0 0.19111111111111112 0.265625 0.03666666666666667 0.047697368421052634
0 0.6577777777777778 0.2713815789473684 0.03 0.044407894736842105
0 0.20944444444444443 0.5953947368421053 0.03666666666666667 0.047697368421052634
0 0.20833333333333334 0.5542763157894737 0.03666666666666667 0.047697368421052634
0 0.09388888888888888 0.3651315789473684 0.035555555555555556 0.049342105263157895
0 0.18888888888888888 0.21875 0.03888888888888889 0.05921052631578947
0 0.8172222222222222 0.32730263157894735 0.035555555555555556 0.049342105263157895
0 0.37555555555555553 0.7319078947368421 0.035555555555555556 0.049342105263157895
0 0.4488888888888889 0.22203947368421054 0.03333333333333333 0.046052631578947366
0 0.4072222222222222 0.3939144736842105 0.035555555555555556 0.044407894736842105
0 0.3605555555555556 0.48601973684210525 0.03777777777777778 0.05263157894736842
0 0.32611111111111113 0.7828947368421053 0.035555555555555556 0.047697368421052634
0 0.2222222222222222 0.8009868421052632 0.035555555555555556 0.049342105263157895
0 0.36333333333333334 0.5271381578947368 0.03666666666666667 0.046052631578947366
0 0.2594444444444444 0.5452302631578947 0.03666666666666667 0.047697368421052634
0 0.275 0.790296052631579 0.03666666666666667 0.049342105263157895
0 0.3227777777777778 0.7006578947368421 0.035555555555555556 0.047697368421052634
0 0.1461111111111111 0.3963815789473684 0.034444444444444444 0.044407894736842105
0 0.5511111111111111 0.20394736842105263 0.034444444444444444 0.047697368421052634
0 0.7022222222222222 0.1768092105263158 0.035555555555555556 0.05098684210526316
0 0.8116666666666666 0.2450657894736842 0.034444444444444444 0.046052631578947366
0 0.27055555555555555 0.7088815789473685 0.035555555555555556 0.047697368421052634
0 0.2727777777777778 0.7483552631578947 0.03666666666666667 0.047697368421052634
0 0.3738888888888889 0.6916118421052632 0.035555555555555556 0.046052631578947366
0 0.4572222222222222 0.3873355263157895 0.035555555555555556 0.047697368421052634
0 0.5538888888888889 0.24753289473684212 0.03666666666666667 0.047697368421052634
0 0.26722222222222225 0.6702302631578947 0.03777777777777778 0.047697368421052634
0 0.24388888888888888 0.296875 0.03777777777777778 0.047697368421052634
0 0.345 0.23848684210526316 0.03666666666666667 0.047697368421052634
0 0.8144444444444444 0.28536184210526316 0.034444444444444444 0.046052631578947366
0 0.41388888888888886 0.5180921052631579 0.03666666666666667 0.047697368421052634
0 0.2461111111111111 0.3371710526315789 0.035555555555555556 0.047697368421052634
0 0.3427777777777778 0.19325657894736842 0.03777777777777778 0.054276315789473686
0 0.2911111111111111 0.20230263157894737 0.03777777777777778 0.05263157894736842
0 0.31666666666666665 0.6167763157894737 0.035555555555555556 0.047697368421052634
0 0.35777777777777775 0.4440789473684211 0.035555555555555556 0.049342105263157895
0 0.14055555555555554 0.2730263157894737 0.03777777777777778 0.049342105263157895
0 0.6605555555555556 0.31085526315789475 0.034444444444444444 0.046052631578947366
0 0.5588888888888889 0.328125 0.035555555555555556 0.049342105263157895
0 0.8077777777777778 0.20148026315789475 0.03666666666666667 0.049342105263157895
0 0.09722222222222222 0.44819078947368424 0.03333333333333333 0.046052631578947366
0 0.2538888888888889 0.46381578947368424 0.035555555555555556 0.047697368421052634
0 0.7605555555555555 0.2532894736842105 0.035555555555555556 0.047697368421052634
0 0.3511111111111111 0.3207236842105263 0.034444444444444444 0.046052631578947366
0 0.3477777777777778 0.27960526315789475 0.035555555555555556 0.047697368421052634
0 0.5616666666666666 0.37088815789473684 0.035555555555555556 0.049342105263157895
0 0.14944444444444444 0.43914473684210525 0.035555555555555556 0.05098684210526316
0 0.7544444444444445 0.16776315789473684 0.03777777777777778 0.05098684210526316
0 0.41944444444444445 0.600328947368421 0.035555555555555556 0.047697368421052634
0 0.24888888888888888 0.3782894736842105 0.035555555555555556 0.047697368421052634
0 0.25222222222222224 0.421875 0.03666666666666667 0.049342105263157895
0 0.3972222222222222 0.2294407894736842 0.03666666666666667 0.05263157894736842
0 0.3022222222222222 0.3692434210526316 0.035555555555555556 0.05098684210526316
0 0.24 0.21052631578947367 0.03888888888888889 0.05592105263157895
0 0.35555555555555557 0.4029605263157895 0.034444444444444444 0.047697368421052634
0 0.19777777777777777 0.3873355263157895 0.035555555555555556 0.049342105263157895
0 0.405 0.3536184210526316 0.035555555555555556 0.049342105263157895
0 0.40166666666666667 0.31332236842105265 0.035555555555555556 0.049342105263157895
0 0.2644444444444444 0.625 0.035555555555555556 0.05263157894736842
0 0.15666666666666668 0.5608552631578947 0.03777777777777778 0.047697368421052634
0 0.2 0.4300986842105263 0.034444444444444444 0.047697368421052634
0 0.35333333333333333 0.3618421052631579 0.035555555555555556 0.047697368421052634
0 0.3705555555555556 0.6504934210526315 0.03666666666666667 0.049342105263157895
0 0.3061111111111111 0.45476973684210525 0.034444444444444444 0.04276315789473684
0 0.9055555555555556 0.09703947368421052 0.04 0.05756578947368421
0 0.6838888888888889 0.680921052631579 0.035555555555555556 0.044407894736842105
0 0.16555555555555557 0.725328947368421 0.034444444444444444 0.047697368421052634
0 0.8727777777777778 0.3988486842105263 0.035555555555555556 0.047697368421052634
0 0.5855555555555556 0.7804276315789473 0.035555555555555556 0.04276315789473684
0 0.20333333333333334 0.47039473684210525 0.034444444444444444 0.04276315789473684
0 0.9088888888888889 0.14473684210526316 0.03777777777777778 0.049342105263157895
0 0.31055555555555553 0.5370065789473685 0.035555555555555556 0.047697368421052634
0 0.08555555555555555 0.23601973684210525 0.03666666666666667 0.049342105263157895
0 0.12277777777777778 0.8585526315789473 0.03777777777777778 0.047697368421052634
0 0.5422222222222223 0.6932565789473685 0.024444444444444446 0.03289473684210526
0 0.4961111111111111 0.14473684210526316 0.04555555555555556 0.04276315789473684
0 0.5022222222222222 0.24424342105263158 0.044444444444444446 0.03782894736842105
0 0.495 0.11266447368421052 0.044444444444444446 0.03618421052631579
0 0.5077777777777778 0.31167763157894735 0.042222222222222223 0.03453947368421053
0 0.49833333333333335 0.17516447368421054 0.04888888888888889 0.03618421052631579
0 0.5144444444444445 0.45148026315789475 0.04 0.02631578947368421
0 0.5716666666666667 0.5328947368421053 0.03666666666666667 0.03782894736842105
0 0.5422222222222223 0.7146381578947368 0.02666666666666667 0.009868421052631578
0 0.19333333333333333 0.3067434210526316 0.03333333333333333 0.046052631578947366
0 0.5766666666666667 0.6175986842105263 0.03666666666666667 0.044407894736842105
0 0.3194444444444444 0.6578947368421053 0.03 0.04276315789473684
0 0.12611111111111112 0.9004934210526315 0.034444444444444444 0.047697368421052634
0 0.1288888888888889 0.944078947368421 0.035555555555555556 0.05098684210526316
0 0.5816666666666667 0.6981907894736842 0.034444444444444444 0.044407894736842105
0 0.22444444444444445 0.8429276315789473 0.03666666666666667 0.046052631578947366
0 0.11833333333333333 0.7738486842105263 0.034444444444444444 0.046052631578947366
0 0.2972222222222222 0.2902960526315789 0.035555555555555556 0.049342105263157895
0 0.4288888888888889 0.765625 0.034444444444444444 0.046052631578947366
0 0.6783333333333333 0.600328947368421 0.034444444444444444 0.044407894736842105
0 0.6972222222222222 0.08799342105263158 0.034444444444444444 0.05263157894736842
0 0.51 0.3412828947368421 0.043333333333333335 0.039473684210526314
0 0.6933333333333334 0.8462171052631579 0.03333333333333333 0.046052631578947366
0 0.9111111111111111 0.18585526315789475 0.03666666666666667 0.046052631578947366
0 0.11666666666666667 0.7351973684210527 0.03666666666666667 0.046052631578947366
0 0.11333333333333333 0.694078947368421 0.035555555555555556 0.049342105263157895
0 0.09 0.3223684210526316 0.03777777777777778 0.046052631578947366
0 0.39944444444444444 0.2730263157894737 0.034444444444444444 0.04276315789473684
0 0.12055555555555555 0.8166118421052632 0.04 0.049342105263157895
0 0.17888888888888888 0.9366776315789473 0.035555555555555556 0.049342105263157895
0 0.8766666666666667 0.4399671052631579 0.035555555555555556 0.049342105263157895
0 0.6688888888888889 0.43338815789473684 0.03666666666666667 0.047697368421052634
0 0.4172222222222222 0.5592105263157895 0.035555555555555556 0.047697368421052634
0 0.40944444444444444 0.43256578947368424 0.03666666666666667 0.04276315789473684
0 0.6722222222222223 0.5148026315789473 0.03666666666666667 0.049342105263157895
0 0.09555555555555556 0.40460526315789475 0.03333333333333333 0.044407894736842105
0 0.2311111111111111 0.9259868421052632 0.04 0.049342105263157895
0 0.4222222222222222 0.6422697368421053 0.035555555555555556 0.05098684210526316
0 0.5066666666666667 0.2779605263157895 0.043333333333333335 0.046052631578947366
0 0.8205555555555556 0.37088815789473684 0.034444444444444444 0.046052631578947366
0 0.8783333333333333 0.48026315789473684 0.03666666666666667 0.047697368421052634
0 0.48055555555555557 0.7574013157894737 0.035555555555555556 0.047697368421052634
0 0.7061111111111111 0.22121710526315788 0.035555555555555556 0.05098684210526316
0 0.6711111111111111 0.4745065789473684 0.034444444444444444 0.046052631578947366
0 0.16444444444444445 0.6850328947368421 0.035555555555555556 0.049342105263157895
0 0.6811111111111111 0.640625 0.03666666666666667 0.049342105263157895
0 0.6855555555555556 0.7220394736842105 0.03666666666666667 0.047697368421052634
0 0.45444444444444443 0.3042763157894737 0.03222222222222222 0.04111842105263158
0 0.6755555555555556 0.5600328947368421 0.03777777777777778 0.05098684210526316
0 0.8683333333333333 0.31743421052631576 0.035555555555555556 0.049342105263157895
0 0.3338888888888889 0.9078947368421053 0.03777777777777778 0.05098684210526316
0 0.48833333333333334 0.8807565789473685 0.04111111111111111 0.05263157894736842
0 0.5644444444444444 0.4120065789473684 0.035555555555555556 0.049342105263157895
0 0.43444444444444447 0.8495065789473685 0.035555555555555556 0.05098684210526316
0 0.5694444444444444 0.49588815789473684 0.03666666666666667 0.046052631578947366
0 0.9211111111111111 0.34786184210526316 0.035555555555555556 0.049342105263157895
0 0.9238888888888889 0.390625 0.03777777777777778 0.05263157894736842
0 0.20444444444444446 0.5115131578947368 0.03666666666666667 0.05098684210526316
0 0.22055555555555556 0.759046052631579 0.034444444444444444 0.046052631578947366
0 0.6466666666666666 0.09703947368421052 0.03333333333333333 0.049342105263157895
0 0.4116666666666667 0.47368421052631576 0.03666666666666667 0.054276315789473686
0 0.4777777777777778 0.7154605263157895 0.035555555555555556 0.049342105263157895
0 0.7488888888888889 0.078125 0.03333333333333333 0.049342105263157895
0 0.21611111111111111 0.6776315789473685 0.034444444444444444 0.044407894736842105
0 0.5005555555555555 0.21052631578947367 0.044444444444444446 0.046052631578947366
0 0.43777777777777777 0.890625 0.03777777777777778 0.046052631578947366
0 0.6883333333333334 0.7631578947368421 0.03666666666666667 0.047697368421052634
0 0.6044444444444445 0.23848684210526316 0.034444444444444444 0.05263157894736842
0 0.17166666666666666 0.8083881578947368 0.035555555555555556 0.049342105263157895
0 0.14333333333333334 0.3157894736842105 0.035555555555555556 0.04276315789473684
0 0.855 0.109375 0.03777777777777778 0.049342105263157895
0 0.5661111111111111 0.45476973684210525 0.035555555555555556 0.049342105263157895
0 0.38555555555555554 0.899671052631579 0.03666666666666667 0.049342105263157895
0 0.7627777777777778 0.2944078947368421 0.035555555555555556 0.044407894736842105
0 0.10722222222222222 0.6101973684210527 0.035555555555555556 0.044407894736842105
0 0.5838888888888889 0.7401315789473685 0.03666666666666667 0.047697368421052634
0 0.8588888888888889 0.19572368421052633 0.03666666666666667 0.044407894736842105
0 0.16944444444444445 0.7664473684210527 0.03666666666666667 0.047697368421052634
0 0.6905555555555556 0.8050986842105263 0.03666666666666667 0.046052631578947366
0 0.3288888888888889 0.8248355263157895 0.035555555555555556 0.049342105263157895
0 0.3088888888888889 0.4967105263157895 0.034444444444444444 0.047697368421052634
0 0.8011111111111111 0.07072368421052631 0.035555555555555556 0.054276315789473686
0 0.08833333333333333 0.27960526315789475 0.03777777777777778 0.049342105263157895
0 0.44333333333333336 0.13075657894736842 0.035555555555555556 0.049342105263157895
0 0.43166666666666664 0.8050986842105263 0.03777777777777778 0.05098684210526316
0 0.9166666666666666 0.2680921052631579 0.035555555555555556 0.046052631578947366
0 0.22777777777777777 0.884046052631579 0.03666666666666667 0.05098684210526316
0 0.8222222222222222 0.4087171052631579 0.034444444444444444 0.046052631578947366
0 0.4855555555555556 0.837171052631579 0.03666666666666667 0.047697368421052634
0 0.5788888888888889 0.6570723684210527 0.03222222222222222 0.047697368421052634
0 0.8644444444444445 0.27713815789473684 0.03333333333333333 0.04276315789473684
0 0.48277777777777775 0.7960526315789473 0.035555555555555556 0.047697368421052634