0 0.5905555555555555 0.7413509060955519 0.023333333333333334 0.036243822075782535
0 0.1238888888888889 0.8228995057660626 0.023333333333333334 0.03459637561779242
0 0.2427777777777778 0.3599670510708402 0.03888888888888889 0.02800658978583196
0 0.5133333333333333 0.7397034596375618 0.02 0.026359143327841845
0 0.1238888888888889 0.7397034596375618 0.023333333333333334 0.032948929159802305
0 0.09833333333333333 0.7397034596375618 0.021111111111111112 0.032948929159802305
0 0.5033333333333333 0.36902800658978585 0.042222222222222223 0.032948929159802305
0 0.5033333333333333 0.3393739703459638 0.04 0.036243822075782535
0 0.1511111111111111 0.8649093904448105 0.024444444444444446 0.036243822075782535
0 0.15055555555555555 0.7775947281713345 0.021111111111111112 0.032948929159802305
0 0.5916666666666667 0.7825370675453048 0.023333333333333334 0.032948929159802305
0 0.1511111111111111 0.7388797364085667 0.022222222222222223 0.03459637561779242
0 0.09833333333333333 0.7784184514003295 0.023333333333333334 0.03459637561779242
0 0.5027777777777778 0.20181219110378912 0.043333333333333335 0.02800658978583196
0 0.35944444444444446 0.8228995057660626 0.021111111111111112 0.03459637561779242
0 0.5027777777777778 0.2685337726523888 0.04111111111111111 0.029654036243822075
0 0.07333333333333333 0.7388797364085667 0.024444444444444446 0.03459637561779242
0 0.07333333333333333 0.7775947281713345 0.024444444444444446 0.032948929159802305
0 0.335 0.8228995057660626 0.023333333333333334 0.03459637561779242
0 0.1511111111111111 0.8220757825370676 0.022222222222222223 0.039538714991762765
0 0.125 0.7784184514003295 0.023333333333333334 0.03789126853377265
0 0.565 0.4085667215815486 0.021111111111111112 0.032948929159802305
0 0.29555555555555557 0.23476112026359144 0.03333333333333333 0.04118616144975288
0 0.6027777777777777 0.700164744645799 0.03222222222222222 0.042833607907743
0 0.6161111111111112 0.7833607907742999 0.023333333333333334 0.03459637561779242
0 0.35833333333333334 0.7792421746293245 0.021111111111111112 0.036243822075782535
0 0.3572222222222222 0.7397034596375618 0.021111111111111112 0.032948929159802305
0 0.13722222222222222 0.6976935749588138 0.03888888888888889 0.04118616144975288
0 0.3333333333333333 0.7397034596375618 0.022222222222222223 0.032948929159802305
0 0.085 0.6540362438220758 0.03888888888888889 0.039538714991762765
0 0.085 0.6960461285008237 0.03888888888888889 0.047775947281713346
0 0.09944444444444445 0.4868204283360791 0.023333333333333334 0.03130148270181219
0 0.07333333333333333 0.48599670510708404 0.022222222222222223 0.032948929159802305
0 0.5022222222222222 0.16803953871499178 0.042222222222222223 0.036243822075782535
0 0.09888888888888889 0.5271828665568369 0.024444444444444446 0.036243822075782535
0 0.07333333333333333 0.40444810543657334 0.024444444444444446 0.03459637561779242
0 0.3338888888888889 0.7792421746293245 0.023333333333333334 0.036243822075782535
0 0.6161111111111112 0.7438220757825371 0.021111111111111112 0.03789126853377265
0 0.07333333333333333 0.4439868204283361 0.024444444444444446 0.03130148270181219
0 0.9133333333333333 0.2800658978583196 0.035555555555555556 0.039538714991762765
0 0.43777777777777777 0.7833607907742999 0.022222222222222223 0.03459637561779242
0 0.1 0.40444810543657334 0.022222222222222223 0.03459637561779242
0 0.5027777777777778 0.13344316309719934 0.043333333333333335 0.036243822075782535
0 0.13666666666666666 0.6556836902800659 0.035555555555555556 0.042833607907743
0 0.9133333333333333 0.2413509060955519 0.035555555555555556 0.04118616144975288
0 0.46166666666666667 0.7413509060955519 0.021111111111111112 0.032948929159802305
0 0.295 0.2759472817133443 0.03222222222222222 0.03789126853377265
0 0.4622222222222222 0.7833607907742999 0.022222222222222223 0.03459637561779242
0 0.43722222222222223 0.7421746293245469 0.023333333333333334 0.03459637561779242
0 0.7066666666666667 0.7026359143327842 0.035555555555555556 0.044481054365733116
0 0.18944444444444444 0.6985172981878089 0.03666666666666667 0.04612850082372323
0 0.5644444444444444 0.4489291598023064 0.024444444444444446 0.03789126853377265
0 0.5022222222222222 0.5214168039538715 0.028888888888888888 0.03459637561779242
0 0.7061111111111111 0.36655683690280066 0.03666666666666667 0.04118616144975288
0 0.09944444444444445 0.4439868204283361 0.025555555555555557 0.03459637561779242
0 0.8611111111111112 0.2808896210873147 0.03333333333333333 0.04118616144975288
0 0.14 0.2751235584843493 0.035555555555555556 0.04612850082372323
0 0.5022222222222222 0.23476112026359144 0.042222222222222223 0.04118616144975288
0 0.3461111111111111 0.699341021416804 0.03666666666666667 0.044481054365733116
0 0.08666666666666667 0.3187808896210873 0.035555555555555556 0.04118616144975288
0 0.18944444444444444 0.6565074135090609 0.034444444444444444 0.04118616144975288
0 0.08555555555555555 0.6103789126853377 0.03777777777777778 0.051070840197693576
0 0.7583333333333333 0.7018121911037891 0.034444444444444444 0.042833607907743
0 0.1922222222222222 0.2759472817133443 0.035555555555555556 0.044481054365733116
0 0.08777777777777777 0.2751235584843493 0.035555555555555556 0.04612850082372323
0 0.8605555555555555 0.3245469522240527 0.034444444444444444 0.042833607907743
0 0.81 0.6153212520593081 0.035555555555555556 0.047775947281713346
0 0.81 0.7009884678747941 0.03333333333333333 0.04118616144975288
0 0.81 0.6598023064250412 0.03333333333333333 0.04118616144975288
0 0.5033333333333333 0.3014827018121911 0.04 0.039538714991762765
0 0.3461111111111111 0.6548599670510709 0.03666666666666667 0.044481054365733116
0 0.7583333333333333 0.27924217462932455 0.034444444444444444 0.047775947281713346
0 0.7588888888888888 0.6144975288303131 0.035555555555555556 0.04612850082372323
0 0.08666666666666667 0.3616144975288303 0.03777777777777778 0.04118616144975288
0 0.3972222222222222 0.6985172981878089 0.034444444444444444 0.039538714991762765
0 0.24333333333333335 0.31795716639209226 0.035555555555555556 0.042833607907743
0 0.3466666666666667 0.6112026359143328 0.03333333333333333 0.042833607907743
0 0.7583333333333333 0.6606260296540363 0.034444444444444444 0.042833607907743
0 0.7061111111111111 0.6614497528830313 0.034444444444444444 0.04118616144975288
0 0.29444444444444445 0.3187808896210873 0.035555555555555556 0.044481054365733116
0 0.29555555555555557 0.18780889621087316 0.03333333333333333 0.04942339373970346
0 0.6038888888888889 0.658154859967051 0.03222222222222222 0.04118616144975288
0 0.24388888888888888 0.27677100494233936 0.03222222222222222 0.039538714991762765
0 0.655 0.3228995057660626 0.03222222222222222 0.036243822075782535
0 0.9127777777777778 0.3245469522240527 0.03666666666666667 0.04612850082372323
0 0.13777777777777778 0.6103789126853377 0.035555555555555556 0.051070840197693576
0 0.3983333333333333 0.3624382207578254 0.034444444444444444 0.042833607907743
0 0.655 0.6598023064250412 0.034444444444444444 0.04118616144975288
0 0.7055555555555556 0.6153212520593081 0.035555555555555556 0.047775947281713346
0 0.3472222222222222 0.32042833607907745 0.034444444444444444 0.04118616144975288
0 0.45055555555555554 0.3616144975288303 0.034444444444444444 0.044481054365733116
0 0.6555555555555556 0.6144975288303131 0.035555555555555556 0.04612850082372323
0 0.7588888888888888 0.3228995057660626 0.03333333333333333 0.039538714991762765
0 0.9127777777777778 0.19439868204283361 0.03666666666666667 0.05271828665568369
0 0.705 0.3228995057660626 0.034444444444444444 0.042833607907743
0 0.7061111111111111 0.2800658978583196 0.034444444444444444 0.04612850082372323
0 0.6027777777777777 0.2800658978583196 0.03222222222222222 0.04612850082372323
0 0.6044444444444445 0.613673805601318 0.035555555555555556 0.047775947281713346
0 0.5522222222222222 0.700164744645799 0.035555555555555556 0.042833607907743
0 0.5022222222222222 0.4415156507413509 0.04 0.04612850082372323
0 0.5522222222222222 0.658154859967051 0.035555555555555556 0.04118616144975288
0 0.8611111111111112 0.23640856672158156 0.035555555555555556 0.047775947281713346
0 0.3977777777777778 0.658154859967051 0.03333333333333333 0.04118616144975288
0 0.3466666666666667 0.3616144975288303 0.03333333333333333 0.044481054365733116
0 0.655 0.7026359143327842 0.03666666666666667 0.044481054365733116
0 0.24388888888888888 0.23146622734761121 0.034444444444444444 0.047775947281713346
0 0.8088888888888889 0.27924217462932455 0.035555555555555556 0.047775947281713346
0 0.45111111111111113 0.31960461285008235 0.035555555555555556 0.039538714991762765
0 0.4494444444444444 0.699341021416804 0.034444444444444444 0.04118616144975288
0 0.655 0.3657331136738056 0.034444444444444444 0.04612850082372323
0 0.45 0.657331136738056 0.03333333333333333 0.042833607907743
0 0.3983333333333333 0.3212520593080725 0.034444444444444444 0.039538714991762765
0 0.4 0.2775947281713344 0.035555555555555556 0.047775947281713346
0 0.3977777777777778 0.6120263591433278 0.035555555555555556 0.047775947281713346
0 0.6033333333333334 0.3237232289950577 0.03333333333333333 0.04118616144975288
0 0.1388888888888889 0.357495881383855 0.035555555555555556 0.05271828665568369
0 0.4527777777777778 0.2775947281713344 0.034444444444444444 0.044481054365733116
0 0.7577777777777778 0.36655683690280066 0.035555555555555556 0.047775947281713346
0 0.655 0.2784184514003295 0.034444444444444444 0.04942339373970346
0 0.5522222222222222 0.3673805601317957 0.03777777777777778 0.04612850082372323
0 0.5527777777777778 0.3245469522240527 0.034444444444444444 0.039538714991762765
0 0.3472222222222222 0.2742998352553542 0.034444444444444444 0.047775947281713346
0 0.6038888888888889 0.3673805601317957 0.034444444444444444 0.04612850082372323
0 0.45055555555555554 0.6128500823723229 0.03666666666666667 0.04612850082372323
0 0.81 0.3657331136738056 0.035555555555555556 0.04612850082372323
0 0.8094444444444444 0.3245469522240527 0.034444444444444444 0.042833607907743
0 0.5533333333333333 0.27924217462932455 0.035555555555555556 0.047775947281713346
0 0.19 0.6103789126853377 0.03777777777777778 0.051070840197693576
0 0.5516666666666666 0.6128500823723229 0.03666666666666667 0.04942339373970346
0 0.19055555555555556 0.35667215815486 0.03666666666666667 0.051070840197693576
0 0.5033333333333333 0.48517298187808894 0.03777777777777778 0.04118616144975288