0 0.273125 0.8512658227848101 0.03625 0.03164556962025317
0 0.508125 0.6693037974683544 0.02375 0.0189873417721519
0 0.508125 0.8615506329113924 0.02125 0.01740506329113924
0 0.509375 0.5973101265822784 0.02125 0.020569620253164556
0 0.508125 0.6368670886075949 0.02375 0.01740506329113924
0 0.49625 0.3947784810126582 0.02875 0.0189873417721519
0 0.4975 0.4137658227848101 0.03125 0.0189873417721519
0 0.495625 0.439873417721519 0.03 0.03164556962025317
0 0.49625 0.46360759493670883 0.02125 0.01740506329113924
0 0.508125 0.6542721518987342 0.02125 0.01740506329113924
0 0.50875 0.884493670886076 0.02 0.02689873417721519
0 0.4375 0.8560126582278481 0.02875 0.03481012658227848
0 0.438125 0.8876582278481012 0.03375 0.028481012658227847
0 0.096875 0.34335443037974683 0.01875 0.02531645569620253
0 0.495625 0.3370253164556962 0.03375 0.020569620253164556
0 0.498125 0.3575949367088608 0.02875 0.0189873417721519
0 0.496875 0.377373417721519 0.03375 0.020569620253164556
0 0.50875 0.6859177215189873 0.02125 0.015822784810126583
0 0.32875 0.7871835443037974 0.035 0.03322784810126582
0 0.714375 0.7602848101265823 0.03375 0.03322784810126582
0 0.38375 0.7579113924050633 0.0325 0.03164556962025317
0 0.66125 0.41139240506329117 0.0325 0.028481012658227847
0 0.896875 0.507120253164557 0.02375 0.030063291139240507
0 0.16375 0.43591772151898733 0.0325 0.03322784810126582
0 0.1225 0.435126582278481 0.025 0.03481012658227848
0 0.660625 0.6281645569620253 0.03375 0.03481012658227848
0 0.660625 0.6004746835443038 0.03125 0.030063291139240507
0 0.788125 0.2674050632911392 0.02125 0.028481012658227847
0 0.8825 0.41218354430379744 0.035 0.03322784810126582
0 0.27375 0.6590189873417721 0.035 0.03322784810126582
0 0.77125 0.6020569620253164 0.035 0.030063291139240507
0 0.703125 0.30063291139240506 0.02625 0.028481012658227847
0 0.27375 0.46835443037974683 0.035 0.0379746835443038
0 0.716875 0.44462025316455694 0.03375 0.03164556962025317
0 0.54875 0.7895569620253164 0.035 0.03481012658227848
0 0.716875 0.4754746835443038 0.03375 0.03322784810126582
0 0.89625 0.4762658227848101 0.0225 0.028481012658227847
0 0.869375 0.4754746835443038 0.02125 0.030063291139240507
0 0.32875 0.8829113924050633 0.035 0.03164556962025317
0 0.093125 0.5324367088607594 0.02375 0.03322784810126582
0 0.715 0.7286392405063291 0.035 0.03322784810126582
0 0.65875 0.8568037974683544 0.035 0.030063291139240507
0 0.2725 0.819620253164557 0.035 0.03481012658227848
0 0.716875 0.41218354430379744 0.03625 0.03322784810126582
0 0.71625 0.632120253164557 0.0325 0.030063291139240507
0 0.32875 0.627373417721519 0.035 0.03639240506329114
0 0.55 0.6613924050632911 0.0325 0.03164556962025317
0 0.6775 0.16139240506329114 0.025 0.03164556962025317
0 0.12125 0.5617088607594937 0.0225 0.028481012658227847
0 0.274375 0.43591772151898733 0.03375 0.030063291139240507
0 0.328125 0.8180379746835443 0.03625 0.03164556962025317
0 0.89625 0.4454113924050633 0.025 0.03322784810126582
0 0.77125 0.5411392405063291 0.0325 0.03164556962025317
0 0.436875 0.7563291139240507 0.03375 0.03164556962025317
0 0.548125 0.821993670886076 0.03375 0.03322784810126582
0 0.77 0.8267405063291139 0.0325 0.030063291139240507
0 0.8825 0.3805379746835443 0.035 0.030063291139240507
0 0.71625 0.5055379746835443 0.035 0.030063291139240507
0 0.705 0.19541139240506328 0.0275 0.030063291139240507
0 0.881875 0.6036392405063291 0.03375 0.030063291139240507
0 0.771875 0.41218354430379744 0.03375 0.030063291139240507
0 0.606875 0.44145569620253167 0.03375 0.03164556962025317
0 0.77 0.7610759493670886 0.0325 0.03164556962025317
0 0.880625 0.6661392405063291 0.03375 0.03164556962025317
0 0.714375 0.8583860759493671 0.03375 0.030063291139240507
0 0.09375 0.43354430379746833 0.0225 0.028481012658227847
0 0.770625 0.442246835443038 0.03375 0.030063291139240507
0 0.165 0.40031645569620256 0.035 0.0379746835443038
0 0.5475 0.8860759493670886 0.035 0.03164556962025317
0 0.77 0.7286392405063291 0.035 0.03322784810126582
0 0.8825 0.5727848101265823 0.035 0.03164556962025317
0 0.75875 0.3022151898734177 0.025 0.028481012658227847
0 0.27375 0.5632911392405063 0.0325 0.03164556962025317
0 0.2725 0.7863924050632911 0.035 0.03164556962025317
0 0.2725 0.8829113924050633 0.035 0.03164556962025317
0 0.658125 0.7911392405063291 0.03375 0.03164556962025317
0 0.770625 0.6337025316455697 0.03375 0.03322784810126582
0 0.770625 0.6977848101265823 0.03625 0.03164556962025317
0 0.384375 0.7895569620253164 0.03375 0.03164556962025317
0 0.12125 0.46598101265822783 0.0225 0.02689873417721519
0 0.094375 0.49920886075949367 0.02375 0.030063291139240507
0 0.120625 0.33939873417721517 0.02375 0.030063291139240507
0 0.8975 0.34651898734177217 0.02 0.02531645569620253
0 0.33 0.6582278481012658 0.035 0.0189873417721519
0 0.383125 0.879746835443038 0.03375 0.04113924050632911
0 0.495625 0.5427215189873418 0.03625 0.03164556962025317
0 0.55125 0.3995253164556962 0.0325 0.03322784810126582
0 0.3825 0.8544303797468354 0.0325 0.0379746835443038
0 0.50875 0.617879746835443 0.02 0.020569620253164556
0 0.551875 0.43433544303797467 0.03375 0.03322784810126582
0 0.494375 0.5150316455696202 0.03875 0.03639240506329114
0 0.716875 0.5712025316455697 0.03375 0.028481012658227847
0 0.274375 0.5 0.03625 0.03164556962025317
0 0.50875 0.7049050632911392 0.02 0.023734177215189875
0 0.33 0.43670886075949367 0.035 0.03164556962025317
0 0.659375 0.7579113924050633 0.03375 0.03481012658227848
0 0.76 0.19936708860759494 0.025 0.028481012658227847
0 0.33 0.5007911392405063 0.035 0.030063291139240507
0 0.1075 0.40189873417721517 0.0325 0.03164556962025317
0 0.55 0.7254746835443038 0.035 0.030063291139240507
0 0.508125 0.5783227848101266 0.02125 0.020569620253164556
0 0.550625 0.694620253164557 0.03375 0.03481012658227848
0 0.71625 0.6012658227848101 0.0325 0.03164556962025317
0 0.440625 0.567246835443038 0.03125 0.02689873417721519
0 0.869375 0.4438291139240506 0.02125 0.023734177215189875
0 0.870625 0.34968354430379744 0.02125 0.028481012658227847
0 0.493125 0.8006329113924051 0.03375 0.03164556962025317
0 0.658125 0.8892405063291139 0.03375 0.03164556962025317
0 0.87125 0.5039556962025317 0.0225 0.02689873417721519
0 0.770625 0.5727848101265823 0.03375 0.03164556962025317
0 0.10875 0.37183544303797467 0.0325 0.028481012658227847
0 0.660625 0.7270569620253164 0.03375 0.03322784810126582
0 0.329375 0.46914556962025317 0.03375 0.03322784810126582
0 0.66125 0.44066455696202533 0.035 0.03322784810126582
0 0.76875 0.8575949367088608 0.035 0.03164556962025317
0 0.769375 0.8900316455696202 0.03375 0.03322784810126582
0 0.38375 0.7254746835443038 0.0325 0.03639240506329114
0 0.384375 0.6590189873417721 0.03125 0.030063291139240507
0 0.770625 0.6653481012658228 0.03625 0.03322784810126582
0 0.789375 0.1629746835443038 0.02625 0.03164556962025317
0 0.121875 0.5284810126582279 0.02125 0.028481012658227847
0 0.715 0.7919303797468354 0.035 0.03322784810126582
0 0.33 0.40427215189873417 0.0375 0.03639240506329114
0 0.32875 0.6890822784810127 0.035 0.03639240506329114
0 0.731875 0.2689873417721519 0.02375 0.03164556962025317
0 0.384375 0.8212025316455697 0.03375 0.03164556962025317
0 0.883125 0.5395569620253164 0.03625 0.03481012658227848
0 0.093125 0.4651898734177215 0.02125 0.028481012658227847
0 0.4375 0.7879746835443038 0.035 0.03164556962025317
0 0.770625 0.7943037974683544 0.03375 0.03481012658227848
0 0.88125 0.6352848101265823 0.0325 0.03322784810126582
0 0.274375 0.5324367088607594 0.03375 0.03322784810126582
0 0.548125 0.8552215189873418 0.03375 0.03322784810126582
0 0.329375 0.5957278481012658 0.03375 0.030063291139240507
0 0.8275 0.4129746835443038 0.0325 0.03164556962025317
0 0.439375 0.627373417721519 0.03375 0.02689873417721519
0 0.27375 0.5949367088607594 0.035 0.03164556962025317
0 0.76125 0.16455696202531644 0.025 0.03164556962025317
0 0.328125 0.8504746835443038 0.03625 0.03639240506329114
0 0.27375 0.6906645569620253 0.035 0.030063291139240507
0 0.715625 0.696993670886076 0.03375 0.03322784810126582
0 0.788125 0.23180379746835442 0.02375 0.03322784810126582
0 0.121875 0.49841772151898733 0.02125 0.028481012658227847
0 0.75875 0.26819620253164556 0.0275 0.030063291139240507
0 0.606875 0.47468354430379744 0.03375 0.03481012658227848
0 0.43875 0.6938291139240507 0.0325 0.03322784810126582
0 0.38625 0.4375 0.035 0.03322784810126582
0 0.733125 0.16218354430379747 0.02375 0.030063291139240507
0 0.661875 0.377373417721519 0.03125 0.03639240506329114
0 0.828125 0.3813291139240506 0.03375 0.03164556962025317
0 0.78875 0.3022151898734177 0.025 0.03164556962025317
0 0.76 0.23338607594936708 0.025 0.030063291139240507
0 0.703125 0.2674050632911392 0.02625 0.028481012658227847
0 0.385 0.46835443037974683 0.035 0.03164556962025317
0 0.273125 0.6265822784810127 0.03375 0.03164556962025317
0 0.329375 0.5640822784810127 0.03375 0.030063291139240507
0 0.54875 0.7563291139240507 0.0375 0.03481012658227848
0 0.4375 0.7262658227848101 0.035 0.03164556962025317
0 0.2725 0.754746835443038 0.0375 0.03164556962025317
0 0.828125 0.34810126582278483 0.03625 0.03481012658227848
0 0.659375 0.8235759493670886 0.03375 0.03639240506329114
0 0.789375 0.19778481012658228 0.02625 0.03164556962025317
0 0.7325 0.23259493670886075 0.0225 0.03164556962025317
0 0.43875 0.8212025316455697 0.035 0.03481012658227848
0 0.54875 0.6004746835443038 0.0325 0.030063291139240507
0 0.55 0.5379746835443038 0.0325 0.03164556962025317
0 0.16375 0.46835443037974683 0.035 0.03481012658227848
0 0.66 0.694620253164557 0.035 0.03164556962025317
0 0.32875 0.754746835443038 0.035 0.03481012658227848
0 0.88125 0.6985759493670886 0.035 0.03322784810126582
0 0.440625 0.502373417721519 0.03375 0.03322784810126582
0 0.32875 0.7231012658227848 0.035 0.03164556962025317
0 0.440625 0.47151898734177217 0.03375 0.03164556962025317
0 0.731875 0.3022151898734177 0.02375 0.028481012658227847
0 0.715 0.8259493670886076 0.035 0.03481012658227848
0 0.549375 0.6305379746835443 0.03375 0.03322784810126582
0 0.77125 0.47389240506329117 0.035 0.03322784810126582
0 0.38375 0.6281645569620253 0.0325 0.03164556962025317
0 0.10625 0.6906645569620253 0.035 0.030063291139240507
0 0.386875 0.40348101265822783 0.03625 0.03481012658227848
0 0.6075 0.37658227848101267 0.035 0.03481012658227848
0 0.384375 0.5356012658227848 0.03375 0.030063291139240507
0 0.550625 0.5063291139240507 0.03125 0.03164556962025317
0 0.16375 0.5957278481012658 0.0325 0.03639240506329114
0 0.27375 0.7215189873417721 0.0325 0.03164556962025317
0 0.660625 0.5055379746835443 0.03375 0.030063291139240507
0 0.8275 0.4438291139240506 0.0325 0.03322784810126582
0 0.60625 0.4098101265822785 0.035 0.03164556962025317
0 0.715 0.6637658227848101 0.035 0.03322784810126582
0 0.714375 0.8892405063291139 0.03625 0.03481012658227848
0 0.660625 0.6621835443037974 0.03375 0.03322784810126582
0 0.661875 0.47389240506329117 0.03375 0.03322784810126582
0 0.43875 0.6613924050632911 0.0325 0.03481012658227848
0 0.163125 0.5316455696202531 0.03375 0.03481012658227848
0 0.219375 0.43670886075949367 0.03375 0.03164556962025317
0 0.16375 0.5007911392405063 0.035 0.030063291139240507
0 0.7025 0.23496835443037975 0.0275 0.030063291139240507
0 0.106875 0.7231012658227848 0.03625 0.03481012658227848
0 0.66125 0.569620253164557 0.0325 0.03164556962025317
0 0.55 0.5688291139240507 0.035 0.03322784810126582
0 0.385 0.564873417721519 0.035 0.03164556962025317
0 0.1625 0.5625 0.0325 0.030063291139240507
0 0.773125 0.37895569620253167 0.03625 0.03639240506329114
0 0.106875 0.6582278481012658 0.03625 0.03481012658227848
0 0.731875 0.19778481012658228 0.02375 0.03164556962025317
0 0.22 0.4026898734177215 0.0325 0.03639240506329114
0 0.32875 0.5332278481012658 0.035 0.03481012658227848
0 0.384375 0.5965189873417721 0.03375 0.03164556962025317
0 0.661875 0.5379746835443038 0.03375 0.03164556962025317
0 0.10625 0.6257911392405063 0.035 0.03322784810126582
0 0.771875 0.507120253164557 0.03375 0.03322784810126582
0 0.675625 0.19699367088607594 0.02625 0.03322784810126582
0 0.108125 0.5909810126582279 0.03625 0.03639240506329114
0 0.70625 0.16218354430379747 0.025 0.03322784810126582
0 0.716875 0.5387658227848101 0.03375 0.03639240506329114
0 0.275 0.4026898734177215 0.035 0.03639240506329114
0 0.44 0.5965189873417721 0.035 0.03481012658227848
0 0.826875 0.47705696202531644 0.03375 0.03322784810126582
0 0.7175 0.377373417721519 0.035 0.03639240506329114
0 0.219375 0.4699367088607595 0.03625 0.03481012658227848
0 0.440625 0.5363924050632911 0.03375 0.03481012658227848
0 0.38375 0.6914556962025317 0.0325 0.03481012658227848
0 0.44125 0.43908227848101267 0.035 0.03322784810126582
0 0.385625 0.5031645569620253 0.03375 0.03481012658227848
0 0.550625 0.47151898734177217 0.03375 0.03481012658227848
0 0.44125 0.40348101265822783 0.035 0.0379746835443038