0 0.7193333333333334 0.41601866251944014 0.034666666666666665 0.03265940902021773
0 0.48733333333333334 0.2161741835147745 0.034666666666666665 0.03421461897356143
0 0.48333333333333334 0.18818040435458788 0.034666666666666665 0.027993779160186624
0 0.416 0.3864696734059098 0.04133333333333333 0.029548989113530325
0 0.8566666666666667 0.2130637636080871 0.03866666666666667 0.026438569206842923
0 0.5106666666666667 0.38880248833592534 0.030666666666666665 0.03110419906687403
0 0.5133333333333333 0.4020217729393468 0.030666666666666665 0.026438569206842923
0 0.7433333333333333 0.5917573872472783 0.036 0.03576982892690513
0 0.324 0.5451010886469674 0.042666666666666665 0.041990668740279936
0 0.6806666666666666 0.8227060653188181 0.028 0.03421461897356143
0 0.876 0.36003110419906686 0.036 0.03732503888024884
0 0.36133333333333334 0.39191290824261277 0.04 0.038880248833592534
0 0.3586666666666667 0.687402799377916 0.034666666666666665 0.03265940902021773
0 0.404 0.6119751166407466 0.029333333333333333 0.03110419906687403
0 0.506 0.3561430793157076 0.032 0.04043545878693624
0 0.6186666666666667 0.5769828926905132 0.029333333333333333 0.03421461897356143
0 0.37866666666666665 0.6150855365474339 0.028 0.029548989113530325
0 0.7293333333333333 0.4860031104199067 0.034666666666666665 0.03576982892690513
0 0.5166666666666667 0.432348367029549 0.028 0.03576982892690513
0 0.49133333333333334 0.2511664074650078 0.037333333333333336 0.03732503888024884
0 0.35133333333333333 0.6174183514774495 0.029333333333333333 0.03265940902021773
0 0.386 0.5738724727838258 0.03866666666666667 0.04043545878693624
0 0.748 0.6298600311041991 0.04133333333333333 0.04354587869362364
0 0.706 0.7076205287713841 0.042666666666666665 0.04510108864696734
0 0.15533333333333332 0.531104199066874 0.04533333333333334 0.04354587869362364
0 0.6493333333333333 0.7908242612752722 0.030666666666666665 0.03732503888024884
0 0.652 0.7177293934681181 0.04133333333333333 0.041990668740279936
0 0.20666666666666667 0.8942457231726283 0.04533333333333334 0.04354587869362364
0 0.812 0.29237947122861585 0.03333333333333333 0.038880248833592534
0 0.428 0.49300155520995337 0.042666666666666665 0.04665629860031104
0 0.7106666666666667 0.7465007776049767 0.044 0.04510108864696734
0 0.35 0.3188180404354588 0.044 0.04665629860031104
0 0.5586666666666666 0.4385692068429238 0.04133333333333333 0.04665629860031104
0 0.6753333333333333 0.7869362363919129 0.030666666666666665 0.03732503888024884
0 0.4126666666666667 0.6788491446345256 0.030666666666666665 0.03265940902021773
0 0.46266666666666667 0.7083981337480559 0.042666666666666665 0.038880248833592534
0 0.38866666666666666 0.6827371695178849 0.02666666666666667 0.029548989113530325
0 0.6073333333333333 0.39346811819595645 0.044 0.04510108864696734
0 0.592 0.2869362363919129 0.04666666666666667 0.04665629860031104
0 0.612 0.43157076205287714 0.042666666666666665 0.041990668740279936
0 0.7253333333333334 0.8514774494556765 0.042666666666666665 0.04510108864696734
0 0.5973333333333334 0.3265940902021773 0.04533333333333334 0.04510108864696734
0 0.7046666666666667 0.31026438569206843 0.044 0.04354587869362364
0 0.35333333333333333 0.6524105754276828 0.036 0.04043545878693624
0 0.872 0.32426127527216175 0.04533333333333334 0.04354587869362364
0 0.7593333333333333 0.30404354587869364 0.04133333333333333 0.04510108864696734
0 0.6666666666666666 0.4237947122861586 0.04533333333333334 0.04510108864696734
0 0.6273333333333333 0.5381026438569206 0.042666666666666665 0.04510108864696734
0 0.7873333333333333 0.5163297045101088 0.048 0.04821150855365474
0 0.434 0.5326594090202177 0.04666666666666667 0.04510108864696734
0 0.2966666666666667 0.7332814930015552 0.04533333333333334 0.041990668740279936
0 0.20133333333333334 0.8538102643856921 0.042666666666666665 0.04665629860031104
0 0.2713333333333333 0.5559875583203733 0.04 0.04043545878693624
0 0.26266666666666666 0.885692068429238 0.044 0.04354587869362364
0 0.852 0.1796267496111975 0.04133333333333333 0.04510108864696734
0 0.25133333333333335 0.4059097978227061 0.04133333333333333 0.04043545878693624
0 0.7733333333333333 0.807153965785381 0.04133333333333333 0.04510108864696734
0 0.38266666666666665 0.6485225505443235 0.029333333333333333 0.03732503888024884
0 0.6846666666666666 0.8576982892690513 0.029333333333333333 0.03421461897356143
0 0.21666666666666667 0.562208398133748 0.04133333333333333 0.041990668740279936
0 0.13533333333333333 0.38724727838258166 0.04133333333333333 0.04043545878693624
0 0.4093333333333333 0.6461897356143079 0.032 0.03576982892690513
0 0.7193333333333334 0.8110419906687403 0.042666666666666665 0.04510108864696734
0 0.5526666666666666 0.29237947122861585 0.03333333333333333 0.038880248833592534
0 0.33066666666666666 0.5824261275272161 0.042666666666666665 0.041990668740279936
0 0.6446666666666667 0.5746500777604977 0.030666666666666665 0.03732503888024884
0 0.48133333333333334 0.8514774494556765 0.042666666666666665 0.04354587869362364
0 0.8126666666666666 0.6920684292379471 0.044 0.04665629860031104
0 0.19133333333333333 0.3786936236391913 0.04 0.038880248833592534
0 0.24266666666666667 0.7410575427682737 0.04133333333333333 0.03732503888024884
0 0.306 0.401244167962675 0.04 0.03732503888024884
0 0.692 0.6018662519440124 0.04533333333333334 0.04821150855365474
0 0.16133333333333333 0.5699844479004665 0.04933333333333333 0.04665629860031104
0 0.456 0.6741835147744946 0.04 0.04043545878693624
0 0.6493333333333333 0.6104199066874028 0.032 0.038880248833592534
0 0.292 0.69751166407465 0.04133333333333333 0.04043545878693624
0 0.286 0.6586314152410575 0.04533333333333334 0.04665629860031104
0 0.196 0.4129082426127527 0.04 0.04043545878693624
0 0.23733333333333334 0.7060653188180405 0.04 0.038880248833592534
0 0.714 0.37947122861586313 0.03866666666666667 0.041990668740279936
0 0.6993333333333334 0.2690513219284603 0.04 0.04354587869362364
0 0.832 0.8359253499222395 0.04133333333333333 0.038880248833592534
0 0.314 0.880248833592535 0.042666666666666665 0.04665629860031104
0 0.8173333333333334 0.7301710730948678 0.044 0.041990668740279936
0 0.356 0.3561430793157076 0.04 0.038880248833592534
0 0.804 0.6251944012441679 0.044 0.04354587869362364
0 0.49533333333333335 0.2838258164852255 0.034666666666666665 0.03421461897356143
0 0.676 0.49144634525660963 0.04 0.04354587869362364
0 0.246 0.37169517884914466 0.03866666666666667 0.038880248833592534
0 0.8466666666666667 0.14307931570762053 0.04 0.04043545878693624
0 0.656 0.7542768273716952 0.04533333333333334 0.041990668740279936
0 0.18733333333333332 0.750388802488336 0.04133333333333333 0.04043545878693624
0 0.14 0.42457231726283046 0.044 0.04354587869362364
0 0.30866666666666664 0.8367029548989113 0.044 0.049766718506998445
0 0.38 0.5373250388802489 0.042666666666666665 0.041990668740279936
0 0.232 0.6679626749611197 0.04533333333333334 0.04665629860031104
0 0.7973333333333333 0.5855365474339036 0.04533333333333334 0.049766718506998445
0 0.4766666666666667 0.8118195956454122 0.044 0.04510108864696734
0 0.32 0.5062208398133748 0.04533333333333334 0.04510108864696734
0 0.30133333333333334 0.36702954898911355 0.04 0.04043545878693624
0 0.37466666666666665 0.49922239502332816 0.042666666666666665 0.04510108864696734
0 0.212 0.5241057542768274 0.04533333333333334 0.04821150855365474
0 0.6213333333333333 0.5 0.036 0.03732503888024884
0 0.18266666666666667 0.7146189735614308 0.04133333333333333 0.04043545878693624
0 0.7806666666666666 0.4774494556765163 0.044 0.04354587869362364
0 0.412 0.3522550544323484 0.04133333333333333 0.041990668740279936
0 0.45 0.6360808709175739 0.044 0.04821150855365474
0 0.654 0.828149300155521 0.032 0.03732503888024884
0 0.17666666666666667 0.6749611197511665 0.04533333333333334 0.04821150855365474
0 0.8266666666666667 0.7978227060653188 0.04666666666666667 0.04665629860031104
0 0.24066666666666667 0.33514774494556765 0.04 0.04354587869362364
0 0.7786666666666666 0.8468118195956454 0.044 0.04354587869362364
0 0.764 0.7410575427682737 0.042666666666666665 0.04665629860031104
0 0.774 0.40746500777604977 0.04533333333333334 0.04665629860031104
0 0.696 0.6415241057542769 0.044 0.041990668740279936
0 0.658 0.8631415241057543 0.03333333333333333 0.03576982892690513
0 0.25733333333333336 0.8460342146189735 0.04533333333333334 0.05132192846034215
0 0.18533333333333332 0.3405909797822706 0.044 0.04821150855365474
0 0.13 0.34914463452566097 0.04666666666666667 0.049766718506998445
0 0.4053333333333333 0.31026438569206843 0.042666666666666665 0.04821150855365474
0 0.7593333333333333 0.7013996889580093 0.044 0.04665629860031104
0 0.554 0.39968895800933124 0.036 0.03732503888024884
0 0.754 0.2643856920684292 0.04 0.041990668740279936
0 0.682 0.5303265940902022 0.04133333333333333 0.041990668740279936
0 0.8666666666666667 0.2892690513219285 0.04133333333333333 0.04043545878693624
0 0.4666666666666667 0.380248833592535 0.04 0.04043545878693624
0 0.8606666666666667 0.25038880248833595 0.04533333333333334 0.04665629860031104
0 0.46066666666666667 0.3405909797822706 0.04133333333333333 0.04665629860031104
0 0.646 0.2776049766718507 0.04133333333333333 0.04043545878693624
0 0.2966666666666667 0.328149300155521 0.044 0.04665629860031104
0 0.66 0.3849144634525661 0.04133333333333333 0.04510108864696734
0 0.8173333333333334 0.3320373250388802 0.04 0.041990668740279936
0 0.7353333333333333 0.5225505443234837 0.04533333333333334 0.04510108864696734
0 0.266 0.5163297045101088 0.04533333333333334 0.05132192846034215
0 0.7673333333333333 0.37091757387247276 0.04133333333333333 0.041990668740279936
0 0.6506666666666666 0.3157076205287714 0.04133333333333333 0.04510108864696734