0 0.5533333333333333 0.27805280528052806 0.034444444444444444 0.0429042904290429
0 0.5583333333333333 0.6526402640264026 0.034444444444444444 0.0462046204620462
0 0.3972222222222222 0.14521452145214522 0.03777777777777778 0.04950495049504951
0 0.6038888888888889 0.3193069306930693 0.03666666666666667 0.04455445544554455
0 0.6027777777777777 0.1905940594059406 0.035555555555555556 0.04455445544554455
0 0.8583333333333333 0.26732673267326734 0.035555555555555556 0.04455445544554455
0 0.8566666666666667 0.17574257425742573 0.03666666666666667 0.04950495049504951
0 0.5577777777777778 0.570957095709571 0.035555555555555556 0.04455445544554455
0 0.8122222222222222 0.4760726072607261 0.03222222222222222 0.0429042904290429
0 0.3983333333333333 0.2838283828382838 0.035555555555555556 0.0462046204620462
0 0.6027777777777777 0.23267326732673269 0.034444444444444444 0.0429042904290429
0 0.24722222222222223 0.49504950495049505 0.03666666666666667 0.0429042904290429
0 0.7055555555555556 0.31435643564356436 0.03333333333333333 0.041254125412541254
0 0.6033333333333334 0.2755775577557756 0.034444444444444444 0.0429042904290429
0 0.6022222222222222 0.14108910891089108 0.03666666666666667 0.054455445544554455
0 0.8161111111111111 0.7293729372937293 0.03666666666666667 0.0462046204620462
0 0.5544444444444444 0.31683168316831684 0.03333333333333333 0.041254125412541254
0 0.7083333333333334 0.4801980198019802 0.03333333333333333 0.0462046204620462
0 0.29444444444444445 0.2838283828382838 0.03666666666666667 0.0462046204620462
0 0.8111111111111111 0.3935643564356436 0.03222222222222222 0.0429042904290429
0 0.7072222222222222 0.39686468646864687 0.03333333333333333 0.04455445544554455
0 0.755 0.18151815181518152 0.034444444444444444 0.04785478547854786
0 0.45055555555555554 0.23844884488448845 0.035555555555555556 0.04455445544554455
0 0.45055555555555554 0.28135313531353134 0.035555555555555556 0.04455445544554455
0 0.24444444444444444 0.24422442244224424 0.03222222222222222 0.0462046204620462
0 0.9111111111111111 0.2202970297029703 0.03777777777777778 0.04785478547854786
0 0.9133333333333333 0.3886138613861386 0.034444444444444444 0.04455445544554455
0 0.09111111111111111 0.2466996699669967 0.034444444444444444 0.0429042904290429
0 0.8077777777777778 0.3118811881188119 0.03333333333333333 0.04455445544554455
0 0.19833333333333333 0.834983498349835 0.035555555555555556 0.041254125412541254
0 0.19055555555555556 0.19801980198019803 0.03666666666666667 0.05115511551155116
0 0.91 0.1716171617161716 0.03666666666666667 0.04950495049504951
0 0.8577777777777778 0.22194719471947194 0.03333333333333333 0.0462046204620462
0 0.3461111111111111 0.28052805280528054 0.035555555555555556 0.0462046204620462
0 0.5516666666666666 0.18811881188118812 0.035555555555555556 0.04785478547854786
0 0.5505555555555556 0.13943894389438943 0.034444444444444444 0.04950495049504951
0 0.9111111111111111 0.2632013201320132 0.034444444444444444 0.041254125412541254
0 0.24333333333333335 0.32673267326732675 0.03111111111111111 0.041254125412541254
0 0.14166666666666666 0.28795379537953797 0.03666666666666667 0.04950495049504951
0 0.3972222222222222 0.19389438943894388 0.035555555555555556 0.04785478547854786
0 0.6522222222222223 0.18316831683168316 0.03333333333333333 0.041254125412541254
0 0.245 0.41089108910891087 0.03333333333333333 0.0462046204620462
0 0.3983333333333333 0.23927392739273928 0.03333333333333333 0.0462046204620462
0 0.8066666666666666 0.26732673267326734 0.034444444444444444 0.04785478547854786
0 0.24722222222222223 0.7062706270627063 0.035555555555555556 0.0462046204620462
0 0.8616666666666667 0.39026402640264024 0.03333333333333333 0.0462046204620462
0 0.8144444444444444 0.5602310231023102 0.03333333333333333 0.04455445544554455
0 0.195 0.5808580858085809 0.034444444444444444 0.04455445544554455
0 0.34555555555555556 0.1485148514851485 0.03666666666666667 0.052805280528052806
0 0.8144444444444444 0.6023102310231023 0.03333333333333333 0.0429042904290429
0 0.7022222222222222 0.13613861386138615 0.03888888888888889 0.04785478547854786
0 0.24555555555555555 0.4537953795379538 0.035555555555555556 0.0429042904290429
0 0.24388888888888888 0.19884488448844884 0.035555555555555556 0.04455445544554455
0 0.7566666666666667 0.2706270627062706 0.034444444444444444 0.041254125412541254
0 0.7072222222222222 0.3547854785478548 0.03222222222222222 0.0429042904290429
0 0.3488888888888889 0.3655115511551155 0.035555555555555556 0.04455445544554455
0 0.755 0.13283828382838284 0.034444444444444444 0.052805280528052806
0 0.9122222222222223 0.3457095709570957 0.03222222222222222 0.04455445544554455
0 0.9144444444444444 0.4298679867986799 0.03333333333333333 0.041254125412541254
0 0.7038888888888889 0.22937293729372937 0.03222222222222222 0.0429042904290429
0 0.5038888888888889 0.4397689768976898 0.04111111111111111 0.04785478547854786
0 0.1922222222222222 0.2871287128712871 0.034444444444444444 0.04455445544554455
0 0.45055555555555554 0.3234323432343234 0.03666666666666667 0.0429042904290429
0 0.45111111111111113 0.44636963696369636 0.035555555555555556 0.04455445544554455
0 0.24444444444444444 0.367986798679868 0.03111111111111111 0.037953795379537955
0 0.2961111111111111 0.24092409240924093 0.03333333333333333 0.0429042904290429
0 0.7111111111111111 0.6064356435643564 0.03333333333333333 0.0429042904290429
0 0.1938888888888889 0.41336633663366334 0.03333333333333333 0.0429042904290429
0 0.3466666666666667 0.2367986798679868 0.035555555555555556 0.04455445544554455
0 0.8627777777777778 0.4735973597359736 0.03111111111111111 0.039603960396039604
0 0.24333333333333335 0.2854785478547855 0.03 0.037953795379537955
0 0.3488888888888889 0.40924092409240925 0.034444444444444444 0.0429042904290429
0 0.8638888888888889 0.5165016501650165 0.03333333333333333 0.04455445544554455
0 0.19444444444444445 0.4966996699669967 0.03111111111111111 0.039603960396039604
0 0.6072222222222222 0.40264026402640263 0.03111111111111111 0.041254125412541254
0 0.09111111111111111 0.4174917491749175 0.03666666666666667 0.041254125412541254
0 0.8644444444444445 0.5602310231023102 0.03333333333333333 0.0429042904290429
0 0.1922222222222222 0.3292079207920792 0.03333333333333333 0.0429042904290429
0 0.20055555555555554 0.9232673267326733 0.03666666666666667 0.0462046204620462
0 0.8666666666666667 0.6443894389438944 0.035555555555555556 0.039603960396039604
0 0.5572222222222222 0.485973597359736 0.03333333333333333 0.039603960396039604
0 0.9227777777777778 0.8514851485148515 0.03888888888888889 0.0429042904290429
0 0.09166666666666666 0.45957095709570955 0.034444444444444444 0.0462046204620462
0 0.5566666666666666 0.39933993399339934 0.034444444444444444 0.04785478547854786
0 0.09222222222222222 0.5445544554455446 0.03222222222222222 0.041254125412541254
0 0.7155555555555555 0.8143564356435643 0.03666666666666667 0.0231023102310231
0 0.5205555555555555 0.7367986798679867 0.023333333333333334 0.028052805280528052
0 0.52 0.7178217821782178 0.022222222222222223 0.018151815181518153
0 0.1938888888888889 0.3704620462046205 0.034444444444444444 0.0462046204620462
0 0.8694444444444445 0.8547854785478548 0.034444444444444444 0.04785478547854786
0 0.505 0.4793729372937294 0.042222222222222223 0.03135313531353135
0 0.19722222222222222 0.7079207920792079 0.035555555555555556 0.04455445544554455
0 0.29888888888888887 0.5354785478547854 0.034444444444444444 0.04455445544554455
0 0.8177777777777778 0.768976897689769 0.034444444444444444 0.026402640264026403
0 0.5044444444444445 0.36468646864686466 0.044444444444444446 0.036303630363036306
0 0.5038888888888889 0.3341584158415842 0.044444444444444446 0.028052805280528052
0 0.24333333333333335 0.15099009900990099 0.034444444444444444 0.054455445544554455
0 0.3005555555555556 0.6625412541254125 0.034444444444444444 0.04455445544554455
0 0.45 0.14521452145214522 0.03222222222222222 0.04785478547854786
0 0.3516666666666667 0.6171617161716172 0.03333333333333333 0.0429042904290429
0 0.9211111111111111 0.8085808580858086 0.034444444444444444 0.0462046204620462
0 0.2477777777777778 0.6617161716171617 0.035555555555555556 0.0462046204620462
0 0.24944444444444444 0.7904290429042904 0.034444444444444444 0.0429042904290429
0 0.71 0.5651815181518152 0.03111111111111111 0.041254125412541254
0 0.5577777777777778 0.528052805280528 0.034444444444444444 0.04455445544554455
0 0.29944444444444446 0.5759075907590759 0.034444444444444444 0.039603960396039604
0 0.295 0.1971947194719472 0.03111111111111111 0.0429042904290429
0 0.3522222222222222 0.7021452145214522 0.034444444444444444 0.041254125412541254
0 0.8194444444444444 0.8094059405940595 0.03333333333333333 0.041254125412541254
0 0.5572222222222222 0.6113861386138614 0.034444444444444444 0.039603960396039604
0 0.1938888888888889 0.4546204620462046 0.03222222222222222 0.0429042904290429
0 0.8705555555555555 0.900990099009901 0.035555555555555556 0.04455445544554455
0 0.7122222222222222 0.6914191419141914 0.034444444444444444 0.04455445544554455
0 0.35 0.533003300330033 0.034444444444444444 0.0429042904290429
0 0.9211111111111111 0.7665016501650165 0.034444444444444444 0.041254125412541254
0 0.24833333333333332 0.6204620462046204 0.035555555555555556 0.039603960396039604
0 0.7133333333333334 0.7318481848184818 0.035555555555555556 0.0429042904290429
0 0.5016666666666667 0.19884488448844884 0.044444444444444446 0.03135313531353135
0 0.7561111111111111 0.2268976897689769 0.034444444444444444 0.0462046204620462
0 0.6527777777777778 0.2747524752475248 0.035555555555555556 0.0462046204620462
0 0.6533333333333333 0.22772277227722773 0.035555555555555556 0.04785478547854786
0 0.7577777777777778 0.3110561056105611 0.03333333333333333 0.0429042904290429
0 0.5538888888888889 0.23432343234323433 0.035555555555555556 0.04455445544554455
0 0.705 0.2739273927392739 0.03666666666666667 0.04950495049504951
0 0.095 0.8795379537953796 0.03888888888888889 0.04455445544554455
0 0.5011111111111111 0.16584158415841585 0.04 0.041254125412541254
0 0.45 0.19306930693069307 0.035555555555555556 0.04950495049504951
0 0.8094444444444444 0.35066006600660066 0.03222222222222222 0.039603960396039604
0 0.09388888888888888 0.6237623762376238 0.03777777777777778 0.04455445544554455
0 0.0961111111111111 0.9265676567656765 0.04 0.04950495049504951
0 0.09388888888888888 0.7557755775577558 0.03666666666666667 0.04455445544554455
0 0.29555555555555557 0.32425742574257427 0.035555555555555556 0.034653465346534656
0 0.08888888888888889 0.2037953795379538 0.034444444444444444 0.0429042904290429
0 0.45166666666666666 0.36386138613861385 0.03222222222222222 0.041254125412541254
0 0.09388888888888888 0.6691419141914191 0.03666666666666667 0.0462046204620462
0 0.555 0.3564356435643564 0.03222222222222222 0.041254125412541254
0 0.8666666666666667 0.683993399339934 0.03222222222222222 0.0429042904290429
0 0.4527777777777778 0.4909240924092409 0.035555555555555556 0.04785478547854786
0 0.8616666666666667 0.4315181518151815 0.03222222222222222 0.039603960396039604
0 0.29555555555555557 0.3655115511551155 0.035555555555555556 0.04455445544554455
0 0.9233333333333333 0.8952145214521452 0.034444444444444444 0.04455445544554455
0 0.09555555555555556 0.8366336633663366 0.034444444444444444 0.041254125412541254
0 0.5005555555555555 0.132013201320132 0.042222222222222223 0.036303630363036306
0 0.1988888888888889 0.5379537953795379 0.027777777777777776 0.039603960396039604
0 0.7161111111111111 0.9051155115511551 0.035555555555555556 0.0462046204620462
0 0.08944444444444444 0.37293729372937295 0.034444444444444444 0.04785478547854786
0 0.095 0.7953795379537953 0.034444444444444444 0.041254125412541254
0 0.1988888888888889 0.8770627062706271 0.035555555555555556 0.0462046204620462
0 0.09333333333333334 0.5033003300330033 0.035555555555555556 0.04455445544554455
0 0.09277777777777778 0.5833333333333334 0.034444444444444444 0.039603960396039604
0 0.3 0.7070957095709571 0.03666666666666667 0.04785478547854786
0 0.5022222222222222 0.26732673267326734 0.043333333333333335 0.033003300330033
0 0.8133333333333334 0.5181518151815182 0.034444444444444444 0.04455445544554455
0 0.09333333333333334 0.7120462046204621 0.03666666666666667 0.0429042904290429
0 0.8594444444444445 0.3069306930693069 0.03222222222222222 0.041254125412541254
0 0.5572222222222222 0.44471947194719474 0.034444444444444444 0.0429042904290429
0 0.24944444444444444 0.8316831683168316 0.035555555555555556 0.0429042904290429
0 0.9205555555555556 0.7277227722772277 0.034444444444444444 0.0429042904290429
0 0.08944444444444444 0.33003300330033003 0.03666666666666667 0.041254125412541254
0 0.19666666666666666 0.6674917491749175 0.035555555555555556 0.0429042904290429
0 0.86 0.34735973597359737 0.03333333333333333 0.0429042904290429
0 0.8205555555555556 0.8514851485148515 0.03222222222222222 0.0462046204620462
0 0.8644444444444445 0.6031353135313532 0.03333333333333333 0.0462046204620462
0 0.34944444444444445 0.44966996699669964 0.034444444444444444 0.041254125412541254
0 0.5016666666666667 0.2334983498349835 0.043333333333333335 0.041254125412541254
0 0.3527777777777778 0.7417491749174917 0.034444444444444444 0.04455445544554455
0 0.5038888888888889 0.30033003300330036 0.043333333333333335 0.0429042904290429
0 0.7083333333333334 0.43646864686468645 0.03222222222222222 0.039603960396039604
0 0.25166666666666665 0.9191419141914191 0.03777777777777778 0.0462046204620462
0 0.715 0.7764026402640264 0.03777777777777778 0.04950495049504951
0 0.34944444444444445 0.49174917491749176 0.03333333333333333 0.0429042904290429
0 0.7116666666666667 0.6485148514851485 0.034444444444444444 0.04455445544554455
0 0.29833333333333334 0.4933993399339934 0.03111111111111111 0.04455445544554455
0 0.6538888888888889 0.31600660066006603 0.03222222222222222 0.039603960396039604
0 0.19777777777777777 0.7491749174917491 0.035555555555555556 0.041254125412541254
0 0.34833333333333333 0.3234323432343234 0.03222222222222222 0.0429042904290429
0 0.09 0.2887788778877888 0.034444444444444444 0.041254125412541254
0 0.35055555555555556 0.5750825082508251 0.03666666666666667 0.04455445544554455
0 0.805 0.1782178217821782 0.03222222222222222 0.04455445544554455
0 0.29944444444444446 0.6171617161716172 0.034444444444444444 0.0462046204620462
0 0.25055555555555553 0.8729372937293729 0.03666666666666667 0.0462046204620462
0 0.8677777777777778 0.768976897689769 0.034444444444444444 0.041254125412541254
0 0.35444444444444445 0.8316831683168316 0.03666666666666667 0.0462046204620462
0 0.2972222222222222 0.4504950495049505 0.034444444444444444 0.039603960396039604
0 0.8155555555555556 0.6435643564356436 0.03333333333333333 0.0429042904290429
0 0.3461111111111111 0.19636963696369636 0.035555555555555556 0.0429042904290429
0 0.35388888888888886 0.7871287128712872 0.034444444444444444 0.0462046204620462
0 0.6061111111111112 0.3613861386138614 0.03222222222222222 0.0429042904290429
0 0.3511111111111111 0.6600660066006601 0.035555555555555556 0.0462046204620462
0 0.5588888888888889 0.6955445544554455 0.034444444444444444 0.0462046204620462
0 0.92 0.6864686468646864 0.034444444444444444 0.0462046204620462
0 0.9188888888888889 0.6427392739273927 0.035555555555555556 0.04455445544554455
0 0.19722222222222222 0.7912541254125413 0.03222222222222222 0.0462046204620462
0 0.7161111111111111 0.8556105610561056 0.03777777777777778 0.052805280528052806
0 0.6555555555555556 0.3572607260726073 0.03333333333333333 0.0462046204620462
0 0.7033333333333334 0.183993399339934 0.03666666666666667 0.05115511551155116
0 0.19611111111111112 0.6245874587458746 0.035555555555555556 0.0462046204620462
0 0.2477777777777778 0.5371287128712872 0.034444444444444444 0.041254125412541254
0 0.7594444444444445 0.39603960396039606 0.03111111111111111 0.039603960396039604
0 0.1922222222222222 0.24422442244224424 0.03222222222222222 0.04455445544554455
0 0.08833333333333333 0.15594059405940594 0.035555555555555556 0.052805280528052806
0 0.8122222222222222 0.43399339933993397 0.03111111111111111 0.039603960396039604
0 0.82 0.8976897689768977 0.035555555555555556 0.04950495049504951
0 0.8688888888888889 0.8118811881188119 0.034444444444444444 0.04455445544554455
0 0.8677777777777778 0.726897689768977 0.03333333333333333 0.0429042904290429
0 0.9138888888888889 0.47112211221122113 0.03111111111111111 0.039603960396039604
0 0.45222222222222225 0.4042904290429043 0.03222222222222222 0.0429042904290429
0 0.9155555555555556 0.5561056105610561 0.034444444444444444 0.0462046204620462
0 0.2477777777777778 0.7491749174917491 0.035555555555555556 0.0429042904290429
0 0.7105555555555556 0.523102310231023 0.03333333333333333 0.04455445544554455
0 0.8066666666666666 0.22277227722772278 0.03333333333333333 0.04455445544554455
0 0.9111111111111111 0.3028052805280528 0.03333333333333333 0.04455445544554455
0 0.9155555555555556 0.5132013201320133 0.034444444444444444 0.0429042904290429
0 0.24833333333333332 0.5792079207920792 0.034444444444444444 0.0462046204620462
0 0.8161111111111111 0.6856435643564357 0.03111111111111111 0.0429042904290429
0 0.9172222222222223 0.5998349834983498 0.034444444444444444 0.04455445544554455
0 0.7594444444444445 0.3523102310231023 0.03222222222222222 0.0429042904290429
0 0.29444444444444445 0.1476897689768977 0.03666666666666667 0.054455445544554455
0 0.2966666666666667 0.40924092409240925 0.03666666666666667 0.0462046204620462