0 0.295 0.8634868421052632 0.03666666666666667 0.04276315789473684
0 0.24444444444444444 0.19490131578947367 0.035555555555555556 0.044407894736842105
0 0.705 0.2878289473684211 0.034444444444444444 0.04276315789473684
0 0.39944444444444444 0.14802631578947367 0.034444444444444444 0.05263157894736842
0 0.705 0.4934210526315789 0.034444444444444444 0.039473684210526314
0 0.6044444444444445 0.19901315789473684 0.035555555555555556 0.04276315789473684
0 0.9122222222222223 0.20559210526315788 0.03777777777777778 0.046052631578947366
0 0.45 0.3675986842105263 0.035555555555555556 0.04111842105263158
0 0.8594444444444445 0.4564144736842105 0.034444444444444444 0.04111842105263158
0 0.45055555555555554 0.19490131578947367 0.034444444444444444 0.044407894736842105
0 0.8088888888888889 0.328125 0.03333333333333333 0.044407894736842105
0 0.8583333333333333 0.4136513157894737 0.03666666666666667 0.044407894736842105
0 0.19333333333333333 0.14802631578947367 0.035555555555555556 0.049342105263157895
0 0.8583333333333333 0.33305921052631576 0.03666666666666667 0.044407894736842105
0 0.5522222222222222 0.2878289473684211 0.03333333333333333 0.04276315789473684
0 0.2427777777777778 0.32319078947368424 0.034444444444444444 0.03782894736842105
0 0.8594444444444445 0.5353618421052632 0.034444444444444444 0.04111842105263158
0 0.9122222222222223 0.15707236842105263 0.035555555555555556 0.05098684210526316
0 0.45 0.4925986842105263 0.035555555555555556 0.044407894736842105
0 0.24222222222222223 0.4506578947368421 0.035555555555555556 0.046052631578947366
0 0.295 0.4901315789473684 0.03666666666666667 0.039473684210526314
0 0.7055555555555556 0.24259868421052633 0.03333333333333333 0.044407894736842105
0 0.2427777777777778 0.4087171052631579 0.034444444444444444 0.04111842105263158
0 0.8588888888888889 0.5789473684210527 0.035555555555555556 0.046052631578947366
0 0.705 0.7467105263157895 0.034444444444444444 0.04276315789473684
0 0.7044444444444444 0.6192434210526315 0.035555555555555556 0.04111842105263158
0 0.14 0.3223684210526316 0.03777777777777778 0.04276315789473684
0 0.08833333333333333 0.44901315789473684 0.03666666666666667 0.04276315789473684
0 0.6033333333333334 0.4120065789473684 0.03333333333333333 0.044407894736842105
0 0.9111111111111111 0.24835526315789475 0.035555555555555556 0.04276315789473684
0 0.39944444444444444 0.2837171052631579 0.034444444444444444 0.044407894736842105
0 0.45055555555555554 0.14967105263157895 0.034444444444444444 0.049342105263157895
0 0.08833333333333333 0.40625 0.03666666666666667 0.04276315789473684
0 0.705 0.4128289473684211 0.03666666666666667 0.04276315789473684
0 0.1411111111111111 0.27960526315789475 0.035555555555555556 0.04276315789473684
0 0.8588888888888889 0.7467105263157895 0.035555555555555556 0.046052631578947366
0 0.45 0.24095394736842105 0.03333333333333333 0.044407894736842105
0 0.6027777777777777 0.4555921052631579 0.03666666666666667 0.046052631578947366
0 0.29444444444444445 0.6981907894736842 0.03777777777777778 0.04111842105263158
0 0.4494444444444444 0.4498355263157895 0.034444444444444444 0.04111842105263158
0 0.29388888888888887 0.65625 0.03666666666666667 0.04276315789473684
0 0.4494444444444444 0.4087171052631579 0.03222222222222222 0.04111842105263158
0 0.6033333333333334 0.3305921052631579 0.035555555555555556 0.04276315789473684
0 0.7044444444444444 0.8273026315789473 0.035555555555555556 0.04276315789473684
0 0.19166666666666668 0.40789473684210525 0.034444444444444444 0.04276315789473684
0 0.08833333333333333 0.32401315789473684 0.03666666666666667 0.04276315789473684
0 0.5027777777777778 0.3067434210526316 0.043333333333333335 0.04111842105263158
0 0.7038888888888889 0.453125 0.03666666666666667 0.04111842105263158
0 0.705 0.7861842105263158 0.034444444444444444 0.039473684210526314
0 0.9111111111111111 0.6620065789473685 0.035555555555555556 0.044407894736842105
0 0.8588888888888889 0.6620065789473685 0.035555555555555556 0.04111842105263158
0 0.18944444444444444 0.9095394736842105 0.03666666666666667 0.046052631578947366
0 0.91 0.4161184210526316 0.035555555555555556 0.039473684210526314
0 0.18944444444444444 0.8651315789473685 0.03666666666666667 0.04276315789473684
0 0.19 0.740953947368421 0.035555555555555556 0.044407894736842105
0 0.295 0.5731907894736842 0.03666666666666667 0.04111842105263158
0 0.8583333333333333 0.37417763157894735 0.03666666666666667 0.03453947368421053
0 0.9111111111111111 0.4564144736842105 0.035555555555555556 0.04111842105263158
0 0.8588888888888889 0.6217105263157895 0.03111111111111111 0.039473684210526314
0 0.295 0.28207236842105265 0.034444444444444444 0.03782894736842105
0 0.295 0.7796052631578947 0.03666666666666667 0.04276315789473684
0 0.09055555555555556 0.14391447368421054 0.03666666666666667 0.047697368421052634
0 0.7066666666666667 0.20065789473684212 0.03333333333333333 0.039473684210526314
0 0.29444444444444445 0.53125 0.03777777777777778 0.04276315789473684
0 0.8583333333333333 0.703125 0.034444444444444444 0.04111842105263158
0 0.295 0.40707236842105265 0.03666666666666667 0.03782894736842105
0 0.19055555555555556 0.6595394736842105 0.034444444444444444 0.04276315789473684
0 0.08888888888888889 0.4917763157894737 0.03777777777777778 0.04276315789473684
0 0.19055555555555556 0.615953947368421 0.03666666666666667 0.044407894736842105
0 0.19166666666666668 0.5748355263157895 0.034444444444444444 0.04111842105263158
0 0.19166666666666668 0.28125 0.03222222222222222 0.04276315789473684
0 0.295 0.3684210526315789 0.03666666666666667 0.04276315789473684
0 0.08888888888888889 0.2779605263157895 0.035555555555555556 0.046052631578947366
0 0.14222222222222222 0.19161184210526316 0.03333333333333333 0.047697368421052634
0 0.8588888888888889 0.868421052631579 0.035555555555555556 0.046052631578947366
0 0.9111111111111111 0.7467105263157895 0.035555555555555556 0.04276315789473684
0 0.9111111111111111 0.5797697368421053 0.03333333333333333 0.04111842105263158
0 0.5022222222222222 0.23766447368421054 0.044444444444444446 0.04111842105263158
0 0.29388888888888887 0.7384868421052632 0.03666666666666667 0.04276315789473684
0 0.19 0.6998355263157895 0.035555555555555556 0.03782894736842105
0 0.19055555555555556 0.8223684210526315 0.034444444444444444 0.04276315789473684
0 0.1411111111111111 0.23766447368421054 0.035555555555555556 0.04111842105263158
0 0.8083333333333333 0.4128289473684211 0.03222222222222222 0.039473684210526314
0 0.19 0.5328947368421053 0.035555555555555556 0.04276315789473684
0 0.19055555555555556 0.7828947368421053 0.034444444444444444 0.039473684210526314
0 0.295 0.9087171052631579 0.03666666666666667 0.044407894736842105
0 0.19111111111111112 0.45148026315789475 0.035555555555555556 0.04111842105263158
0 0.9111111111111111 0.5370065789473685 0.035555555555555556 0.04111842105263158
0 0.29444444444444445 0.4465460526315789 0.035555555555555556 0.044407894736842105
0 0.9105555555555556 0.4975328947368421 0.03666666666666667 0.04111842105263158
0 0.09 0.23601973684210525 0.035555555555555556 0.03782894736842105
0 0.29444444444444445 0.6134868421052632 0.035555555555555556 0.04276315789473684
0 0.91 0.6192434210526315 0.035555555555555556 0.03782894736842105
0 0.08666666666666667 0.6570723684210527 0.035555555555555556 0.04111842105263158
0 0.9116666666666666 0.2894736842105263 0.034444444444444444 0.039473684210526314
0 0.9111111111111111 0.7047697368421053 0.035555555555555556 0.04111842105263158
0 0.5016666666666667 0.13651315789473684 0.04777777777777778 0.039473684210526314
0 0.295 0.821546052631579 0.03666666666666667 0.04111842105263158
0 0.91 0.37417763157894735 0.035555555555555556 0.044407894736842105
0 0.5116666666666667 0.7467105263157895 0.023333333333333334 0.019736842105263157
0 0.5027777777777778 0.33963815789473684 0.043333333333333335 0.027960526315789474
0 0.5116666666666667 0.7236842105263158 0.023333333333333334 0.02631578947368421
0 0.5033333333333333 0.37006578947368424 0.044444444444444446 0.03289473684210526
0 0.19111111111111112 0.3651315789473684 0.035555555555555556 0.039473684210526314
0 0.08722222222222223 0.7796052631578947 0.034444444444444444 0.04276315789473684
0 0.5016666666666667 0.171875 0.04555555555555556 0.03782894736842105
0 0.08666666666666667 0.8223684210526315 0.035555555555555556 0.04276315789473684
0 0.5022222222222222 0.20394736842105263 0.051111111111111114 0.029605263157894735
0 0.9111111111111111 0.8700657894736842 0.035555555555555556 0.039473684210526314
0 0.5022222222222222 0.2722039473684211 0.044444444444444446 0.03125
0 0.705 0.5353618421052632 0.03666666666666667 0.044407894736842105
0 0.9111111111111111 0.3305921052631579 0.03777777777777778 0.04276315789473684
0 0.08777777777777777 0.5764802631578947 0.035555555555555556 0.04111842105263158
0 0.08666666666666667 0.90625 0.03777777777777778 0.046052631578947366
0 0.7044444444444444 0.32894736842105265 0.035555555555555556 0.04276315789473684
0 0.08722222222222223 0.7401315789473685 0.03666666666666667 0.039473684210526314
0 0.09055555555555556 0.1924342105263158 0.03888888888888889 0.046052631578947366
0 0.2966666666666667 0.19572368421052633 0.035555555555555556 0.046052631578947366
0 0.08666666666666667 0.8634868421052632 0.035555555555555556 0.039473684210526314
0 0.3988888888888889 0.1981907894736842 0.03777777777777778 0.044407894736842105
0 0.9111111111111111 0.7894736842105263 0.035555555555555556 0.04276315789473684
0 0.8588888888888889 0.9120065789473685 0.03333333333333333 0.04111842105263158
0 0.91 0.8297697368421053 0.035555555555555556 0.04111842105263158
0 0.08833333333333333 0.5328947368421053 0.03888888888888889 0.04276315789473684
0 0.08833333333333333 0.3651315789473684 0.03666666666666667 0.039473684210526314
0 0.705 0.7047697368421053 0.034444444444444444 0.04111842105263158
0 0.08666666666666667 0.615953947368421 0.03777777777777778 0.04111842105263158
0 0.8588888888888889 0.787828947368421 0.03333333333333333 0.039473684210526314
0 0.9116666666666666 0.9144736842105263 0.04111111111111111 0.049342105263157895
0 0.08722222222222223 0.6998355263157895 0.03888888888888889 0.04111842105263158
0 0.19277777777777777 0.19490131578947367 0.034444444444444444 0.044407894736842105
0 0.8594444444444445 0.8248355263157895 0.034444444444444444 0.04111842105263158
0 0.19055555555555556 0.4917763157894737 0.034444444444444444 0.04276315789473684
0 0.705 0.9120065789473685 0.03888888888888889 0.027960526315789474
0 0.5022222222222222 0.4901315789473684 0.042222222222222223 0.03289473684210526
0 0.8083333333333333 0.2837171052631579 0.034444444444444444 0.027960526315789474
0 0.705 0.8717105263157895 0.03666666666666667 0.046052631578947366
0 0.3977777777777778 0.24095394736842105 0.03333333333333333 0.04111842105263158
0 0.6027777777777777 0.37088815789473684 0.03222222222222222 0.04111842105263158
0 0.295 0.32401315789473684 0.034444444444444444 0.04276315789473684
0 0.3472222222222222 0.14884868421052633 0.034444444444444444 0.05098684210526316
0 0.2427777777777778 0.36430921052631576 0.034444444444444444 0.047697368421052634
0 0.5011111111111111 0.4449013157894737 0.042222222222222223 0.047697368421052634
0 0.8588888888888889 0.2886513157894737 0.035555555555555556 0.044407894736842105
0 0.705 0.3717105263157895 0.034444444444444444 0.04276315789473684
0 0.45055555555555554 0.2837171052631579 0.034444444444444444 0.044407894736842105
0 0.1922222222222222 0.23848684210526316 0.03333333333333333 0.04276315789473684
0 0.8594444444444445 0.4967105263157895 0.034444444444444444 0.039473684210526314
0 0.3466666666666667 0.19736842105263158 0.03777777777777778 0.046052631578947366
0 0.705 0.662828947368421 0.034444444444444444 0.04276315789473684
0 0.7055555555555556 0.5773026315789473 0.03777777777777778 0.04276315789473684
0 0.5527777777777778 0.3314144736842105 0.034444444444444444 0.04111842105263158
0 0.6033333333333334 0.1513157894736842 0.035555555555555556 0.049342105263157895
0 0.19166666666666668 0.32319078947368424 0.034444444444444444 0.04111842105263158
0 0.8077777777777778 0.3717105263157895 0.03333333333333333 0.046052631578947366
0 0.24444444444444444 0.24013157894736842 0.03333333333333333 0.04276315789473684
0 0.5522222222222222 0.3717105263157895 0.035555555555555556 0.04276315789473684
0 0.6544444444444445 0.1981907894736842 0.03333333333333333 0.047697368421052634
0 0.45 0.32648026315789475 0.03333333333333333 0.04111842105263158
0 0.7572222222222222 0.2894736842105263 0.03666666666666667 0.04276315789473684
0 0.7577777777777778 0.203125 0.035555555555555556 0.04111842105263158
0 0.2961111111111111 0.15049342105263158 0.03666666666666667 0.047697368421052634
0 0.7572222222222222 0.32976973684210525 0.03666666666666667 0.04111842105263158
0 0.6038888888888889 0.2878289473684211 0.034444444444444444 0.04276315789473684
0 0.24388888888888888 0.28289473684210525 0.034444444444444444 0.04276315789473684
0 0.7572222222222222 0.37335526315789475 0.03666666666666667 0.046052631578947366
0 0.6544444444444445 0.2894736842105263 0.035555555555555556 0.04276315789473684
0 0.6033333333333334 0.24342105263157895 0.035555555555555556 0.046052631578947366
0 0.2961111111111111 0.24177631578947367 0.034444444444444444 0.04276315789473684
0 0.6544444444444445 0.24424342105263158 0.035555555555555556 0.044407894736842105
0 0.7061111111111111 0.15460526315789475 0.03666666666666667 0.05263157894736842
0 0.7583333333333333 0.15542763157894737 0.03666666666666667 0.054276315789473686
0 0.7572222222222222 0.24588815789473684 0.03666666666666667 0.044407894736842105
0 0.5522222222222222 0.24259868421052633 0.035555555555555556 0.044407894736842105
0 0.5533333333333333 0.19983552631578946 0.035555555555555556 0.04111842105263158
0 0.5538888888888889 0.1513157894736842 0.034444444444444444 0.05263157894736842