0 0.5155555555555555 0.7446457990115322 0.02 0.023064250411861616
0 0.5138888888888888 0.7248764415156508 0.021111111111111112 0.026359143327841845
0 0.19 0.36902800658978585 0.035555555555555556 0.026359143327841845
0 0.91 0.45304777594728174 0.03333333333333333 0.039538714991762765
0 0.8072222222222222 0.33278418451400327 0.034444444444444444 0.039538714991762765
0 0.5016666666666667 0.21087314662273476 0.043333333333333335 0.029654036243822075
0 0.91 0.4135090609555189 0.03333333333333333 0.039538714991762765
0 0.8611111111111112 0.6606260296540363 0.035555555555555556 0.032948929159802305
0 0.5022222222222222 0.14497528830313014 0.04 0.032948929159802305
0 0.3988888888888889 0.7899505766062603 0.03333333333333333 0.04118616144975288
0 0.3488888888888889 0.7924217462932455 0.04 0.04612850082372323
0 0.4533333333333333 0.9168039538714992 0.028888888888888888 0.04118616144975288
0 0.3488888888888889 0.8311367380560132 0.035555555555555556 0.04118616144975288
0 0.3988888888888889 0.7504118616144976 0.03333333333333333 0.04118616144975288
0 0.5022222222222222 0.1812191103789127 0.04 0.036243822075782535
0 0.9105555555555556 0.5354200988467874 0.03222222222222222 0.039538714991762765
0 0.8588888888888889 0.24629324546952225 0.035555555555555556 0.04118616144975288
0 0.9111111111111111 0.33031301482701814 0.03333333333333333 0.044481054365733116
0 0.39944444444444444 0.8294892915980231 0.03222222222222222 0.04118616144975288
0 0.4 0.8698517298187809 0.03333333333333333 0.039538714991762765
0 0.3977777777777778 0.33278418451400327 0.035555555555555556 0.039538714991762765
0 0.6027777777777777 0.913509060955519 0.03222222222222222 0.04118616144975288
0 0.8611111111111112 0.7883031301482701 0.03333333333333333 0.03130148270181219
0 0.9105555555555556 0.49341021416803954 0.034444444444444444 0.044481054365733116
0 0.7566666666666667 0.33360790774299837 0.03333333333333333 0.04118616144975288
0 0.4494444444444444 0.500823723228995 0.034444444444444444 0.039538714991762765
0 0.3466666666666667 0.6647446457990115 0.035555555555555556 0.04118616144975288
0 0.19055555555555556 0.20345963756177923 0.03666666666666667 0.044481054365733116
0 0.6538888888888889 0.20510708401976935 0.034444444444444444 0.04118616144975288
0 0.29444444444444445 0.20181219110378912 0.035555555555555556 0.047775947281713346
0 0.4494444444444444 0.414332784184514 0.03222222222222222 0.03789126853377265
0 0.3461111111111111 0.24958813838550248 0.03222222222222222 0.04118616144975288
0 0.6044444444444445 0.5815485996705108 0.03333333333333333 0.039538714991762765
0 0.7566666666666667 0.2471169686985173 0.03333333333333333 0.042833607907743
0 0.3972222222222222 0.3731466227347611 0.034444444444444444 0.04118616144975288
0 0.5511111111111111 0.2899505766062603 0.035555555555555556 0.04612850082372323
0 0.295 0.4588138385502471 0.03666666666666667 0.044481054365733116
0 0.3977777777777778 0.24958813838550248 0.03333333333333333 0.04118616144975288
0 0.7583333333333333 0.5378912685337727 0.034444444444444444 0.044481054365733116
0 0.7561111111111111 0.2915980230642504 0.034444444444444444 0.042833607907743
0 0.8605555555555555 0.6202635914332785 0.03666666666666667 0.044481054365733116
0 0.6538888888888889 0.24794069192751236 0.034444444444444444 0.044481054365733116
0 0.6044444444444445 0.5411861614497528 0.03333333333333333 0.04118616144975288
0 0.345 0.20510708401976935 0.03222222222222222 0.044481054365733116
0 0.4494444444444444 0.4588138385502471 0.034444444444444444 0.044481054365733116
0 0.3972222222222222 0.41515650741350907 0.034444444444444444 0.039538714991762765
0 0.6033333333333334 0.4596375617792422 0.03333333333333333 0.042833607907743
0 0.45 0.3747940691927512 0.03111111111111111 0.04118616144975288
0 0.3977777777777778 0.4588138385502471 0.035555555555555556 0.044481054365733116
0 0.34555555555555556 0.2907742998352554 0.03333333333333333 0.04118616144975288
0 0.7561111111111111 0.37397034596375617 0.034444444444444444 0.039538714991762765
0 0.7044444444444444 0.2504118616144975 0.035555555555555556 0.04612850082372323
0 0.45 0.2915980230642504 0.03333333333333333 0.039538714991762765
0 0.6038888888888889 0.6639209225700164 0.034444444444444444 0.042833607907743
0 0.7566666666666667 0.41515650741350907 0.03777777777777778 0.042833607907743
0 0.6044444444444445 0.6210873146622735 0.03333333333333333 0.042833607907743
0 0.45111111111111113 0.2471169686985173 0.03333333333333333 0.042833607907743
0 0.3972222222222222 0.2915980230642504 0.03666666666666667 0.039538714991762765
0 0.14055555555555554 0.871499176276771 0.034444444444444444 0.032948929159802305
0 0.8077777777777778 0.4135090609555189 0.03333333333333333 0.036243822075782535
0 0.6033333333333334 0.8731466227347611 0.03333333333333333 0.039538714991762765
0 0.9105555555555556 0.28912685337726524 0.03222222222222222 0.04118616144975288
0 0.8611111111111112 0.8270181219110379 0.03333333333333333 0.042833607907743
0 0.45055555555555554 0.7462932454695222 0.034444444444444444 0.042833607907743
0 0.18944444444444444 0.414332784184514 0.03 0.044481054365733116
0 0.19 0.4588138385502471 0.03111111111111111 0.04118616144975288
0 0.5033333333333333 0.31219110378912684 0.04 0.04118616144975288
0 0.6038888888888889 0.500823723228995 0.03222222222222222 0.039538714991762765
0 0.14 0.7899505766062603 0.035555555555555556 0.044481054365733116
0 0.9105555555555556 0.24546952224052718 0.03666666666666667 0.04612850082372323
0 0.8611111111111112 0.7026359143327842 0.03777777777777778 0.047775947281713346
0 0.8588888888888889 0.28912685337726524 0.035555555555555556 0.044481054365733116
0 0.8594444444444445 0.45551894563426687 0.03222222222222222 0.04118616144975288
0 0.3477777777777778 0.5411861614497528 0.03333333333333333 0.044481054365733116
0 0.86 0.3731466227347611 0.03333333333333333 0.04118616144975288
0 0.7572222222222222 0.49670510708401977 0.03222222222222222 0.04118616144975288
0 0.14 0.8327841845140033 0.03333333333333333 0.04118616144975288
0 0.3472222222222222 0.5823723228995058 0.03222222222222222 0.03789126853377265
0 0.19055555555555556 0.24958813838550248 0.03222222222222222 0.04118616144975288
0 0.13944444444444445 0.46046128500823724 0.034444444444444444 0.04118616144975288
0 0.8588888888888889 0.3319604612850082 0.035555555555555556 0.04118616144975288
0 0.1388888888888889 0.5831960461285008 0.035555555555555556 0.042833607907743
0 0.8594444444444445 0.414332784184514 0.034444444444444444 0.04118616144975288
0 0.8083333333333333 0.4538714991762768 0.034444444444444444 0.047775947281713346
0 0.5522222222222222 0.3772652388797364 0.03111111111111111 0.039538714991762765
0 0.6027777777777777 0.15897858319604613 0.034444444444444444 0.047775947281713346
0 0.3977777777777778 0.7075782537067545 0.035555555555555556 0.044481054365733116
0 0.6033333333333334 0.3731466227347611 0.03333333333333333 0.044481054365733116
0 0.7577777777777778 0.45634266886326197 0.035555555555555556 0.036243822075782535
0 0.7577777777777778 0.5799011532125206 0.03111111111111111 0.036243822075782535
0 0.3461111111111111 0.45551894563426687 0.034444444444444444 0.044481054365733116
0 0.19055555555555556 0.500823723228995 0.034444444444444444 0.04612850082372323
0 0.19111111111111112 0.28912685337726524 0.03333333333333333 0.04118616144975288
0 0.5516666666666666 0.33607907742998355 0.034444444444444444 0.042833607907743
0 0.8577777777777778 0.15733113673805602 0.035555555555555556 0.047775947281713346
0 0.34555555555555556 0.33031301482701814 0.03333333333333333 0.03789126853377265
0 0.6027777777777777 0.41515650741350907 0.03222222222222222 0.039538714991762765
0 0.7038888888888889 0.15980230642504117 0.03666666666666667 0.04942339373970346
0 0.3983333333333333 0.6655683690280065 0.034444444444444444 0.042833607907743
0 0.3472222222222222 0.7067545304777595 0.03666666666666667 0.04612850082372323
0 0.6033333333333334 0.7059308072487644 0.03111111111111111 0.044481054365733116
0 0.13944444444444445 0.6647446457990115 0.034444444444444444 0.044481054365733116
0 0.6038888888888889 0.7899505766062603 0.03222222222222222 0.04118616144975288
0 0.9111111111111111 0.7059308072487644 0.03777777777777778 0.044481054365733116
0 0.6033333333333334 0.7495881383855024 0.03333333333333333 0.039538714991762765
0 0.4494444444444444 0.6672158154859967 0.03666666666666667 0.042833607907743
0 0.86 0.5790774299835255 0.035555555555555556 0.04118616144975288
0 0.3461111111111111 0.4135090609555189 0.03222222222222222 0.039538714991762765
0 0.45055555555555554 0.20345963756177923 0.03222222222222222 0.03789126853377265
0 0.45 0.6243822075782537 0.035555555555555556 0.042833607907743
0 0.08777777777777777 0.2907742998352554 0.035555555555555556 0.051070840197693576
0 0.6538888888888889 0.37397034596375617 0.03 0.039538714991762765
0 0.24222222222222223 0.20593080724876442 0.03333333333333333 0.04612850082372323
0 0.3983333333333333 0.5420098846787479 0.034444444444444444 0.039538714991762765
0 0.8083333333333333 0.37397034596375617 0.034444444444444444 0.042833607907743
0 0.14 0.29242174629324547 0.035555555555555556 0.04118616144975288
0 0.8605555555555555 0.7504118616144976 0.034444444444444444 0.044481054365733116
0 0.3466666666666667 0.6219110378912686 0.035555555555555556 0.04118616144975288
0 0.6033333333333334 0.2042833607907743 0.035555555555555556 0.042833607907743
0 0.6033333333333334 0.8327841845140033 0.03333333333333333 0.04118616144975288
0 0.7577777777777778 0.6219110378912686 0.03333333333333333 0.047775947281713346
0 0.6538888888888889 0.457166392092257 0.03222222222222222 0.04118616144975288
0 0.8072222222222222 0.28912685337726524 0.034444444444444444 0.044481054365733116
0 0.14055555555555554 0.15897858319604613 0.03666666666666667 0.051070840197693576
0 0.6538888888888889 0.4159802306425041 0.03222222222222222 0.04118616144975288
0 0.705 0.20675453047775946 0.03222222222222222 0.04118616144975288
0 0.3977777777777778 0.6227347611202636 0.03333333333333333 0.042833607907743
0 0.45 0.5807248764415156 0.035555555555555556 0.044481054365733116
0 0.19055555555555556 0.15733113673805602 0.03666666666666667 0.044481054365733116
0 0.6538888888888889 0.15815485996705106 0.034444444444444444 0.04942339373970346
0 0.29444444444444445 0.2471169686985173 0.03333333333333333 0.042833607907743
0 0.29388888888888887 0.2899505766062603 0.03222222222222222 0.039538714991762765
0 0.29388888888888887 0.41515650741350907 0.03666666666666667 0.042833607907743
0 0.5016666666666667 0.4497528830313015 0.03888888888888889 0.04612850082372323
0 0.13944444444444445 0.5411861614497528 0.03666666666666667 0.044481054365733116
0 0.6533333333333333 0.2915980230642504 0.03333333333333333 0.039538714991762765
0 0.14 0.20757825370675453 0.035555555555555556 0.042833607907743
0 0.4494444444444444 0.15815485996705106 0.03888888888888889 0.04942339373970346
0 0.2427777777777778 0.15980230642504117 0.03666666666666667 0.04612850082372323
0 0.6533333333333333 0.33278418451400327 0.035555555555555556 0.039538714991762765
0 0.14 0.2504118616144975 0.035555555555555556 0.042833607907743
0 0.34555555555555556 0.371499176276771 0.03333333333333333 0.044481054365733116
0 0.7055555555555556 0.2932454695222405 0.03333333333333333 0.039538714991762765
0 0.6038888888888889 0.24794069192751236 0.034444444444444444 0.04118616144975288
0 0.3983333333333333 0.5016474464579901 0.03666666666666667 0.04118616144975288
0 0.5033333333333333 0.37808896210873144 0.04 0.03459637561779242
0 0.4494444444444444 0.7059308072487644 0.034444444444444444 0.03789126853377265
0 0.3977777777777778 0.5815485996705108 0.03333333333333333 0.039538714991762765
0 0.1388888888888889 0.41680395387149916 0.035555555555555556 0.042833607907743
0 0.9105555555555556 0.37397034596375617 0.03666666666666667 0.042833607907743
0 0.86 0.5370675453047776 0.03333333333333333 0.042833607907743
0 0.8611111111111112 0.871499176276771 0.03111111111111111 0.042833607907743
0 0.29444444444444445 0.3723228995057661 0.035555555555555556 0.042833607907743
0 0.6544444444444445 0.49835255354200986 0.03333333333333333 0.044481054365733116
0 0.8594444444444445 0.4942339373970346 0.034444444444444444 0.042833607907743
0 0.45 0.5403624382207578 0.03333333333333333 0.039538714991762765
0 0.7044444444444444 0.3344316309719934 0.03111111111111111 0.042833607907743
0 0.34833333333333333 0.9159802306425041 0.034444444444444444 0.042833607907743
0 0.3477777777777778 0.7495881383855024 0.03333333333333333 0.039538714991762765
0 0.8611111111111112 0.913509060955519 0.03111111111111111 0.03789126853377265
0 0.5016666666666667 0.4942339373970346 0.03888888888888889 0.026359143327841845
0 0.5033333333333333 0.3467874794069193 0.03777777777777778 0.02800658978583196
0 0.9116666666666666 0.6639209225700164 0.03666666666666667 0.039538714991762765
0 0.39666666666666667 0.2042833607907743 0.035555555555555556 0.04612850082372323
0 0.4494444444444444 0.33278418451400327 0.034444444444444444 0.039538714991762765
0 0.3466666666666667 0.49835255354200986 0.035555555555555556 0.04118616144975288
0 0.13944444444444445 0.3747940691927512 0.034444444444444444 0.04118616144975288
0 0.45111111111111113 0.8278418451400329 0.03333333333333333 0.04118616144975288
0 0.19 0.33031301482701814 0.03333333333333333 0.04118616144975288
0 0.7561111111111111 0.15733113673805602 0.034444444444444444 0.047775947281713346
0 0.13944444444444445 0.7075782537067545 0.03222222222222222 0.04118616144975288
0 0.8594444444444445 0.2026359143327842 0.03666666666666667 0.042833607907743
0 0.3477777777777778 0.871499176276771 0.035555555555555556 0.042833607907743
0 0.29333333333333333 0.3311367380560132 0.03333333333333333 0.039538714991762765
0 0.45055555555555554 0.785831960461285 0.034444444444444444 0.039538714991762765
0 0.45055555555555554 0.8706754530477759 0.034444444444444444 0.044481054365733116
0 0.14 0.9151565074135091 0.03777777777777778 0.051070840197693576
0 0.13944444444444445 0.6252059308072487 0.034444444444444444 0.03789126853377265
0 0.13944444444444445 0.7479406919275123 0.03222222222222222 0.039538714991762765
0 0.13944444444444445 0.3344316309719934 0.034444444444444444 0.042833607907743
0 0.5016666666666667 0.24464579901153213 0.04111111111111111 0.03789126853377265
0 0.6033333333333334 0.2899505766062603 0.03111111111111111 0.039538714991762765
0 0.9116666666666666 0.6227347611202636 0.03666666666666667 0.04612850082372323
0 0.39944444444444444 0.913509060955519 0.034444444444444444 0.044481054365733116
0 0.9111111111111111 0.5782537067545305 0.035555555555555556 0.042833607907743
0 0.13944444444444445 0.49835255354200986 0.034444444444444444 0.04118616144975288
0 0.9111111111111111 0.200164744645799 0.035555555555555556 0.044481054365733116
0 0.7561111111111111 0.20510708401976935 0.034444444444444444 0.04118616144975288
0 0.5027777777777778 0.2784184514003295 0.03888888888888889 0.032948929159802305
0 0.6027777777777777 0.33031301482701814 0.03222222222222222 0.04118616144975288