0 0.705 0.7064144736842105 0.03666666666666667 0.047697368421052634
0 0.17722222222222223 0.5411184210526315 0.023333333333333334 0.03618421052631579
0 0.20277777777777778 0.5419407894736842 0.023333333333333334 0.03782894736842105
0 0.17722222222222223 0.6677631578947368 0.021111111111111112 0.03618421052631579
0 0.13833333333333334 0.6677631578947368 0.034444444444444444 0.04276315789473684
0 0.20333333333333334 0.6266447368421053 0.022222222222222223 0.039473684210526314
0 0.18888888888888888 0.3717105263157895 0.035555555555555556 0.046052631578947366
0 0.17833333333333334 0.6233552631578947 0.023333333333333334 0.03618421052631579
0 0.08611111111111111 0.29194078947368424 0.03666666666666667 0.047697368421052634
0 0.3972222222222222 0.7105263157894737 0.03666666666666667 0.04276315789473684
0 0.8083333333333333 0.7064144736842105 0.034444444444444444 0.044407894736842105
0 0.9222222222222223 0.37582236842105265 0.024444444444444446 0.03782894736842105
0 0.20333333333333334 0.7113486842105263 0.024444444444444446 0.03782894736842105
0 0.4072222222222222 0.4194078947368421 0.023333333333333334 0.03618421052631579
0 0.5622222222222222 0.375 0.024444444444444446 0.039473684210526314
0 0.2916666666666667 0.25082236842105265 0.034444444444444444 0.03782894736842105
0 0.08555555555555555 0.3774671052631579 0.03777777777777778 0.047697368421052634
0 0.86 0.7088815789473685 0.03777777777777778 0.046052631578947366
0 0.17666666666666667 0.5805921052631579 0.024444444444444446 0.03618421052631579
0 0.8594444444444445 0.6661184210526315 0.03666666666666667 0.04276315789473684
0 0.24055555555555555 0.29276315789473684 0.034444444444444444 0.04276315789473684
0 0.5622222222222222 0.41776315789473684 0.024444444444444446 0.03618421052631579
0 0.45 0.7088815789473685 0.03333333333333333 0.04276315789473684
0 0.9111111111111111 0.2944078947368421 0.03333333333333333 0.04276315789473684
0 0.8588888888888889 0.37993421052631576 0.035555555555555556 0.046052631578947366
0 0.7566666666666667 0.665296052631579 0.035555555555555556 0.04111842105263158
0 0.6016666666666667 0.25 0.034444444444444444 0.039473684210526314
0 0.40944444444444444 0.45805921052631576 0.023333333333333334 0.03453947368421053
0 0.6011111111111112 0.20394736842105263 0.03333333333333333 0.049342105263157895
0 0.7572222222222222 0.7072368421052632 0.03666666666666667 0.046052631578947366
0 0.18944444444444444 0.2894736842105263 0.03666666666666667 0.05263157894736842
0 0.8072222222222222 0.3371710526315789 0.034444444444444444 0.04276315789473684
0 0.24 0.24753289473684212 0.035555555555555556 0.047697368421052634
0 0.13555555555555557 0.37582236842105265 0.03333333333333333 0.044407894736842105
0 0.8077777777777778 0.6200657894736842 0.03333333333333333 0.049342105263157895
0 0.8583333333333333 0.3371710526315789 0.034444444444444444 0.04276315789473684
0 0.7033333333333334 0.3371710526315789 0.03333333333333333 0.039473684210526314
0 0.6527777777777778 0.33223684210526316 0.034444444444444444 0.039473684210526314
0 0.13833333333333334 0.6225328947368421 0.034444444444444444 0.047697368421052634
0 0.2922222222222222 0.29276315789473684 0.035555555555555556 0.046052631578947366
0 0.705 0.6200657894736842 0.034444444444444444 0.049342105263157895
0 0.39666666666666667 0.3338815789473684 0.035555555555555556 0.04276315789473684
0 0.9111111111111111 0.24917763157894737 0.03777777777777778 0.047697368421052634
0 0.34444444444444444 0.3338815789473684 0.035555555555555556 0.039473684210526314
0 0.6022222222222222 0.29194078947368424 0.035555555555555556 0.044407894736842105
0 0.4988888888888889 0.4506578947368421 0.04 0.046052631578947366
0 0.13833333333333334 0.7105263157894737 0.03666666666666667 0.046052631578947366
0 0.2922222222222222 0.203125 0.035555555555555556 0.054276315789473686
0 0.7555555555555555 0.3347039473684211 0.035555555555555556 0.04111842105263158
0 0.49944444444444447 0.4942434210526316 0.04111111111111111 0.04111842105263158
0 0.55 0.29194078947368424 0.03333333333333333 0.044407894736842105
0 0.8594444444444445 0.6200657894736842 0.03666666666666667 0.049342105263157895
0 0.39611111111111114 0.6241776315789473 0.034444444444444444 0.047697368421052634
0 0.6516666666666666 0.37582236842105265 0.03666666666666667 0.047697368421052634
0 0.8072222222222222 0.3782894736842105 0.034444444444444444 0.039473684210526314
0 0.7566666666666667 0.6200657894736842 0.035555555555555556 0.049342105263157895
0 0.4488888888888889 0.6677631578947368 0.035555555555555556 0.039473684210526314
0 0.8072222222222222 0.2894736842105263 0.034444444444444444 0.049342105263157895
0 0.5005555555555555 0.3462171052631579 0.043333333333333335 0.03453947368421053
0 0.8738888888888889 0.8708881578947368 0.025555555555555557 0.03453947368421053
0 0.5 0.31085526315789475 0.044444444444444446 0.039473684210526314
0 0.49944444444444447 0.28042763157894735 0.043333333333333335 0.03125
0 0.49944444444444447 0.21299342105263158 0.04555555555555556 0.027960526315789474
0 0.5005555555555555 0.37664473684210525 0.043333333333333335 0.03618421052631579
0 0.9116666666666666 0.33305921052631576 0.03666666666666667 0.027960526315789474
0 0.4988888888888889 0.5361842105263158 0.035555555555555556 0.039473684210526314
0 0.7711111111111111 0.8717105263157895 0.024444444444444446 0.03289473684210526
0 0.5005555555555555 0.14802631578947367 0.04555555555555556 0.03289473684210526
0 0.3972222222222222 0.6677631578947368 0.034444444444444444 0.039473684210526314
0 0.20222222222222222 0.41776315789473684 0.02 0.03618421052631579
0 0.8705555555555555 0.7508223684210527 0.027777777777777776 0.03453947368421053
0 0.7688888888888888 0.7491776315789473 0.024444444444444446 0.03125
0 0.5005555555555555 0.18174342105263158 0.043333333333333335 0.03453947368421053
0 0.8194444444444444 0.7491776315789473 0.023333333333333334 0.03782894736842105
0 0.49944444444444447 0.24588815789473684 0.043333333333333335 0.04111842105263158
0 0.13666666666666666 0.3338815789473684 0.03333333333333333 0.039473684210526314
0 0.8205555555555556 0.7886513157894737 0.023333333333333334 0.03453947368421053
0 0.77 0.7894736842105263 0.02666666666666667 0.03618421052631579
0 0.5116666666666667 0.7401315789473685 0.021111111111111112 0.02631578947368421
0 0.1511111111111111 0.8322368421052632 0.024444444444444446 0.03289473684210526
0 0.9233333333333333 0.41776315789473684 0.024444444444444446 0.03618421052631579
0 0.08555555555555555 0.3338815789473684 0.035555555555555556 0.039473684210526314
0 0.20277777777777778 0.5024671052631579 0.023333333333333334 0.03453947368421053
0 0.1511111111111111 0.7911184210526315 0.024444444444444446 0.03289473684210526
0 0.17666666666666667 0.4185855263157895 0.024444444444444446 0.03782894736842105
0 0.7044444444444444 0.6636513157894737 0.03333333333333333 0.04111842105263158
0 0.20222222222222222 0.6702302631578947 0.022222222222222223 0.03453947368421053
0 0.24055555555555555 0.3355263157894737 0.03666666666666667 0.039473684210526314
0 0.8077777777777778 0.6644736842105263 0.035555555555555556 0.04276315789473684
0 0.15055555555555555 0.7549342105263158 0.025555555555555557 0.03289473684210526
0 0.5494444444444444 0.3338815789473684 0.03666666666666667 0.03618421052631579
0 0.1761111111111111 0.5008223684210527 0.023333333333333334 0.03782894736842105
0 0.1761111111111111 0.4588815789473684 0.023333333333333334 0.03618421052631579
0 0.8716666666666667 0.7894736842105263 0.025555555555555557 0.03618421052631579
0 0.20277777777777778 0.4588815789473684 0.023333333333333334 0.039473684210526314
0 0.13722222222222222 0.29276315789473684 0.034444444444444444 0.046052631578947366
0 0.39666666666666667 0.2894736842105263 0.035555555555555556 0.046052631578947366
0 0.4483333333333333 0.3338815789473684 0.034444444444444444 0.04276315789473684
0 0.4483333333333333 0.6217105263157895 0.03666666666666667 0.049342105263157895
0 0.4488888888888889 0.2886513157894737 0.035555555555555556 0.044407894736842105
0 0.3438888888888889 0.2902960526315789 0.034444444444444444 0.047697368421052634
0 0.7555555555555555 0.2902960526315789 0.035555555555555556 0.047697368421052634
0 0.4483333333333333 0.375 0.03222222222222222 0.04276315789473684
0 0.7033333333333334 0.29194078947368424 0.035555555555555556 0.047697368421052634
0 0.7038888888888889 0.37664473684210525 0.034444444444444444 0.04276315789473684
0 0.7561111111111111 0.375 0.034444444444444444 0.039473684210526314
0 0.55 0.24588815789473684 0.035555555555555556 0.047697368421052634
0 0.8588888888888889 0.29194078947368424 0.035555555555555556 0.047697368421052634
0 0.6516666666666666 0.2878289473684211 0.03666666666666667 0.049342105263157895
0 0.39666666666666667 0.37582236842105265 0.035555555555555556 0.044407894736842105
0 0.34444444444444444 0.37582236842105265 0.03777777777777778 0.044407894736842105