0 0.7594444444444445 0.3637110016420361 0.034444444444444444 0.04433497536945813
0 0.76 0.7019704433497537 0.035555555555555556 0.04433497536945813
0 0.12833333333333333 0.8226600985221675 0.021111111111111112 0.03284072249589491
0 0.8755555555555555 0.3645320197044335 0.022222222222222223 0.03284072249589491
0 0.9027777777777778 0.909688013136289 0.023333333333333334 0.03284072249589491
0 0.7727777777777778 0.9113300492610837 0.021111111111111112 0.03284072249589491
0 0.15333333333333332 0.7816091954022989 0.022222222222222223 0.03284072249589491
0 0.1288888888888889 0.7405582922824302 0.022222222222222223 0.03284072249589491
0 0.7744444444444445 0.867816091954023 0.022222222222222223 0.034482758620689655
0 0.15388888888888888 0.825944170771757 0.023333333333333334 0.03940886699507389
0 0.8238888888888889 0.7422003284072249 0.021111111111111112 0.03284072249589491
0 0.7483333333333333 0.909688013136289 0.023333333333333334 0.03284072249589491
0 0.5044444444444445 0.33497536945812806 0.044444444444444446 0.03284072249589491
0 0.9277777777777778 0.9121510673234812 0.022222222222222223 0.034482758620689655
0 0.8233333333333334 0.7824302134646962 0.02 0.031198686371100164
0 0.9261111111111111 0.4064039408866995 0.021111111111111112 0.031198686371100164
0 0.8238888888888889 0.40476190476190477 0.01888888888888889 0.034482758620689655
0 0.9272222222222222 0.867816091954023 0.023333333333333334 0.03776683087027915
0 0.6577777777777778 0.7019704433497537 0.03777777777777778 0.04433497536945813
0 0.12833333333333333 0.7807881773399015 0.023333333333333334 0.03776683087027915
0 0.775 0.8243021346469622 0.021111111111111112 0.0361247947454844
0 0.9266666666666666 0.7848932676518884 0.022222222222222223 0.03284072249589491
0 0.5044444444444445 0.36617405582922824 0.04666666666666667 0.0361247947454844
0 0.6961111111111111 0.7816091954022989 0.021111111111111112 0.03284072249589491
0 0.7722222222222223 0.40476190476190477 0.022222222222222223 0.034482758620689655
0 0.17833333333333334 0.4458128078817734 0.023333333333333334 0.031198686371100164
0 0.7488888888888889 0.7824302134646962 0.022222222222222223 0.031198686371100164
0 0.9272222222222222 0.8243021346469622 0.023333333333333334 0.03284072249589491
0 0.8233333333333334 0.44499178981937604 0.017777777777777778 0.029556650246305417
0 0.9261111111111111 0.44417077175697867 0.023333333333333334 0.03776683087027915
0 0.7477777777777778 0.8645320197044335 0.022222222222222223 0.03776683087027915
0 0.5033333333333333 0.5279146141215106 0.028888888888888888 0.03776683087027915
0 0.7716666666666666 0.4458128078817734 0.023333333333333334 0.03776683087027915
0 0.8744444444444445 0.27832512315270935 0.022222222222222223 0.034482758620689655
0 0.9022222222222223 0.867816091954023 0.024444444444444446 0.03776683087027915
0 0.8616666666666667 0.7027914614121511 0.034444444444444444 0.04926108374384237
0 0.9266666666666666 0.7446633825944171 0.022222222222222223 0.034482758620689655
0 0.875 0.4885057471264368 0.021111111111111112 0.034482758620689655
0 0.7716666666666666 0.7438423645320197 0.023333333333333334 0.03284072249589491
0 0.2061111111111111 0.5722495894909688 0.021111111111111112 0.031198686371100164
0 0.45222222222222225 0.3637110016420361 0.035555555555555556 0.041050903119868636
0 0.08833333333333333 0.36617405582922824 0.034444444444444444 0.04597701149425287
0 0.7205555555555555 0.784072249589491 0.023333333333333334 0.034482758620689655
0 0.2961111111111111 0.7036124794745484 0.034444444444444444 0.05090311986863711
0 0.8755555555555555 0.4466338259441708 0.02 0.0361247947454844
0 0.7477777777777778 0.8234811165845649 0.022222222222222223 0.034482758620689655
0 0.7488888888888889 0.7422003284072249 0.02 0.03284072249589491
0 0.9022222222222223 0.8243021346469622 0.022222222222222223 0.03284072249589491
0 0.18055555555555555 0.5730706075533661 0.021111111111111112 0.029556650246305417
0 0.5038888888888889 0.12889983579638753 0.04555555555555556 0.03776683087027915
0 0.7733333333333333 0.7816091954022989 0.022222222222222223 0.03284072249589491
0 0.6688888888888889 0.44745484400656815 0.022222222222222223 0.034482758620689655
0 0.7211111111111111 0.4014778325123153 0.022222222222222223 0.034482758620689655
0 0.9027777777777778 0.7438423645320197 0.023333333333333334 0.03284072249589491
0 0.17944444444444443 0.4885057471264368 0.021111111111111112 0.03776683087027915
0 0.5038888888888889 0.16420361247947454 0.04555555555555556 0.0361247947454844
0 0.2061111111111111 0.4458128078817734 0.021111111111111112 0.031198686371100164
0 0.6966666666666667 0.4860426929392447 0.02 0.03284072249589491
0 0.8505555555555555 0.4885057471264368 0.021111111111111112 0.034482758620689655
0 0.9033333333333333 0.7832512315270936 0.022222222222222223 0.03284072249589491
0 0.19277777777777777 0.3637110016420361 0.03666666666666667 0.04433497536945813
0 0.645 0.4466338259441708 0.021111111111111112 0.0361247947454844
0 0.19166666666666668 0.7019704433497537 0.03222222222222222 0.04433497536945813
0 0.825 0.5697865353037767 0.01888888888888889 0.029556650246305417
0 0.8488888888888889 0.277504105090312 0.02 0.03284072249589491
0 0.8005555555555556 0.4876847290640394 0.021111111111111112 0.03284072249589491
0 0.08944444444444444 0.3226600985221675 0.03666666666666667 0.041050903119868636
0 0.7222222222222222 0.4876847290640394 0.022222222222222223 0.03284072249589491
0 0.8744444444444445 0.4072249589490969 0.022222222222222223 0.03284072249589491
0 0.20666666666666667 0.5303776683087028 0.022222222222222223 0.03284072249589491
0 0.205 0.40804597701149425 0.021111111111111112 0.034482758620689655
0 0.14166666666666666 0.7019704433497537 0.03888888888888889 0.04433497536945813
0 0.20666666666666667 0.49014778325123154 0.024444444444444446 0.041050903119868636
0 0.505 0.30049261083743845 0.04555555555555556 0.03940886699507389
0 0.85 0.3620689655172414 0.022222222222222223 0.031198686371100164
0 0.6961111111111111 0.4006568144499179 0.021111111111111112 0.029556650246305417
0 0.6955555555555556 0.2766830870279146 0.02 0.031198686371100164
0 0.7205555555555555 0.7446633825944171 0.023333333333333334 0.034482758620689655
0 0.3466666666666667 0.7036124794745484 0.035555555555555556 0.05090311986863711
0 0.8494444444444444 0.40476190476190477 0.021111111111111112 0.034482758620689655
0 0.09 0.6568144499178982 0.03777777777777778 0.03940886699507389
0 0.5555555555555556 0.23399014778325122 0.035555555555555556 0.03776683087027915
0 0.19277777777777777 0.27832512315270935 0.034444444444444444 0.04433497536945813
0 0.8011111111111111 0.5706075533661741 0.02 0.031198686371100164
0 0.8005555555555556 0.40229885057471265 0.023333333333333334 0.03284072249589491
0 0.1411111111111111 0.36535303776683087 0.03333333333333333 0.04433497536945813
0 0.8255555555555556 0.5287356321839081 0.017777777777777778 0.029556650246305417
0 0.2966666666666667 0.6592775041050903 0.03333333333333333 0.041050903119868636
0 0.6961111111111111 0.7430213464696224 0.021111111111111112 0.03776683087027915
0 0.14055555555555554 0.6592775041050903 0.034444444444444444 0.041050903119868636
0 0.8494444444444444 0.32019704433497537 0.023333333333333334 0.03284072249589491
0 0.3988888888888889 0.7019704433497537 0.035555555555555556 0.04433497536945813
0 0.09 0.6116584564860427 0.03777777777777778 0.047619047619047616
0 0.8005555555555556 0.5270935960591133 0.021111111111111112 0.029556650246305417
0 0.8016666666666666 0.44499178981937604 0.021111111111111112 0.03284072249589491
0 0.7205555555555555 0.277504105090312 0.021111111111111112 0.03284072249589491
0 0.9144444444444444 0.7011494252873564 0.035555555555555556 0.042692939244663386
0 0.7216666666666667 0.36042692939244664 0.021111111111111112 0.031198686371100164
0 0.8616666666666667 0.6149425287356322 0.03222222222222222 0.047619047619047616
0 0.2961111111111111 0.6149425287356322 0.034444444444444444 0.047619047619047616
0 0.24444444444444444 0.6568144499178982 0.03333333333333333 0.03940886699507389
0 0.9138888888888889 0.6592775041050903 0.034444444444444444 0.041050903119868636
0 0.6444444444444445 0.40558292282430214 0.02 0.0361247947454844
0 0.17944444444444443 0.40558292282430214 0.023333333333333334 0.0361247947454844
0 0.7222222222222222 0.4458128078817734 0.022222222222222223 0.031198686371100164
0 0.6961111111111111 0.361247947454844 0.01888888888888889 0.03284072249589491
0 0.875 0.3226600985221675 0.021111111111111112 0.03776683087027915
0 0.7605555555555555 0.6124794745484401 0.034444444444444444 0.04597701149425287
0 0.14055555555555554 0.32348111658456485 0.034444444444444444 0.042692939244663386
0 0.6683333333333333 0.4064039408866995 0.023333333333333334 0.034482758620689655
0 0.24444444444444444 0.6986863711001642 0.03333333333333333 0.047619047619047616
0 0.19111111111111112 0.6141215106732348 0.035555555555555556 0.04597701149425287
0 0.6955555555555556 0.319376026272578 0.022222222222222223 0.031198686371100164
0 0.8616666666666667 0.6592775041050903 0.03222222222222222 0.041050903119868636
0 0.6972222222222222 0.44499178981937604 0.021111111111111112 0.03284072249589491
0 0.5544444444444444 0.27586206896551724 0.03333333333333333 0.03940886699507389
0 0.39944444444444444 0.6600985221674877 0.034444444444444444 0.042692939244663386
0 0.7211111111111111 0.319376026272578 0.022222222222222223 0.034482758620689655
0 0.76 0.32348111658456485 0.03333333333333333 0.03940886699507389
0 0.3472222222222222 0.6584564860426929 0.034444444444444444 0.042692939244663386
0 0.245 0.319376026272578 0.034444444444444444 0.041050903119868636
0 0.19277777777777777 0.32101806239737274 0.034444444444444444 0.041050903119868636
0 0.1411111111111111 0.27832512315270935 0.035555555555555556 0.04433497536945813
0 0.1411111111111111 0.6133004926108374 0.035555555555555556 0.05090311986863711
0 0.7083333333333334 0.6116584564860427 0.034444444444444444 0.04433497536945813
0 0.24444444444444444 0.36288998357963875 0.035555555555555556 0.04597701149425287
0 0.8111111111111111 0.7011494252873564 0.03333333333333333 0.042692939244663386
0 0.24444444444444444 0.270935960591133 0.035555555555555556 0.059113300492610835
0 0.2966666666666667 0.277504105090312 0.03333333333333333 0.04597701149425287
0 0.45166666666666666 0.277504105090312 0.03222222222222222 0.03940886699507389
0 0.9133333333333333 0.3226600985221675 0.03111111111111111 0.041050903119868636
0 0.6572222222222223 0.6141215106732348 0.03666666666666667 0.04926108374384237
0 0.45111111111111113 0.31773399014778325 0.035555555555555556 0.04433497536945813
0 0.3477777777777778 0.6141215106732348 0.035555555555555556 0.04926108374384237
0 0.08833333333333333 0.2791461412151067 0.03888888888888889 0.04597701149425287
0 0.7594444444444445 0.2791461412151067 0.03666666666666667 0.04926108374384237
0 0.4527777777777778 0.2315270935960591 0.034444444444444444 0.04926108374384237
0 0.8105555555555556 0.6584564860426929 0.03222222222222222 0.042692939244663386
0 0.2961111111111111 0.3218390804597701 0.034444444444444444 0.042692939244663386
0 0.9144444444444444 0.6141215106732348 0.035555555555555556 0.04597701149425287
0 0.7094444444444444 0.7011494252873564 0.03666666666666667 0.04597701149425287
0 0.6572222222222223 0.6609195402298851 0.034444444444444444 0.041050903119868636
0 0.19166666666666668 0.6592775041050903 0.034444444444444444 0.041050903119868636
0 0.5033333333333333 0.44170771756978655 0.042222222222222223 0.04597701149425287
0 0.24444444444444444 0.6133004926108374 0.03333333333333333 0.047619047619047616
0 0.3472222222222222 0.3645320197044335 0.03666666666666667 0.04926108374384237
0 0.7605555555555555 0.6584564860426929 0.034444444444444444 0.042692939244663386
0 0.8505555555555555 0.4458128078817734 0.025555555555555557 0.03776683087027915
0 0.7072222222222222 0.6559934318555009 0.03222222222222222 0.04433497536945813
0 0.5544444444444444 0.319376026272578 0.035555555555555556 0.04433497536945813
0 0.39944444444444444 0.32019704433497537 0.034444444444444444 0.042692939244663386
0 0.6577777777777778 0.3637110016420361 0.035555555555555556 0.04433497536945813
0 0.3477777777777778 0.32101806239737274 0.035555555555555556 0.041050903119868636
0 0.6061111111111112 0.319376026272578 0.034444444444444444 0.04433497536945813
0 0.5027777777777778 0.48686371100164205 0.03888888888888889 0.04433497536945813
0 0.8116666666666666 0.6141215106732348 0.03222222222222222 0.04597701149425287
0 0.6055555555555555 0.3637110016420361 0.03333333333333333 0.04433497536945813
0 0.9138888888888889 0.3637110016420361 0.03222222222222222 0.04433497536945813
0 0.6572222222222223 0.2742200328407225 0.03222222222222222 0.042692939244663386
0 0.40055555555555555 0.6133004926108374 0.03666666666666667 0.05090311986863711
0 0.555 0.18883415435139572 0.034444444444444444 0.052545155993431854
0 0.8111111111111111 0.3637110016420361 0.035555555555555556 0.041050903119868636
0 0.6061111111111112 0.2742200328407225 0.034444444444444444 0.04597701149425287
0 0.3488888888888889 0.2766830870279146 0.03333333333333333 0.047619047619047616
0 0.9144444444444444 0.277504105090312 0.03333333333333333 0.04597701149425287
0 0.6566666666666666 0.31773399014778325 0.03333333333333333 0.04433497536945813
0 0.40055555555555555 0.27504105090311987 0.034444444444444444 0.047619047619047616
0 0.8105555555555556 0.3226600985221675 0.03222222222222222 0.041050903119868636
0 0.8094444444444444 0.277504105090312 0.034444444444444444 0.052545155993431854
0 0.39944444444444444 0.36288998357963875 0.03666666666666667 0.04597701149425287
0 0.5022222222222222 0.23399014778325122 0.044444444444444446 0.03776683087027915
0 0.5033333333333333 0.20032840722495895 0.04666666666666667 0.03284072249589491
0 0.1527777777777778 0.7430213464696224 0.021111111111111112 0.031198686371100164
0 0.15333333333333332 0.8686371100164204 0.024444444444444446 0.0361247947454844
0 0.5033333333333333 0.26683087027914615 0.044444444444444446 0.031198686371100164
0 0.29555555555555557 0.3669950738916256 0.035555555555555556 0.05090311986863711
0 0.5155555555555555 0.7405582922824302 0.024444444444444446 0.03284072249589491
0 0.1811111111111111 0.5336617405582923 0.024444444444444446 0.0361247947454844
0 0.09055555555555556 0.6995073891625616 0.03666666666666667 0.04926108374384237