0 0.4938888888888889 0.537828947368421 0.042222222222222223 0.039473684210526314
0 0.8227777777777778 0.9802631578947368 0.03888888888888889 0.039473684210526314
0 0.7222222222222222 0.9679276315789473 0.04 0.049342105263157895
0 0.48777777777777775 0.7919407894736842 0.024444444444444446 0.03289473684210526
0 0.425 0.821546052631579 0.028888888888888888 0.046052631578947366
0 0.08388888888888889 0.45476973684210525 0.03888888888888889 0.049342105263157895
0 0.5077777777777778 0.390625 0.04555555555555556 0.039473684210526314
0 0.8638888888888889 0.45476973684210525 0.04 0.05098684210526316
0 0.09722222222222222 0.2870065789473684 0.03666666666666667 0.049342105263157895
0 0.5161111111111111 0.2590460526315789 0.04555555555555556 0.03782894736842105
0 0.5116666666666667 0.3248355263157895 0.043333333333333335 0.039473684210526314
0 0.7338888888888889 0.8018092105263158 0.03888888888888889 0.05263157894736842
0 0.8255555555555556 0.946546052631579 0.03666666666666667 0.047697368421052634
0 0.43666666666666665 0.6134868421052632 0.03666666666666667 0.046052631578947366
0 0.1622222222222222 0.7664473684210527 0.03888888888888889 0.054276315789473686
0 0.19944444444444445 0.3067434210526316 0.03777777777777778 0.04276315789473684
0 0.30944444444444447 0.4152960526315789 0.023333333333333334 0.03453947368421053
0 0.5055555555555555 0.421875 0.04777777777777778 0.044407894736842105
0 0.52 0.22779605263157895 0.04555555555555556 0.044407894736842105
0 0.8338888888888889 0.8248355263157895 0.03666666666666667 0.05098684210526316
0 0.7283333333333334 0.8856907894736842 0.03888888888888889 0.049342105263157895
0 0.565 0.3034539473684211 0.03333333333333333 0.044407894736842105
0 0.7244444444444444 0.9268092105263158 0.03888888888888889 0.049342105263157895
0 0.8405555555555555 0.7368421052631579 0.03777777777777778 0.046052631578947366
0 0.10722222222222222 0.15871710526315788 0.04 0.054276315789473686
0 0.7716666666666666 0.9745065789473685 0.04111111111111111 0.05098684210526316
0 0.7394444444444445 0.7179276315789473 0.03777777777777778 0.047697368421052634
0 0.5133333333333333 0.2911184210526316 0.04555555555555556 0.047697368421052634
0 0.7933333333333333 0.6875 0.03666666666666667 0.05098684210526316
0 0.8316666666666667 0.865953947368421 0.03888888888888889 0.047697368421052634
0 0.8288888888888889 0.9054276315789473 0.03888888888888889 0.05098684210526316
0 0.29055555555555557 0.32648026315789475 0.025555555555555557 0.039473684210526314
0 0.8027777777777778 0.5657894736842105 0.03666666666666667 0.044407894736842105
0 0.2922222222222222 0.45394736842105265 0.03333333333333333 0.046052631578947366
0 0.7744444444444445 0.9366776315789473 0.03888888888888889 0.046052631578947366
0 0.85 0.6175986842105263 0.03777777777777778 0.047697368421052634
0 0.43333333333333335 0.6546052631578947 0.035555555555555556 0.047697368421052634
0 0.8377777777777777 0.78125 0.03777777777777778 0.05592105263157895
0 0.31222222222222223 0.37417763157894735 0.024444444444444446 0.039473684210526314
0 0.16666666666666666 0.7228618421052632 0.035555555555555556 0.047697368421052634
0 0.5222222222222223 0.19161184210526316 0.044444444444444446 0.04111842105263158
0 0.8466666666666667 0.6578947368421053 0.03777777777777778 0.049342105263157895
0 0.86 0.4934210526315789 0.03666666666666667 0.044407894736842105
0 0.31833333333333336 0.29523026315789475 0.024444444444444446 0.04111842105263158
0 0.7611111111111111 0.43256578947368424 0.035555555555555556 0.046052631578947366
0 0.5105555555555555 0.3569078947368421 0.04555555555555556 0.047697368421052634
0 0.615 0.3149671052631579 0.034444444444444444 0.046052631578947366
0 0.7183333333333334 0.9917763157894737 0.04111111111111111 0.01644736842105263
0 0.3238888888888889 0.7154605263157895 0.03222222222222222 0.04276315789473684
0 0.1922222222222222 0.3930921052631579 0.03666666666666667 0.046052631578947366
0 0.8666666666666667 0.4120065789473684 0.03666666666666667 0.05263157894736842
0 0.32055555555555554 0.7549342105263158 0.03222222222222222 0.049342105263157895
0 0.31444444444444447 0.8388157894736842 0.03777777777777778 0.044407894736842105
0 0.28833333333333333 0.4967105263157895 0.034444444444444444 0.05098684210526316
0 0.7677777777777778 0.9967105263157895 0.03888888888888889 0.006578947368421052
0 0.2927777777777778 0.2886513157894737 0.025555555555555557 0.04276315789473684
0 0.315 0.33305921052631576 0.02666666666666667 0.04111842105263158
0 0.8116666666666666 0.4407894736842105 0.03888888888888889 0.05263157894736842
0 0.8761111111111111 0.27713815789473684 0.04 0.05921052631578947
0 0.49666666666666665 0.49506578947368424 0.042222222222222223 0.05756578947368421
0 0.7161111111111111 0.3363486842105263 0.035555555555555556 0.047697368421052634
0 0.4305555555555556 0.6957236842105263 0.04 0.05098684210526316
0 0.8061111111111111 0.5263157894736842 0.03888888888888889 0.047697368421052634
0 0.14777777777777779 0.29851973684210525 0.03666666666666667 0.047697368421052634
0 0.07722222222222222 0.537828947368421 0.03888888888888889 0.05098684210526316
0 0.31777777777777777 0.7976973684210527 0.03777777777777778 0.05098684210526316
0 0.10333333333333333 0.20148026315789475 0.03777777777777778 0.049342105263157895
0 0.7777777777777778 0.8955592105263158 0.03888888888888889 0.05098684210526316
0 0.17944444444444443 0.5608552631578947 0.04 0.05098684210526316
0 0.2866666666666667 0.3692434210526316 0.028888888888888888 0.04276315789473684
0 0.10055555555555555 0.2450657894736842 0.03888888888888889 0.054276315789473686
0 0.425 0.7771381578947368 0.04 0.049342105263157895
0 0.2544444444444444 0.28125 0.035555555555555556 0.046052631578947366
0 0.45055555555555554 0.4440789473684211 0.03777777777777778 0.049342105263157895
0 0.405 0.3519736842105263 0.03777777777777778 0.047697368421052634
0 0.7194444444444444 0.2894736842105263 0.03777777777777778 0.05756578947368421
0 0.11 0.11266447368421052 0.04 0.054276315789473686
0 0.7427777777777778 0.6759868421052632 0.04 0.05098684210526316
0 0.6722222222222223 0.23355263157894737 0.03888888888888889 0.05592105263157895
0 0.765 0.38980263157894735 0.035555555555555556 0.05098684210526316
0 0.21333333333333335 0.13815789473684212 0.03666666666666667 0.05592105263157895
0 0.19611111111111112 0.3511513157894737 0.03777777777777778 0.05592105263157895
0 0.8155555555555556 0.3988486842105263 0.03888888888888889 0.05263157894736842
0 0.44333333333333336 0.5296052631578947 0.03888888888888889 0.05098684210526316
0 0.7505555555555555 0.553453947368421 0.03777777777777778 0.047697368421052634
0 0.4077777777777778 0.3125 0.03777777777777778 0.05098684210526316
0 0.45666666666666667 0.36430921052631576 0.03777777777777778 0.049342105263157895
0 0.6177777777777778 0.2713815789473684 0.03333333333333333 0.05098684210526316
0 0.08777777777777777 0.4128289473684211 0.03777777777777778 0.05098684210526316
0 0.16277777777777777 0.125 0.03888888888888889 0.05592105263157895
0 0.7872222222222223 0.7705592105263158 0.03777777777777778 0.049342105263157895
0 0.08944444444444444 0.3692434210526316 0.03666666666666667 0.049342105263157895
0 0.13111111111111112 0.5057565789473685 0.04 0.05098684210526316
0 0.30833333333333335 0.24753289473684212 0.03777777777777778 0.05263157894736842
0 0.5722222222222222 0.2138157894736842 0.03777777777777778 0.05756578947368421
0 0.08 0.49588815789473684 0.03777777777777778 0.05098684210526316
0 0.4011111111111111 0.3930921052631579 0.035555555555555556 0.049342105263157895
0 0.6622222222222223 0.37088815789473684 0.03888888888888889 0.05592105263157895
0 0.8083333333333333 0.48519736842105265 0.03777777777777778 0.05263157894736842
0 0.7544444444444445 0.5123355263157895 0.03777777777777778 0.05098684210526316
0 0.41833333333333333 0.17927631578947367 0.04 0.054276315789473686
0 0.7805555555555556 0.852796052631579 0.03777777777777778 0.05098684210526316
0 0.18222222222222223 0.5172697368421053 0.03888888888888889 0.05263157894736842
0 0.7483333333333333 0.59375 0.03777777777777778 0.049342105263157895
0 0.1411111111111111 0.3815789473684211 0.03777777777777778 0.047697368421052634
0 0.3372222222222222 0.5485197368421053 0.03666666666666667 0.049342105263157895
0 0.7133333333333334 0.37911184210526316 0.03888888888888889 0.054276315789473686
0 0.33055555555555555 0.631578947368421 0.03666666666666667 0.05098684210526316
0 0.4633333333333333 0.28125 0.03666666666666667 0.049342105263157895
0 0.1338888888888889 0.46463815789473684 0.03888888888888889 0.047697368421052634
0 0.7672222222222222 0.3470394736842105 0.03888888888888889 0.049342105263157895
0 0.43944444444444447 0.5731907894736842 0.03888888888888889 0.054276315789473686
0 0.35388888888888886 0.34210526315789475 0.035555555555555556 0.047697368421052634
0 0.15888888888888889 0.17269736842105263 0.03666666666666667 0.054276315789473686
0 0.5694444444444444 0.26151315789473684 0.03888888888888889 0.054276315789473686
0 0.6227777777777778 0.22121710526315788 0.03888888888888889 0.05921052631578947
0 0.34 0.509046052631579 0.03666666666666667 0.047697368421052634
0 0.44666666666666666 0.4868421052631579 0.04 0.05263157894736842
0 0.145 0.33881578947368424 0.04 0.05263157894736842
0 0.7705555555555555 0.30098684210526316 0.04 0.05592105263157895
0 0.26166666666666666 0.19325657894736842 0.03666666666666667 0.05263157894736842
0 0.3672222222222222 0.171875 0.03777777777777778 0.05098684210526316
0 0.25722222222222224 0.23684210526315788 0.03666666666666667 0.054276315789473686
0 0.36 0.2557565789473684 0.03666666666666667 0.05098684210526316
0 0.6683333333333333 0.28207236842105265 0.035555555555555556 0.05263157894736842
0 0.13777777777777778 0.421875 0.04 0.05098684210526316
0 0.3638888888888889 0.2138157894736842 0.03666666666666667 0.05098684210526316
0 0.3438888888888889 0.46875 0.035555555555555556 0.049342105263157895
0 0.4672222222222222 0.23848684210526316 0.03888888888888889 0.05263157894736842
0 0.415 0.22615131578947367 0.03888888888888889 0.05263157894736842
0 0.31666666666666665 0.16036184210526316 0.04 0.054276315789473686
0 0.2644444444444444 0.14884868421052633 0.03888888888888889 0.05592105263157895
0 0.31222222222222223 0.20476973684210525 0.03777777777777778 0.05098684210526316
0 0.395 0.47944078947368424 0.03666666666666667 0.05098684210526316
0 0.3572222222222222 0.3001644736842105 0.035555555555555556 0.049342105263157895
0 0.35055555555555556 0.3848684210526316 0.03777777777777778 0.049342105263157895
0 0.47055555555555556 0.19161184210526316 0.04 0.05592105263157895
0 0.45944444444444443 0.32319078947368424 0.03888888888888889 0.049342105263157895
0 0.4116666666666667 0.27055921052631576 0.03777777777777778 0.05263157894736842
0 0.3988888888888889 0.43667763157894735 0.03666666666666667 0.05263157894736842
0 0.6655555555555556 0.32401315789473684 0.03777777777777778 0.05098684210526316
0 0.7905555555555556 0.7286184210526315 0.03777777777777778 0.05098684210526316
0 0.7455555555555555 0.6348684210526315 0.03666666666666667 0.05098684210526316
0 0.7305555555555555 0.8429276315789473 0.04 0.049342105263157895
0 0.42777777777777776 0.7376644736842105 0.03777777777777778 0.049342105263157895
0 0.285 0.540296052631579 0.03888888888888889 0.054276315789473686
0 0.2833333333333333 0.41036184210526316 0.02666666666666667 0.039473684210526314
0 0.3338888888888889 0.5888157894736842 0.03666666666666667 0.047697368421052634
0 0.7988888888888889 0.6060855263157895 0.035555555555555556 0.047697368421052634
0 0.18833333333333332 0.43338815789473684 0.03333333333333333 0.046052631578947366
0 0.8433333333333334 0.6981907894736842 0.03777777777777778 0.049342105263157895
0 0.7838888888888889 0.8116776315789473 0.03777777777777778 0.049342105263157895
0 0.3111111111111111 0.881578947368421 0.04111111111111111 0.05921052631578947
0 0.7361111111111112 0.759046052631579 0.03777777777777778 0.05098684210526316
0 0.18555555555555556 0.47368421052631576 0.03666666666666667 0.047697368421052634
0 0.7088888888888889 0.42351973684210525 0.04 0.05592105263157895
0 0.3477777777777778 0.4251644736842105 0.034444444444444444 0.044407894736842105
0 0.09333333333333334 0.32730263157894735 0.03777777777777778 0.05098684210526316
0 0.8694444444444445 0.3675986842105263 0.03666666666666667 0.049342105263157895
0 0.15166666666666667 0.2582236842105263 0.035555555555555556 0.047697368421052634
0 0.7966666666666666 0.6480263157894737 0.03666666666666667 0.05098684210526316
0 0.8216666666666667 0.31332236842105265 0.034444444444444444 0.05263157894736842
0 0.17 0.6817434210526315 0.034444444444444444 0.047697368421052634
0 0.32666666666666666 0.6759868421052632 0.03666666666666667 0.054276315789473686
0 0.15444444444444444 0.21628289473684212 0.03666666666666667 0.05263157894736842
0 0.2061111111111111 0.22532894736842105 0.03777777777777778 0.05263157894736842
0 0.20166666666666666 0.2680921052631579 0.03666666666666667 0.046052631578947366
0 0.8194444444444444 0.3560855263157895 0.03666666666666667 0.049342105263157895
0 0.17333333333333334 0.6414473684210527 0.03888888888888889 0.05098684210526316
0 0.8538888888888889 0.5764802631578947 0.03777777777777778 0.049342105263157895
0 0.8722222222222222 0.3256578947368421 0.03666666666666667 0.05098684210526316
0 0.8566666666666667 0.5345394736842105 0.03777777777777778 0.05098684210526316
0 0.9233333333333333 0.3347039473684211 0.042222222222222223 0.06414473684210527
0 0.4533333333333333 0.4037828947368421 0.035555555555555556 0.049342105263157895
0 0.1761111111111111 0.6019736842105263 0.03777777777777778 0.049342105263157895
0 0.20944444444444443 0.18092105263157895 0.03777777777777778 0.05263157894736842
0 0.7583333333333333 0.4712171052631579 0.03333333333333333 0.046052631578947366