0 0.7875 0.3401898734177215 0.02 0.02531645569620253
0 0.883125 0.7262658227848101 0.03875 0.028481012658227847
0 0.51 0.5830696202531646 0.0225 0.020569620253164556
0 0.774375 0.435126582278481 0.03125 0.028481012658227847
0 0.771875 0.8512658227848101 0.03625 0.03481012658227848
0 0.813125 0.7223101265822784 0.02125 0.02689873417721519
0 0.705 0.5007911392405063 0.0225 0.02689873417721519
0 0.760625 0.34177215189873417 0.02125 0.02531645569620253
0 0.773125 0.819620253164557 0.03625 0.03481012658227848
0 0.815 0.6906645569620253 0.0225 0.02689873417721519
0 0.28125 0.435126582278481 0.0325 0.03481012658227848
0 0.841875 0.37183544303797467 0.02125 0.028481012658227847
0 0.280625 0.40901898734177217 0.03375 0.03955696202531646
0 0.500625 0.5102848101265823 0.02875 0.023734177215189875
0 0.7725 0.7848101265822784 0.035 0.03164556962025317
0 0.7725 0.8829113924050633 0.0375 0.03164556962025317
0 0.8425 0.5007911392405063 0.0225 0.030063291139240507
0 0.73125 0.5015822784810127 0.02 0.028481012658227847
0 0.28 0.46914556962025317 0.0325 0.03639240506329114
0 0.774375 0.6890822784810127 0.03375 0.03639240506329114
0 0.49875 0.33860759493670883 0.03 0.03164556962025317
0 0.841875 0.46677215189873417 0.01875 0.02531645569620253
0 0.8275 0.8188291139240507 0.035 0.03322784810126582
0 0.815 0.6574367088607594 0.0225 0.02689873417721519
0 0.774375 0.46914556962025317 0.03625 0.03639240506329114
0 0.279375 0.5965189873417721 0.03375 0.028481012658227847
0 0.77375 0.7539556962025317 0.035 0.030063291139240507
0 0.826875 0.7863924050632911 0.03125 0.03164556962025317
0 0.5 0.40348101265822783 0.03 0.0379746835443038
0 0.718125 0.4699367088607595 0.03625 0.03164556962025317
0 0.113125 0.8481012658227848 0.03375 0.03164556962025317
0 0.500625 0.3686708860759494 0.03125 0.028481012658227847
0 0.33625 0.43433544303797467 0.035 0.030063291139240507
0 0.82625 0.8520569620253164 0.035 0.03639240506329114
0 0.6625 0.7856012658227848 0.035 0.030063291139240507
0 0.8275 0.7531645569620253 0.03 0.03481012658227848
0 0.7875 0.6582278481012658 0.0225 0.028481012658227847
0 0.114375 0.3694620253164557 0.03375 0.03639240506329114
0 0.11125 0.6582278481012658 0.0325 0.03481012658227848
0 0.1125 0.8164556962025317 0.0325 0.03164556962025317
0 0.1675 0.7207278481012658 0.03 0.030063291139240507
0 0.606875 0.46914556962025317 0.03375 0.03322784810126582
0 0.8425 0.5656645569620253 0.02 0.02689873417721519
0 0.815 0.40427215189873417 0.02 0.02689873417721519
0 0.884375 0.6606012658227848 0.03625 0.03322784810126582
0 0.841875 0.5957278481012658 0.02125 0.02689873417721519
0 0.815 0.627373417721519 0.0225 0.02689873417721519
0 0.6075 0.8188291139240507 0.035 0.030063291139240507
0 0.28125 0.5 0.0325 0.03164556962025317
0 0.883125 0.43908227848101267 0.03125 0.030063291139240507
0 0.759375 0.6265822784810127 0.02125 0.028481012658227847
0 0.841875 0.43670886075949367 0.02125 0.028481012658227847
0 0.111875 0.46835443037974683 0.03625 0.03164556962025317
0 0.884375 0.6289556962025317 0.03625 0.03322784810126582
0 0.774375 0.7223101265822784 0.03375 0.03639240506329114
0 0.88375 0.6930379746835443 0.0375 0.03481012658227848
0 0.111875 0.7515822784810127 0.03375 0.03164556962025317
0 0.606875 0.8496835443037974 0.03625 0.03164556962025317
0 0.884375 0.5664556962025317 0.02875 0.03164556962025317
0 0.7875 0.627373417721519 0.0225 0.02689873417721519
0 0.7875 0.5949367088607594 0.0225 0.02531645569620253
0 0.66 0.8520569620253164 0.035 0.030063291139240507
0 0.169375 0.49920886075949367 0.03125 0.030063291139240507
0 0.111875 0.7848101265822784 0.03375 0.03164556962025317
0 0.444375 0.754746835443038 0.03375 0.03164556962025317
0 0.66125 0.7231012658227848 0.035 0.03481012658227848
0 0.6075 0.7871835443037974 0.035 0.03322784810126582
0 0.22375 0.6574367088607594 0.035 0.03322784810126582
0 0.38875 0.8528481012658228 0.035 0.03164556962025317
0 0.33375 0.8520569620253164 0.035 0.03322784810126582
0 0.6075 0.43908227848101267 0.035 0.03322784810126582
0 0.445 0.8837025316455697 0.0325 0.03322784810126582
0 0.33375 0.884493670886076 0.0375 0.03164556962025317
0 0.16875 0.40427215189873417 0.0325 0.03322784810126582
0 0.6625 0.6265822784810127 0.035 0.03164556962025317
0 0.446875 0.3694620253164557 0.03375 0.03639240506329114
0 0.88375 0.40664556962025317 0.035 0.03481012658227848
0 0.16875 0.5617088607594937 0.0325 0.03164556962025317
0 0.276875 0.7871835443037974 0.03375 0.03322784810126582
0 0.225 0.5949367088607594 0.035 0.03164556962025317
0 0.39 0.7563291139240507 0.035 0.028481012658227847
0 0.60625 0.6930379746835443 0.0325 0.03164556962025317
0 0.2225 0.7555379746835443 0.035 0.03322784810126582
0 0.169375 0.43433544303797467 0.03375 0.030063291139240507
0 0.445 0.7238924050632911 0.0325 0.030063291139240507
0 0.33625 0.37104430379746833 0.035 0.03639240506329114
0 0.39125 0.46677215189873417 0.0325 0.03164556962025317
0 0.445625 0.6598101265822784 0.03375 0.03164556962025317
0 0.38875 0.884493670886076 0.0375 0.03164556962025317
0 0.1125 0.6265822784810127 0.035 0.03164556962025317
0 0.333125 0.7887658227848101 0.03625 0.03639240506329114
0 0.884375 0.5015822784810127 0.03375 0.03164556962025317
0 0.6625 0.4675632911392405 0.0325 0.030063291139240507
0 0.60625 0.7238924050632911 0.035 0.03322784810126582
0 0.16875 0.4675632911392405 0.0325 0.03322784810126582
0 0.33375 0.6582278481012658 0.035 0.03481012658227848
0 0.1675 0.689873417721519 0.035 0.03164556962025317
0 0.55375 0.8180379746835443 0.0325 0.03164556962025317
0 0.6625 0.564873417721519 0.03 0.03164556962025317
0 0.335625 0.5640822784810127 0.03375 0.03322784810126582
0 0.278125 0.7246835443037974 0.03375 0.03164556962025317
0 0.60625 0.627373417721519 0.0325 0.030063291139240507
0 0.553125 0.6289556962025317 0.03125 0.030063291139240507
0 0.39 0.564873417721519 0.0325 0.03164556962025317
0 0.224375 0.435126582278481 0.03375 0.03164556962025317
0 0.5525 0.754746835443038 0.0325 0.03164556962025317
0 0.445625 0.5308544303797469 0.03375 0.03322784810126582
0 0.39 0.7863924050632911 0.035 0.03164556962025317
0 0.731875 0.5332278481012658 0.02375 0.028481012658227847
0 0.605 0.6590189873417721 0.035 0.03322784810126582
0 0.5525 0.46914556962025317 0.0325 0.030063291139240507
0 0.113125 0.5625 0.03625 0.03322784810126582
0 0.884375 0.5340189873417721 0.03625 0.03322784810126582
0 0.606875 0.5973101265822784 0.03375 0.030063291139240507
0 0.663125 0.43670886075949367 0.03375 0.03164556962025317
0 0.718125 0.43908227848101267 0.03375 0.03322784810126582
0 0.66375 0.40585443037974683 0.035 0.03322784810126582
0 0.278125 0.884493670886076 0.03875 0.03164556962025317
0 0.5525 0.7863924050632911 0.0325 0.03164556962025317
0 0.224375 0.40348101265822783 0.03375 0.03164556962025317
0 0.389375 0.6257911392405063 0.03375 0.030063291139240507
0 0.444375 0.819620253164557 0.03625 0.03481012658227848
0 0.719375 0.40664556962025317 0.03375 0.03164556962025317
0 0.335 0.5965189873417721 0.035 0.03164556962025317
0 0.22375 0.4675632911392405 0.0325 0.03639240506329114
0 0.27875 0.6257911392405063 0.035 0.03322784810126582
0 0.389375 0.5949367088607594 0.03375 0.03164556962025317
0 0.6075 0.40664556962025317 0.035 0.03164556962025317
0 0.445 0.692246835443038 0.035 0.03322784810126582
0 0.33375 0.49920886075949367 0.035 0.03322784810126582
0 0.335625 0.5308544303797469 0.03375 0.03322784810126582
0 0.663125 0.37183544303797467 0.03375 0.03481012658227848
0 0.224375 0.5632911392405063 0.03375 0.03164556962025317
0 0.39 0.6582278481012658 0.0325 0.03481012658227848
0 0.33375 0.7238924050632911 0.035 0.03322784810126582
0 0.279375 0.6590189873417721 0.03375 0.03322784810126582
0 0.168125 0.6265822784810127 0.03125 0.03164556962025317
0 0.2775 0.8520569620253164 0.035 0.03322784810126582
0 0.39125 0.37104430379746833 0.035 0.03639240506329114
0 0.661875 0.5324367088607594 0.03125 0.030063291139240507
0 0.719375 0.34177215189873417 0.03375 0.03481012658227848
0 0.390625 0.43670886075949367 0.03625 0.03164556962025317
0 0.55375 0.8504746835443038 0.0325 0.03322784810126582
0 0.39 0.7254746835443038 0.0325 0.03322784810126582
0 0.334375 0.6914556962025317 0.03625 0.03164556962025317
0 0.28125 0.5316455696202531 0.035 0.03164556962025317
0 0.333125 0.7563291139240507 0.03625 0.03164556962025317
0 0.445625 0.46914556962025317 0.03375 0.03322784810126582
0 0.5525 0.6598101265822784 0.0325 0.03481012658227848
0 0.223125 0.6914556962025317 0.03375 0.03481012658227848
0 0.168125 0.5941455696202531 0.03375 0.03322784810126582
0 0.390625 0.497626582278481 0.03125 0.03322784810126582
0 0.553125 0.40585443037974683 0.03375 0.030063291139240507
0 0.389375 0.8204113924050633 0.03625 0.03639240506329114
0 0.606875 0.5332278481012658 0.03375 0.03164556962025317
0 0.279375 0.692246835443038 0.03375 0.03322784810126582
0 0.39125 0.40585443037974683 0.035 0.03322784810126582
0 0.553125 0.692246835443038 0.03375 0.03322784810126582
0 0.661875 0.49920886075949367 0.03125 0.03322784810126582
0 0.719375 0.375 0.03375 0.03164556962025317
0 0.28125 0.564873417721519 0.035 0.03481012658227848
0 0.551875 0.5015822784810127 0.03125 0.03164556962025317
0 0.60625 0.5007911392405063 0.035 0.03322784810126582
0 0.5525 0.5640822784810127 0.0325 0.030063291139240507
0 0.553125 0.43829113924050633 0.03375 0.03481012658227848
0 0.390625 0.5316455696202531 0.03375 0.03481012658227848
0 0.6075 0.5656645569620253 0.035 0.03322784810126582
0 0.22375 0.5316455696202531 0.0325 0.03481012658227848
0 0.606875 0.37104430379746833 0.03625 0.03639240506329114
0 0.551875 0.5348101265822784 0.03125 0.03164556962025317
0 0.44625 0.5973101265822784 0.0325 0.03322784810126582
0 0.445625 0.5640822784810127 0.03375 0.03322784810126582
0 0.44625 0.40427215189873417 0.035 0.03322784810126582
0 0.44625 0.4375 0.0325 0.030063291139240507
0 0.553125 0.37183544303797467 0.03625 0.0379746835443038
0 0.553125 0.5965189873417721 0.03375 0.03481012658227848
0 0.223125 0.7238924050632911 0.03375 0.030063291139240507
0 0.33625 0.40427215189873417 0.035 0.03322784810126582
0 0.760625 0.5640822784810127 0.02125 0.03322784810126582
0 0.661875 0.6906645569620253 0.03375 0.030063291139240507
0 0.1675 0.7531645569620253 0.035 0.03481012658227848
0 0.66125 0.8180379746835443 0.035 0.03481012658227848
0 0.88375 0.5965189873417721 0.0325 0.03164556962025317
0 0.77375 0.5031645569620253 0.035 0.028481012658227847
0 0.16875 0.5308544303797469 0.0325 0.03322784810126582
0 0.444375 0.8520569620253164 0.03375 0.030063291139240507
0 0.1675 0.7863924050632911 0.035 0.03164556962025317
0 0.511875 0.6044303797468354 0.02125 0.020569620253164556
0 0.511875 0.6447784810126582 0.02 0.0189873417721519
0 0.5125 0.6637658227848101 0.01875 0.01740506329113924
0 0.27875 0.8188291139240507 0.0325 0.03322784810126582
0 0.661875 0.7563291139240507 0.03375 0.03164556962025317
0 0.28 0.37183544303797467 0.0325 0.03481012658227848
0 0.166875 0.8180379746835443 0.03625 0.03164556962025317
0 0.5 0.43908227848101267 0.0325 0.03639240506329114
0 0.224375 0.49841772151898733 0.03125 0.028481012658227847
0 0.113125 0.435126582278481 0.03625 0.03481012658227848
0 0.16875 0.3694620253164557 0.0325 0.03322784810126582
0 0.88375 0.3401898734177215 0.035 0.03481012658227848
0 0.224375 0.3694620253164557 0.03375 0.03322784810126582
0 0.11125 0.689873417721519 0.0325 0.03164556962025317
0 0.224375 0.6265822784810127 0.03375 0.03164556962025317
0 0.841875 0.40427215189873417 0.02125 0.02689873417721519
0 0.77625 0.40585443037974683 0.03 0.03322784810126582
0 0.500625 0.5363924050632911 0.03125 0.028481012658227847
0 0.51125 0.625 0.02 0.022151898734177215
0 0.77625 0.37104430379746833 0.035 0.030063291139240507
0 0.5 0.7950949367088608 0.0325 0.02689873417721519
0 0.16875 0.882120253164557 0.0375 0.03322784810126582
0 0.11125 0.7215189873417721 0.035 0.03164556962025317
0 0.815625 0.5949367088607594 0.02125 0.028481012658227847
0 0.1125 0.5300632911392406 0.0375 0.03164556962025317
0 0.843125 0.5332278481012658 0.02125 0.03164556962025317
0 0.33375 0.8204113924050633 0.035 0.030063291139240507
0 0.774375 0.5316455696202531 0.03375 0.028481012658227847
0 0.76 0.5965189873417721 0.0225 0.028481012658227847
0 0.816875 0.372626582278481 0.02125 0.030063291139240507
0 0.70375 0.5324367088607594 0.0225 0.030063291139240507
0 0.11125 0.49841772151898733 0.0375 0.03164556962025317
0 0.224375 0.8837025316455697 0.03625 0.03322784810126582
0 0.445 0.7863924050632911 0.035 0.03164556962025317
0 0.11375 0.882120253164557 0.04 0.03639240506329114
0 0.553125 0.7238924050632911 0.03125 0.030063291139240507
0 0.2225 0.7879746835443038 0.035 0.03164556962025317
0 0.168125 0.6582278481012658 0.03375 0.03481012658227848
0 0.606875 0.8829113924050633 0.03625 0.03481012658227848
0 0.6625 0.5957278481012658 0.0325 0.030063291139240507
0 0.278125 0.7555379746835443 0.03125 0.03322784810126582
0 0.815 0.46835443037974683 0.0225 0.028481012658227847
0 0.113125 0.4026898734177215 0.03625 0.03322784810126582
0 0.38875 0.692246835443038 0.03 0.030063291139240507
0 0.22375 0.8504746835443038 0.035 0.03322784810126582
0 0.884375 0.375 0.03375 0.03164556962025317
0 0.334375 0.627373417721519 0.03375 0.030063291139240507
0 0.223125 0.8188291139240507 0.03375 0.030063291139240507
0 0.334375 0.4651898734177215 0.03625 0.03481012658227848
0 0.6075 0.754746835443038 0.0325 0.03164556962025317
0 0.445625 0.5007911392405063 0.03375 0.030063291139240507
0 0.88375 0.46914556962025317 0.0325 0.03322784810126582
0 0.815 0.49920886075949367 0.02 0.030063291139240507
0 0.553125 0.882120253164557 0.03125 0.030063291139240507
0 0.78875 0.5656645569620253 0.025 0.03322784810126582
0 0.44625 0.6289556962025317 0.0325 0.030063291139240507
0 0.815 0.564873417721519 0.0225 0.028481012658227847
0 0.6625 0.6582278481012658 0.035 0.03481012658227848
0 0.661875 0.8829113924050633 0.03125 0.03164556962025317
0 0.815 0.43829113924050633 0.02 0.02531645569620253
0 0.815 0.5316455696202531 0.0225 0.028481012658227847
0 0.168125 0.8504746835443038 0.03625 0.03322784810126582
0 0.113125 0.5941455696202531 0.03375 0.03322784810126582