0 0.341875 0.696993670886076 0.03625 0.04113924050632911
0 0.694375 0.37104430379746833 0.0225 0.030063291139240507
0 0.486875 0.3670886075949367 0.03625 0.028481012658227847
0 0.49125 0.4050632911392405 0.0375 0.028481012658227847
0 0.519375 0.6463607594936709 0.01875 0.02531645569620253
0 0.51625 0.6068037974683544 0.0225 0.0189873417721519
0 0.49125 0.38686708860759494 0.02375 0.022151898734177215
0 0.491875 0.4248417721518987 0.02875 0.023734177215189875
0 0.4925 0.44936708860759494 0.035 0.03639240506329114
0 0.516875 0.6257911392405063 0.0225 0.023734177215189875
0 0.520625 0.6669303797468354 0.01875 0.0189873417721519
0 0.519375 0.6835443037974683 0.0225 0.022151898734177215
0 0.52 0.6993670886075949 0.02 0.012658227848101266
0 0.520625 0.7120253164556962 0.02 0.01740506329113924
0 0.520625 0.7278481012658228 0.02125 0.02531645569620253
0 0.625 0.879746835443038 0.03375 0.03164556962025317
0 0.463125 0.9137658227848101 0.03875 0.04272151898734177
0 0.239375 0.8560126582278481 0.03625 0.04113924050632911
0 0.275625 0.504746835443038 0.0375 0.04113924050632911
0 0.225 0.569620253164557 0.03375 0.03639240506329114
0 0.824375 0.495253164556962 0.035 0.0379746835443038
0 0.6175 0.7223101265822784 0.03625 0.0379746835443038
0 0.7275 0.49683544303797467 0.02375 0.030063291139240507
0 0.4425 0.5332278481012658 0.03375 0.0379746835443038
0 0.27 0.4074367088607595 0.03625 0.04272151898734177
0 0.218125 0.442246835443038 0.03375 0.03639240506329114
0 0.6625 0.5609177215189873 0.03375 0.03164556962025317
0 0.876875 0.432753164556962 0.03625 0.04588607594936709
0 0.2225 0.5395569620253164 0.0325 0.03639240506329114
0 0.228125 0.6669303797468354 0.0375 0.03955696202531646
0 0.440625 0.5007911392405063 0.03625 0.03955696202531646
0 0.296875 0.9185126582278481 0.035 0.03639240506329114
0 0.61625 0.6914556962025317 0.03625 0.0379746835443038
0 0.65625 0.435126582278481 0.0325 0.0379746835443038
0 0.295625 0.8876582278481012 0.035 0.03481012658227848
0 0.2825 0.632120253164557 0.0375 0.04113924050632911
0 0.553125 0.5625 0.03375 0.03481012658227848
0 0.27875 0.569620253164557 0.03625 0.03481012658227848
0 0.389375 0.564873417721519 0.03625 0.03639240506329114
0 0.730625 0.7507911392405063 0.03375 0.0379746835443038
0 0.655 0.40189873417721517 0.03625 0.03955696202531646
0 0.833125 0.6534810126582279 0.035 0.03481012658227848
0 0.55 0.49683544303797467 0.0325 0.03639240506329114
0 0.285625 0.6954113924050633 0.03625 0.03955696202531646
0 0.77125 0.5284810126582279 0.035 0.0379746835443038
0 0.384375 0.46914556962025317 0.03375 0.03639240506329114
0 0.7675 0.4651898734177215 0.035 0.03639240506329114
0 0.283125 0.6653481012658228 0.035 0.03639240506329114
0 0.67125 0.6882911392405063 0.035 0.0379746835443038
0 0.724375 0.6566455696202531 0.035 0.03639240506329114
0 0.2325 0.7262658227848101 0.03625 0.04113924050632911
0 0.16125 0.4129746835443038 0.04 0.04746835443037975
0 0.885 0.5893987341772152 0.03625 0.04113924050632911
0 0.234375 0.7602848101265823 0.03625 0.03955696202531646
0 0.66875 0.6566455696202531 0.0375 0.0379746835443038
0 0.33625 0.5996835443037974 0.03375 0.03639240506329114
0 0.225625 0.6012658227848101 0.03625 0.04113924050632911
0 0.67375 0.7515822784810127 0.03625 0.04272151898734177
0 0.338125 0.629746835443038 0.03375 0.03639240506329114
0 0.773125 0.5609177215189873 0.035 0.03639240506329114
0 0.329375 0.47310126582278483 0.03625 0.03955696202531646
0 0.388125 0.5340189873417721 0.0375 0.0379746835443038
0 0.720625 0.5917721518987342 0.03375 0.03322784810126582
0 0.825625 0.5276898734177216 0.03625 0.0379746835443038
0 0.21875 0.47468354430379744 0.035 0.0379746835443038
0 0.776875 0.5909810126582279 0.03625 0.03955696202531646
0 0.294375 0.8560126582278481 0.03625 0.03955696202531646
0 0.601875 0.4319620253164557 0.04 0.04746835443037975
0 0.220625 0.507120253164557 0.0375 0.0379746835443038
0 0.34 0.6629746835443038 0.03625 0.03955696202531646
0 0.66 0.5300632911392406 0.035 0.0379746835443038
0 0.2275 0.6337025316455697 0.0375 0.03955696202531646
0 0.829375 0.5909810126582279 0.035 0.03639240506329114
0 0.123125 0.7634493670886076 0.04 0.04430379746835443
0 0.2725 0.4430379746835443 0.03625 0.04113924050632911
0 0.719375 0.560126582278481 0.035 0.03955696202531646
0 0.609375 0.5640822784810127 0.04 0.04430379746835443
0 0.614375 0.6606012658227848 0.03875 0.03955696202531646
0 0.6575 0.46677215189873417 0.03375 0.03481012658227848
0 0.55875 0.6606012658227848 0.035 0.03955696202531646
0 0.53125 0.9113924050632911 0.0225 0.03322784810126582
0 0.895 0.7436708860759493 0.0375 0.04588607594936709
0 0.8925 0.7159810126582279 0.035 0.03481012658227848
0 0.61125 0.5988924050632911 0.03625 0.0379746835443038
0 0.78 0.6503164556962026 0.0375 0.04430379746835443
0 0.726875 0.7136075949367089 0.035 0.04588607594936709
0 0.84625 0.875 0.035 0.0379746835443038
0 0.529375 0.8860759493670886 0.02375 0.02531645569620253
0 0.561875 0.7207278481012658 0.0325 0.03639240506329114
0 0.83875 0.747626582278481 0.03375 0.03955696202531646
0 0.848125 0.9050632911392406 0.03875 0.04272151898734177
0 0.778125 0.6242088607594937 0.035 0.0379746835443038
0 0.843125 0.8117088607594937 0.0375 0.03955696202531646
0 0.73875 0.9066455696202531 0.03625 0.0379746835443038
0 0.625625 0.9003164556962026 0.04125 0.061708860759493674
0 0.514375 0.8251582278481012 0.0325 0.03164556962025317
0 0.709375 0.40031645569620256 0.035 0.03164556962025317
0 0.720625 0.36787974683544306 0.02375 0.03481012658227848
0 0.901875 0.8734177215189873 0.03625 0.03481012658227848
0 0.878125 0.46439873417721517 0.03375 0.03322784810126582
0 0.50125 0.5727848101265823 0.0375 0.03164556962025317
0 0.845625 0.8433544303797469 0.03625 0.03955696202531646
0 0.838125 0.7207278481012658 0.035 0.03955696202531646
0 0.08875 0.3813291139240506 0.0225 0.03164556962025317
0 0.566875 0.817246835443038 0.03375 0.03639240506329114
0 0.450625 0.6914556962025317 0.0325 0.03639240506329114
0 0.115 0.3813291139240506 0.025 0.030063291139240507
0 0.78125 0.6875 0.0375 0.0379746835443038
0 0.6125 0.6218354430379747 0.04 0.04588607594936709
0 0.736875 0.8789556962025317 0.035 0.03639240506329114
0 0.105625 0.4454113924050633 0.03625 0.04113924050632911
0 0.56875 0.8465189873417721 0.0375 0.03955696202531646
0 0.0925 0.47705696202531644 0.02375 0.03164556962025317
0 0.10375 0.4137658227848101 0.03625 0.0379746835443038
0 0.094375 0.509493670886076 0.02125 0.030063291139240507
0 0.72625 0.6875 0.0325 0.03481012658227848
0 0.1225 0.5387658227848101 0.025 0.03322784810126582
0 0.24125 0.8900316455696202 0.03375 0.0379746835443038
0 0.890625 0.6511075949367089 0.0375 0.03955696202531646
0 0.729375 0.5268987341772152 0.02375 0.03322784810126582
0 0.7 0.49683544303797467 0.02125 0.03164556962025317
0 0.89625 0.7768987341772152 0.0375 0.03955696202531646
0 0.9 0.8409810126582279 0.03875 0.0379746835443038
0 0.449375 0.6598101265822784 0.03375 0.03639240506329114
0 0.605 0.497626582278481 0.0325 0.03322784810126582
0 0.44 0.47468354430379744 0.0375 0.03164556962025317
0 0.90375 0.9034810126582279 0.03875 0.04113924050632911
0 0.6025 0.46677215189873417 0.03375 0.03481012658227848
0 0.49875 0.5419303797468354 0.03875 0.04272151898734177
0 0.84125 0.7816455696202531 0.035 0.03639240506329114
0 0.896875 0.8093354430379747 0.0375 0.03955696202531646
0 0.62375 0.8496835443037974 0.03875 0.03955696202531646
0 0.29 0.759493670886076 0.03375 0.03955696202531646
0 0.24375 0.9193037974683544 0.035 0.03955696202531646
0 0.456875 0.819620253164557 0.03625 0.0379746835443038
0 0.62125 0.817246835443038 0.0375 0.04113924050632911
0 0.5475 0.4675632911392405 0.03375 0.03164556962025317
0 0.8875 0.6218354430379747 0.035 0.0379746835443038
0 0.56375 0.754746835443038 0.035 0.0379746835443038
0 0.46125 0.8829113924050633 0.035 0.03322784810126582
0 0.45875 0.8520569620253164 0.03625 0.03955696202531646
0 0.710625 0.432753164556962 0.03625 0.03955696202531646
0 0.565625 0.7856012658227848 0.035 0.0379746835443038
0 0.325625 0.40901898734177217 0.03625 0.03955696202531646
0 0.27375 0.47468354430379744 0.035 0.03322784810126582
0 0.11375 0.6036392405063291 0.0375 0.0379746835443038
0 0.735 0.8473101265822784 0.035 0.03639240506329114
0 0.32375 0.37658227848101267 0.04 0.04113924050632911
0 0.290625 0.7919303797468354 0.03625 0.03955696202531646
0 0.8825 0.5253164556962026 0.035 0.03481012658227848
0 0.444375 0.5640822784810127 0.03375 0.03639240506329114
0 0.1175 0.6661392405063291 0.03625 0.03639240506329114
0 0.448125 0.6281645569620253 0.0325 0.03639240506329114
0 0.111875 0.5712025316455697 0.03875 0.04272151898734177
0 0.6075 0.5300632911392406 0.03375 0.0379746835443038
0 0.446875 0.5965189873417721 0.035 0.0379746835443038
0 0.785625 0.7507911392405063 0.03375 0.03955696202531646
0 0.783125 0.7183544303797469 0.035 0.03481012658227848
0 0.121875 0.5079113924050633 0.02375 0.03164556962025317
0 0.45625 0.7879746835443038 0.035 0.03955696202531646
0 0.57125 0.879746835443038 0.03625 0.03955696202531646
0 0.39125 0.5988924050632911 0.03625 0.0379746835443038
0 0.6775 0.8188291139240507 0.03875 0.04272151898734177
0 0.88 0.4920886075949367 0.03375 0.0379746835443038
0 0.12 0.7294303797468354 0.03625 0.03639240506329114
0 0.5575 0.627373417721519 0.03375 0.03955696202531646
0 0.726875 0.4651898734177215 0.025 0.03639240506329114
0 0.83625 0.685126582278481 0.0375 0.03955696202531646
0 0.733125 0.814873417721519 0.0325 0.03639240506329114
0 0.675 0.7856012658227848 0.03625 0.03955696202531646
0 0.769375 0.49683544303797467 0.035 0.03481012658227848
0 0.331875 0.5055379746835443 0.035 0.03639240506329114
0 0.62 0.7531645569620253 0.035 0.0379746835443038
0 0.555625 0.5949367088607594 0.03375 0.03481012658227848
0 0.453125 0.7254746835443038 0.0375 0.04272151898734177
0 0.765 0.4311708860759494 0.0325 0.0379746835443038
0 0.8225 0.4651898734177215 0.035 0.03481012658227848
0 0.6725 0.7191455696202531 0.03375 0.03322784810126582
0 0.12125 0.47468354430379744 0.02875 0.0379746835443038
0 0.235625 0.7927215189873418 0.03375 0.03639240506329114
0 0.230625 0.6962025316455697 0.03625 0.03481012658227848
0 0.454375 0.757120253164557 0.035 0.03481012658227848
0 0.890625 0.685126582278481 0.03875 0.04113924050632911
0 0.56125 0.6914556962025317 0.03375 0.03481012658227848
0 0.883125 0.5561708860759493 0.03375 0.03322784810126582
0 0.215625 0.40822784810126583 0.035 0.0379746835443038
0 0.73125 0.7832278481012658 0.03375 0.03639240506329114
0 0.495625 0.48575949367088606 0.03625 0.04430379746835443
0 0.65125 0.37104430379746833 0.035 0.0379746835443038
0 0.619375 0.7848101265822784 0.0375 0.03955696202531646
0 0.57375 0.9129746835443038 0.035 0.0379746835443038
0 0.236875 0.8243670886075949 0.035 0.03639240506329114
0 0.28875 0.7278481012658228 0.03375 0.03639240506329114
0 0.291875 0.8243670886075949 0.035 0.03639240506329114
0 0.280625 0.6004746835443038 0.035 0.03639240506329114
0 0.11625 0.6360759493670886 0.03625 0.03955696202531646
0 0.3275 0.439873417721519 0.03625 0.0379746835443038
0 0.699375 0.46598101265822783 0.0225 0.028481012658227847
0 0.38375 0.43591772151898733 0.03875 0.04113924050632911
0 0.333125 0.5371835443037974 0.03625 0.0379746835443038
0 0.11875 0.6985759493670886 0.04 0.04113924050632911
0 0.8325 0.622626582278481 0.035 0.03639240506329114
0 0.551875 0.5300632911392406 0.035 0.03639240506329114
0 0.82125 0.432753164556962 0.03625 0.04113924050632911
0 0.721875 0.6242088607594937 0.035 0.0379746835443038
0 0.43875 0.44066455696202533 0.04 0.05221518987341772
0 0.8275 0.5585443037974683 0.03625 0.0379746835443038
0 0.33375 0.567246835443038 0.035 0.03639240506329114
0 0.65875 0.49841772151898733 0.035 0.0379746835443038
0 0.666875 0.6257911392405063 0.035 0.0379746835443038
0 0.2775 0.5371835443037974 0.0375 0.03955696202531646
0 0.38625 0.502373417721519 0.03625 0.04113924050632911
0 0.665625 0.5925632911392406 0.03625 0.03955696202531646
0 0.545 0.43591772151898733 0.03625 0.04430379746835443