0 0.77125 0.502373417721519 0.0325 0.030063291139240507
0 0.385625 0.882120253164557 0.03875 0.030063291139240507
0 0.496875 0.45332278481012656 0.03375 0.03322784810126582
0 0.385 0.692246835443038 0.035 0.03322784810126582
0 0.385 0.8504746835443038 0.035 0.03322784810126582
0 0.50875 0.6234177215189873 0.0275 0.0189873417721519
0 0.506875 0.8568037974683544 0.02125 0.022151898734177215
0 0.495625 0.5079113924050633 0.03375 0.023734177215189875
0 0.826875 0.43908227848101267 0.03375 0.030063291139240507
0 0.881875 0.5656645569620253 0.03375 0.03322784810126582
0 0.715 0.5664556962025317 0.035 0.028481012658227847
0 0.715 0.6606012658227848 0.0325 0.030063291139240507
0 0.770625 0.47072784810126583 0.03375 0.030063291139240507
0 0.604375 0.8180379746835443 0.03375 0.028481012658227847
0 0.330625 0.5308544303797469 0.03625 0.03322784810126582
0 0.38625 0.5308544303797469 0.0325 0.03322784810126582
0 0.22125 0.6265822784810127 0.0325 0.028481012658227847
0 0.22 0.6574367088607594 0.035 0.03322784810126582
0 0.659375 0.7563291139240507 0.03375 0.03164556962025317
0 0.605625 0.40585443037974683 0.03375 0.030063291139240507
0 0.330625 0.7856012658227848 0.03375 0.030063291139240507
0 0.331875 0.817246835443038 0.03375 0.03322784810126582
0 0.825625 0.502373417721519 0.03125 0.030063291139240507
0 0.716875 0.37420886075949367 0.03375 0.03322784810126582
0 0.714375 0.629746835443038 0.03625 0.03481012658227848
0 0.88 0.757120253164557 0.035 0.03322784810126582
0 0.825625 0.5680379746835443 0.03375 0.028481012658227847
0 0.165 0.8488924050632911 0.035 0.03322784810126582
0 0.659375 0.7871835443037974 0.03375 0.03322784810126582
0 0.825625 0.5957278481012658 0.03375 0.03322784810126582
0 0.879375 0.821993670886076 0.03375 0.03322784810126582
0 0.716875 0.34177215189873417 0.03625 0.03164556962025317
0 0.27625 0.4651898734177215 0.035 0.03164556962025317
0 0.22125 0.43354430379746833 0.035 0.03164556962025317
0 0.770625 0.37341772151898733 0.03375 0.03481012658227848
0 0.88 0.7887658227848101 0.035 0.03322784810126582
0 0.715625 0.4675632911392405 0.03625 0.03639240506329114
0 0.219375 0.7856012658227848 0.03375 0.03322784810126582
0 0.65875 0.819620253164557 0.0325 0.028481012658227847
0 0.33125 0.8837025316455697 0.0325 0.02689873417721519
0 0.77125 0.4074367088607595 0.03 0.03322784810126582
0 0.22 0.817246835443038 0.0375 0.03322784810126582
0 0.660625 0.6606012658227848 0.03125 0.02689873417721519
0 0.165625 0.8805379746835443 0.03375 0.030063291139240507
0 0.165 0.7863924050632911 0.035 0.03164556962025317
0 0.109375 0.40031645569620256 0.03125 0.03481012658227848
0 0.88125 0.4699367088607595 0.035 0.028481012658227847
0 0.881875 0.40901898734177217 0.03375 0.03639240506329114
0 0.49625 0.3401898734177215 0.0375 0.0379746835443038
0 0.33125 0.692246835443038 0.0325 0.03322784810126582
0 0.165625 0.43433544303797467 0.03375 0.03322784810126582
0 0.71625 0.4185126582278481 0.035 0.05221518987341772
0 0.385625 0.49920886075949367 0.03125 0.030063291139240507
0 0.385625 0.6281645569620253 0.03375 0.028481012658227847
0 0.880625 0.7254746835443038 0.03375 0.03322784810126582
0 0.3875 0.3694620253164557 0.0325 0.03639240506329114
0 0.826875 0.4074367088607595 0.03375 0.03322784810126582
0 0.769375 0.7895569620253164 0.03625 0.03164556962025317
0 0.33125 0.625 0.0325 0.028481012658227847
0 0.164375 0.754746835443038 0.03625 0.03164556962025317
0 0.605 0.5973101265822784 0.0325 0.030063291139240507
0 0.220625 0.7231012658227848 0.03375 0.03164556962025317
0 0.220625 0.7539556962025317 0.03375 0.030063291139240507
0 0.605 0.564873417721519 0.0325 0.03322784810126582
0 0.164375 0.7231012658227848 0.03625 0.03164556962025317
0 0.660625 0.43829113924050633 0.03375 0.03164556962025317
0 0.88125 0.5007911392405063 0.035 0.030063291139240507
0 0.220625 0.8805379746835443 0.03375 0.03322784810126582
0 0.22 0.8496835443037974 0.035 0.03164556962025317
0 0.50875 0.6795886075949367 0.0225 0.01740506329113924
0 0.509375 0.6416139240506329 0.02125 0.01740506329113924
0 0.50875 0.6012658227848101 0.02 0.022151898734177215
0 0.498125 0.4074367088607595 0.03375 0.01740506329113924
0 0.498125 0.38924050632911394 0.035 0.020569620253164556
0 0.385625 0.7231012658227848 0.03375 0.030063291139240507
0 0.498125 0.3686708860759494 0.03875 0.022151898734177215
0 0.508125 0.882120253164557 0.02375 0.023734177215189875
0 0.508125 0.5799050632911392 0.02375 0.020569620253164556
0 0.509375 0.6598101265822784 0.02375 0.0189873417721519
0 0.88125 0.44145569620253167 0.035 0.028481012658227847
0 0.498125 0.4264240506329114 0.03625 0.023734177215189875
0 0.49625 0.5300632911392406 0.035 0.022151898734177215
0 0.496875 0.5506329113924051 0.03375 0.0189873417721519
0 0.330625 0.5957278481012658 0.03375 0.03322784810126582
0 0.605 0.7887658227848101 0.035 0.030063291139240507
0 0.5075 0.7017405063291139 0.025 0.030063291139240507
0 0.55 0.8188291139240507 0.0325 0.03322784810126582
0 0.49625 0.7950949367088608 0.0325 0.030063291139240507
0 0.4425 0.5039556962025317 0.0325 0.030063291139240507
0 0.109375 0.43433544303797467 0.03375 0.03322784810126582
0 0.441875 0.5308544303797469 0.02875 0.030063291139240507
0 0.65875 0.8805379746835443 0.03 0.03322784810126582
0 0.165625 0.4050632911392405 0.03375 0.03481012658227848
0 0.88 0.8860759493670886 0.035 0.03164556962025317
0 0.770625 0.34177215189873417 0.03625 0.03164556962025317
0 0.88125 0.6962025316455697 0.035 0.03164556962025317
0 0.330625 0.7215189873417721 0.03375 0.028481012658227847
0 0.65875 0.8520569620253164 0.03 0.02689873417721519
0 0.385625 0.40427215189873417 0.03125 0.02689873417721519
0 0.275625 0.43670886075949367 0.03625 0.028481012658227847
0 0.879375 0.8552215189873418 0.03625 0.03322784810126582
0 0.385625 0.6582278481012658 0.03375 0.03481012658227848
0 0.549375 0.7887658227848101 0.03375 0.03322784810126582
0 0.165 0.8156645569620253 0.0325 0.03322784810126582
0 0.38625 0.4675632911392405 0.03 0.03322784810126582
0 0.109375 0.46598101265822783 0.03375 0.030063291139240507
0 0.165625 0.5316455696202531 0.03375 0.028481012658227847
0 0.88125 0.629746835443038 0.035 0.03164556962025317
0 0.770625 0.44066455696202533 0.03375 0.030063291139240507
0 0.714375 0.7563291139240507 0.03375 0.03164556962025317
0 0.76875 0.8852848101265823 0.0325 0.030063291139240507
0 0.605625 0.37183544303797467 0.03375 0.04113924050632911
0 0.441875 0.4375 0.03375 0.03322784810126582
0 0.604375 0.757120253164557 0.03375 0.03322784810126582
0 0.33125 0.49841772151898733 0.035 0.03164556962025317
0 0.881875 0.5973101265822784 0.03625 0.03322784810126582
0 0.55125 0.46835443037974683 0.0325 0.028481012658227847
0 0.33125 0.6582278481012658 0.0325 0.03481012658227848
0 0.441875 0.47151898734177217 0.03375 0.03164556962025317
0 0.22125 0.6906645569620253 0.035 0.03322784810126582
0 0.881875 0.375 0.03375 0.03481012658227848
0 0.43875 0.689873417721519 0.03 0.03164556962025317
0 0.82625 0.47072784810126583 0.0325 0.03322784810126582
0 0.66125 0.37183544303797467 0.035 0.03481012658227848
0 0.11 0.5973101265822784 0.0325 0.03322784810126582
0 0.549375 0.8504746835443038 0.03625 0.03322784810126582
0 0.164375 0.6574367088607594 0.03625 0.03322784810126582
0 0.165625 0.6906645569620253 0.03625 0.03322784810126582
0 0.76875 0.8204113924050633 0.0375 0.03322784810126582
0 0.76875 0.8536392405063291 0.035 0.03322784810126582
0 0.384375 0.817246835443038 0.03625 0.03322784810126582
0 0.660625 0.6289556962025317 0.03625 0.03639240506329114
0 0.165625 0.4651898734177215 0.03375 0.03164556962025317
0 0.825 0.7579113924050633 0.035 0.03481012658227848
0 0.330625 0.754746835443038 0.03375 0.03481012658227848
0 0.33125 0.8512658227848101 0.0325 0.03481012658227848
0 0.440625 0.627373417721519 0.03375 0.03322784810126582
0 0.165625 0.6257911392405063 0.03375 0.03322784810126582
0 0.88125 0.6629746835443038 0.035 0.03481012658227848
0 0.385625 0.752373417721519 0.03375 0.03322784810126582
0 0.44 0.6590189873417721 0.0325 0.03322784810126582
0 0.82625 0.37341772151898733 0.035 0.0379746835443038
0 0.38625 0.43433544303797467 0.0325 0.03322784810126582
0 0.715625 0.5957278481012658 0.03625 0.03322784810126582
0 0.331875 0.5640822784810127 0.03375 0.03322784810126582
0 0.275625 0.497626582278481 0.03625 0.03322784810126582
0 0.715625 0.502373417721519 0.03625 0.03322784810126582
0 0.825625 0.6598101265822784 0.03375 0.03164556962025317
0 0.66 0.7246835443037974 0.0325 0.03481012658227848
0 0.714375 0.7254746835443038 0.03375 0.03322784810126582
0 0.109375 0.49683544303797467 0.03375 0.03164556962025317
0 0.605625 0.6289556962025317 0.03625 0.03639240506329114
0 0.66 0.564873417721519 0.0325 0.03164556962025317
0 0.44125 0.5965189873417721 0.0325 0.03164556962025317
0 0.165 0.5941455696202531 0.035 0.030063291139240507
0 0.275 0.3694620253164557 0.035 0.03639240506329114
0 0.66 0.6906645569620253 0.0325 0.03639240506329114
0 0.880625 0.5332278481012658 0.03625 0.03164556962025317
0 0.549375 0.6281645569620253 0.03375 0.03164556962025317
0 0.660625 0.5957278481012658 0.03375 0.030063291139240507
0 0.331875 0.40348101265822783 0.03375 0.028481012658227847
0 0.4425 0.40427215189873417 0.0325 0.03322784810126582
0 0.44 0.882120253164557 0.0325 0.030063291139240507
0 0.66125 0.46835443037974683 0.035 0.03164556962025317
0 0.825625 0.5356012658227848 0.03375 0.03639240506329114
0 0.275625 0.40585443037974683 0.03625 0.03639240506329114
0 0.60625 0.4699367088607595 0.0325 0.03164556962025317
0 0.385 0.7856012658227848 0.035 0.03322784810126582
0 0.550625 0.564873417721519 0.03375 0.03164556962025317
0 0.55125 0.3686708860759494 0.0325 0.03481012658227848
0 0.604375 0.884493670886076 0.03375 0.03164556962025317
0 0.605625 0.43908227848101267 0.03375 0.03322784810126582
0 0.33125 0.46677215189873417 0.035 0.03164556962025317
0 0.77 0.6289556962025317 0.035 0.03322784810126582
0 0.54875 0.882120253164557 0.035 0.03322784810126582
0 0.550625 0.6914556962025317 0.03625 0.03164556962025317
0 0.2225 0.3987341772151899 0.0375 0.04113924050632911
0 0.440625 0.7531645569620253 0.03375 0.03164556962025317
0 0.825625 0.692246835443038 0.03375 0.03322784810126582
0 0.77 0.7254746835443038 0.0325 0.03322784810126582
0 0.22 0.5300632911392406 0.035 0.03164556962025317
0 0.77125 0.5332278481012658 0.0325 0.03164556962025317
0 0.441875 0.3686708860759494 0.03625 0.0379746835443038
0 0.825 0.6281645569620253 0.035 0.03481012658227848
0 0.11 0.5292721518987342 0.035 0.030063291139240507
0 0.605625 0.6613924050632911 0.03375 0.028481012658227847
0 0.220625 0.49920886075949367 0.03625 0.03322784810126582
0 0.824375 0.7254746835443038 0.03625 0.03322784810126582
0 0.165625 0.5 0.03625 0.0379746835443038
0 0.604375 0.7246835443037974 0.03375 0.03164556962025317
0 0.604375 0.8512658227848101 0.03375 0.03481012658227848
0 0.440625 0.7223101265822784 0.03125 0.03322784810126582
0 0.605 0.692246835443038 0.0325 0.03322784810126582
0 0.769375 0.7579113924050633 0.03375 0.03481012658227848
0 0.55 0.6590189873417721 0.035 0.03322784810126582
0 0.440625 0.7848101265822784 0.03375 0.03164556962025317
0 0.77 0.6938291139240507 0.0325 0.03322784810126582
0 0.220625 0.5625 0.03375 0.03322784810126582
0 0.60625 0.5 0.0325 0.03164556962025317
0 0.11 0.5632911392405063 0.0325 0.03481012658227848
0 0.331875 0.3686708860759494 0.03375 0.0379746835443038
0 0.331875 0.43433544303797467 0.03625 0.03322784810126582
0 0.220625 0.46677215189873417 0.03625 0.03481012658227848
0 0.77 0.6613924050632911 0.0325 0.03164556962025317
0 0.66125 0.4074367088607595 0.035 0.03639240506329114
0 0.385625 0.5632911392405063 0.03375 0.03164556962025317
0 0.55 0.7555379746835443 0.035 0.03322784810126582
0 0.66125 0.5007911392405063 0.0325 0.03322784810126582
0 0.66125 0.5340189873417721 0.0325 0.03322784810126582
0 0.22 0.5941455696202531 0.035 0.03322784810126582
0 0.549375 0.7231012658227848 0.03625 0.03164556962025317
0 0.550625 0.49920886075949367 0.03375 0.03322784810126582
0 0.440625 0.8504746835443038 0.03125 0.03322784810126582
0 0.55125 0.43829113924050633 0.035 0.03164556962025317
0 0.44 0.817246835443038 0.0325 0.03322784810126582
0 0.77125 0.5973101265822784 0.035 0.03322784810126582
0 0.770625 0.5656645569620253 0.03375 0.03322784810126582
0 0.165 0.5617088607594937 0.035 0.03481012658227848
0 0.550625 0.5340189873417721 0.03375 0.03322784810126582
0 0.715 0.6930379746835443 0.035 0.03481012658227848
0 0.715625 0.5356012658227848 0.03625 0.03322784810126582
0 0.385 0.5965189873417721 0.035 0.03481012658227848
0 0.605625 0.5340189873417721 0.03375 0.03322784810126582
0 0.441875 0.5640822784810127 0.03375 0.03322784810126582
0 0.55125 0.4050632911392405 0.035 0.03481012658227848
0 0.55 0.5957278481012658 0.035 0.03322784810126582