0 0.7177777777777777 0.29508196721311475 0.043333333333333335 0.04918032786885246
0 0.5177777777777778 0.2459016393442623 0.04888888888888889 0.04918032786885246
0 0.17666666666666667 0.07295081967213114 0.04111111111111111 0.054098360655737705
0 0.5327777777777778 0.14344262295081966 0.05 0.04590163934426229
0 0.5277777777777778 0.18032786885245902 0.05 0.05081967213114754
0 0.17 0.1180327868852459 0.04 0.05081967213114754
0 0.5011111111111111 0.3762295081967213 0.04888888888888889 0.04426229508196721
0 0.46 0.7573770491803279 0.022222222222222223 0.019672131147540985
0 0.46166666666666667 0.7418032786885246 0.022222222222222223 0.021311475409836064
0 0.4627777777777778 0.7278688524590164 0.022222222222222223 0.01639344262295082
0 0.5061111111111111 0.3475409836065574 0.04777777777777778 0.040983606557377046
0 0.6544444444444445 0.7516393442622951 0.03777777777777778 0.04918032786885246
0 0.7677777777777778 0.6934426229508197 0.04 0.047540983606557376
0 0.38722222222222225 0.42950819672131146 0.03888888888888889 0.04590163934426229
0 0.41888888888888887 0.5663934426229508 0.042222222222222223 0.04918032786885246
0 0.27111111111111114 0.14590163934426228 0.04111111111111111 0.047540983606557376
0 0.5033333333333333 0.7172131147540983 0.043333333333333335 0.05081967213114754
0 0.785 0.5680327868852459 0.04111111111111111 0.054098360655737705
0 0.6938888888888889 0.8483606557377049 0.043333333333333335 0.05573770491803279
0 0.32944444444444443 0.460655737704918 0.03777777777777778 0.04918032786885246
0 0.6822222222222222 0.5418032786885246 0.04 0.047540983606557376
0 0.7116666666666667 0.33852459016393444 0.04111111111111111 0.05081967213114754
0 0.8122222222222222 0.36311475409836064 0.042222222222222223 0.04918032786885246
0 0.2288888888888889 0.43524590163934423 0.03888888888888889 0.04918032786885246
0 0.8288888888888889 0.6204918032786885 0.04111111111111111 0.05081967213114754
0 0.34055555555555556 0.37540983606557377 0.04 0.05081967213114754
0 0.3527777777777778 0.29508196721311475 0.03777777777777778 0.04262295081967213
0 0.5627777777777778 0.3040983606557377 0.03666666666666667 0.047540983606557376
0 0.18944444444444444 0.34098360655737703 0.03888888888888889 0.04918032786885246
0 0.4888888888888889 0.45 0.04777777777777778 0.054098360655737705
0 0.42277777777777775 0.1778688524590164 0.04 0.05573770491803279
0 0.8816666666666667 0.24344262295081967 0.043333333333333335 0.05573770491803279
0 0.5972222222222222 0.7819672131147541 0.04 0.047540983606557376
0 0.5938888888888889 0.43934426229508194 0.03666666666666667 0.04590163934426229
0 0.6894444444444444 0.5032786885245901 0.03666666666666667 0.04590163934426229
0 0.335 0.4163934426229508 0.03888888888888889 0.04918032786885246
0 0.8022222222222222 0.44508196721311477 0.042222222222222223 0.05081967213114754
0 0.27944444444444444 0.44754098360655736 0.04 0.05573770491803279
0 0.49722222222222223 0.7573770491803279 0.042222222222222223 0.04918032786885246
0 0.6988888888888889 0.4237704918032787 0.04 0.04918032786885246
0 0.29055555555555557 0.3663934426229508 0.04 0.047540983606557376
0 0.6472222222222223 0.7918032786885246 0.03777777777777778 0.04590163934426229
0 0.8694444444444445 0.3336065573770492 0.042222222222222223 0.05081967213114754
0 0.21611111111111111 0.5163934426229508 0.04111111111111111 0.05245901639344262
0 0.5505555555555556 0.3844262295081967 0.04111111111111111 0.04918032786885246
0 0.5161111111111111 0.6311475409836066 0.04111111111111111 0.05245901639344262
0 0.7561111111111111 0.7745901639344263 0.03888888888888889 0.047540983606557376
0 0.7111111111111111 0.7245901639344262 0.04 0.05245901639344262
0 0.7444444444444445 0.8565573770491803 0.04111111111111111 0.05081967213114754
0 0.8005555555555556 0.828688524590164 0.04111111111111111 0.04918032786885246
0 0.8183333333333334 0.7040983606557377 0.04111111111111111 0.04918032786885246
0 0.835 0.5778688524590164 0.043333333333333335 0.05081967213114754
0 0.20722222222222222 0.2139344262295082 0.03888888888888889 0.054098360655737705
0 0.8755555555555555 0.29180327868852457 0.043333333333333335 0.05081967213114754
0 0.7722222222222223 0.6532786885245901 0.04111111111111111 0.04918032786885246
0 0.5488888888888889 0.7663934426229508 0.03777777777777778 0.04590163934426229
0 0.43 0.48360655737704916 0.034444444444444444 0.047540983606557376
0 0.6777777777777778 0.5836065573770491 0.04111111111111111 0.04918032786885246
0 0.7238888888888889 0.2532786885245902 0.043333333333333335 0.05245901639344262
0 0.32222222222222224 0.15163934426229508 0.04111111111111111 0.05737704918032787
0 0.25833333333333336 0.2262295081967213 0.042222222222222223 0.054098360655737705
0 0.49166666666666664 0.7959016393442623 0.04 0.047540983606557376
0 0.6555555555555556 0.3680327868852459 0.03666666666666667 0.04426229508196721
0 0.6655555555555556 0.6704918032786885 0.03888888888888889 0.04918032786885246
0 0.6072222222222222 0.3516393442622951 0.042222222222222223 0.05737704918032787
0 0.6616666666666666 0.32459016393442625 0.04111111111111111 0.054098360655737705
0 0.6944444444444444 0.46311475409836067 0.03777777777777778 0.04590163934426229
0 0.285 0.40409836065573773 0.03666666666666667 0.04426229508196721
0 0.15611111111111112 0.20491803278688525 0.04111111111111111 0.05245901639344262
0 0.8633333333333333 0.3778688524590164 0.042222222222222223 0.05245901639344262
0 0.6994444444444444 0.8049180327868852 0.03888888888888889 0.047540983606557376
0 0.08388888888888889 0.7836065573770492 0.02666666666666667 0.03934426229508197
0 0.48444444444444446 0.4918032786885246 0.04666666666666667 0.03934426229508197
0 0.09555555555555556 0.7008196721311475 0.02666666666666667 0.03934426229508197
0 0.5311111111111111 0.889344262295082 0.04 0.05081967213114754
0 0.05333333333333334 0.8204918032786885 0.02666666666666667 0.040983606557377046
0 0.5838888888888889 0.5229508196721312 0.04 0.05081967213114754
0 0.18444444444444444 0.7237704918032787 0.03666666666666667 0.047540983606557376
0 0.3711111111111111 0.898360655737705 0.04111111111111111 0.04918032786885246
0 0.02666666666666667 0.7327868852459016 0.04 0.047540983606557376
0 0.5938888888888889 0.8188524590163935 0.03888888888888889 0.04426229508196721
0 0.19666666666666666 0.6434426229508197 0.04111111111111111 0.05081967213114754
0 0.36277777777777775 0.5942622950819673 0.04 0.04918032786885246
0 0.47333333333333333 0.9254098360655738 0.044444444444444446 0.05245901639344262
0 0.14944444444444444 0.24672131147540985 0.04 0.04590163934426229
0 0.5366666666666666 0.8483606557377049 0.03666666666666667 0.047540983606557376
0 0.050555555555555555 0.5631147540983606 0.03888888888888889 0.04590163934426229
0 0.2461111111111111 0.31065573770491806 0.042222222222222223 0.054098360655737705
0 0.09277777777777778 0.27459016393442626 0.04111111111111111 0.05081967213114754
0 0.37722222222222224 0.8540983606557377 0.042222222222222223 0.05245901639344262
0 0.4777777777777778 0.8811475409836066 0.043333333333333335 0.05245901639344262
0 0.7955555555555556 0.8680327868852459 0.04 0.04918032786885246
0 0.6322222222222222 0.9139344262295082 0.043333333333333335 0.05245901639344262
0 0.7638888888888888 0.35081967213114756 0.03777777777777778 0.04426229508196721
0 0.2388888888888889 0.35327868852459016 0.04 0.05081967213114754
0 0.5094444444444445 0.31311475409836065 0.04888888888888889 0.05081967213114754
0 0.7272222222222222 0.9762295081967213 0.043333333333333335 0.047540983606557376
0 0.3566666666666667 0.6352459016393442 0.04111111111111111 0.05245901639344262
0 0.8461111111111111 0.49836065573770494 0.043333333333333335 0.05081967213114754
0 0.23444444444444446 0.39344262295081966 0.035555555555555556 0.04426229508196721
0 0.18222222222222223 0.38524590163934425 0.04 0.054098360655737705
0 0.6188888888888889 0.2721311475409836 0.03888888888888889 0.04262295081967213
0 0.5744444444444444 0.9475409836065574 0.044444444444444446 0.05573770491803279
0 0.06222222222222222 0.4778688524590164 0.04 0.04918032786885246
0 0.4 0.6934426229508197 0.04 0.047540983606557376
0 0.39444444444444443 0.7327868852459016 0.04111111111111111 0.04918032786885246
0 0.6361111111111111 0.8737704918032787 0.04111111111111111 0.04918032786885246
0 0.5772222222222222 0.5614754098360656 0.03666666666666667 0.040983606557377046
0 0.8188888888888889 0.32131147540983607 0.04111111111111111 0.047540983606557376
0 0.10611111111111111 0.5377049180327869 0.043333333333333335 0.04918032786885246
0 0.485 0.8368852459016394 0.03888888888888889 0.04918032786885246
0 0.03777777777777778 0.6491803278688525 0.042222222222222223 0.04918032786885246
0 0.09944444444444445 0.23278688524590163 0.042222222222222223 0.05081967213114754
0 0.7894444444444444 0.909016393442623 0.042222222222222223 0.05081967213114754
0 0.1272222222222222 0.41065573770491803 0.042222222222222223 0.04918032786885246
0 0.05722222222222222 0.521311475409836 0.04111111111111111 0.05245901639344262
0 0.11444444444444445 0.4926229508196721 0.044444444444444446 0.05573770491803279
0 0.08722222222222223 0.31475409836065577 0.04111111111111111 0.05081967213114754
0 0.2088888888888889 0.559016393442623 0.04111111111111111 0.05081967213114754
0 0.735 0.5565573770491803 0.03777777777777778 0.04590163934426229
0 0.6422222222222222 0.8319672131147541 0.04111111111111111 0.05081967213114754
0 0.31166666666666665 0.5844262295081967 0.03777777777777778 0.040983606557377046
0 0.5744444444444444 0.2139344262295082 0.04 0.04918032786885246
0 0.40555555555555556 0.6516393442622951 0.04111111111111111 0.05245901639344262
0 0.5322222222222223 0.5098360655737705 0.04 0.04918032786885246
0 0.03277777777777778 0.6901639344262295 0.04111111111111111 0.054098360655737705
0 0.3433333333333333 0.719672131147541 0.043333333333333335 0.05081967213114754
0 0.8072222222222222 0.40327868852459015 0.04111111111111111 0.04918032786885246
0 0.7616666666666667 0.7344262295081967 0.035555555555555556 0.047540983606557376
0 0.29888888888888887 0.6680327868852459 0.04111111111111111 0.054098360655737705
0 0.25222222222222224 0.26885245901639343 0.04 0.047540983606557376
0 0.5588888888888889 0.6860655737704918 0.04 0.05081967213114754
0 0.8122222222222222 0.7434426229508196 0.03666666666666667 0.04590163934426229
0 0.5811111111111111 0.9032786885245901 0.042222222222222223 0.05081967213114754
0 0.78 0.2180327868852459 0.042222222222222223 0.05245901639344262
0 0.8061111111111111 0.7852459016393443 0.04 0.05245901639344262
0 0.08055555555555556 0.35655737704918034 0.042222222222222223 0.05081967213114754
0 0.2772222222222222 0.10081967213114754 0.042222222222222223 0.05573770491803279
0 0.2644444444444444 0.18360655737704917 0.03888888888888889 0.04590163934426229
0 0.30944444444444447 0.24180327868852458 0.03888888888888889 0.04426229508196721
0 0.044444444444444446 0.6049180327868853 0.043333333333333335 0.05573770491803279
0 0.7688888888888888 0.31065573770491806 0.04 0.05081967213114754
0 0.3688888888888889 0.5532786885245902 0.03777777777777778 0.04590163934426229
0 0.43722222222222223 0.44344262295081965 0.03 0.04262295081967213
0 0.4672222222222222 0.23524590163934425 0.03777777777777778 0.04262295081967213
0 0.34944444444444445 0.6786885245901639 0.043333333333333335 0.05245901639344262
0 0.305 0.6245901639344262 0.04111111111111111 0.05245901639344262
0 0.17944444444444443 0.7647540983606558 0.04111111111111111 0.05081967213114754
0 0.7072222222222222 0.38114754098360654 0.04111111111111111 0.05245901639344262
0 0.10777777777777778 0.6188524590163934 0.027777777777777776 0.04262295081967213
0 0.1738888888888889 0.8081967213114755 0.042222222222222223 0.05245901639344262
0 0.27555555555555555 0.830327868852459 0.04 0.047540983606557376
0 0.11722222222222223 0.1942622950819672 0.027777777777777776 0.040983606557377046
0 0.5216666666666666 0.21311475409836064 0.05 0.03934426229508197
0 0.08 0.8270491803278689 0.028888888888888888 0.04426229508196721
0 0.058888888888888886 0.7778688524590164 0.02666666666666667 0.03934426229508197
0 0.08833333333333333 0.5729508196721311 0.025555555555555557 0.03442622950819672
0 0.9266666666666666 0.3016393442622951 0.04111111111111111 0.054098360655737705
0 0.5133333333333333 0.28032786885245903 0.04777777777777778 0.040983606557377046
0 0.12 0.4516393442622951 0.044444444444444446 0.05081967213114754
0 0.09055555555555556 0.7426229508196721 0.027777777777777776 0.03770491803278689
0 0.26944444444444443 0.8737704918032787 0.043333333333333335 0.05573770491803279
0 0.16777777777777778 0.8508196721311475 0.04111111111111111 0.047540983606557376
0 0.0661111111111111 0.7368852459016394 0.027777777777777776 0.04426229508196721
0 0.2927777777777778 0.7081967213114754 0.03777777777777778 0.04262295081967213
0 0.08277777777777778 0.6139344262295082 0.02666666666666667 0.04590163934426229
0 0.07833333333333334 0.6540983606557377 0.025555555555555557 0.03770491803278689
0 0.11388888888888889 0.5795081967213115 0.027777777777777776 0.03934426229508197
0 0.28055555555555556 0.7901639344262295 0.035555555555555556 0.04426229508196721
0 0.6127777777777778 0.3081967213114754 0.03777777777777778 0.04590163934426229
0 0.7327777777777778 0.9344262295081968 0.044444444444444446 0.05245901639344262
0 0.3194444444444444 0.8877049180327868 0.044444444444444446 0.04918032786885246
0 0.021111111111111112 0.771311475409836 0.04111111111111111 0.05081967213114754
0 0.06888888888888889 0.4385245901639344 0.03888888888888889 0.047540983606557376
0 0.19 0.6844262295081968 0.04 0.047540983606557376
0 0.07111111111111111 0.6950819672131148 0.02666666666666667 0.04262295081967213
0 0.8522222222222222 0.45819672131147543 0.04 0.047540983606557376
0 0.7744444444444445 0.2647540983606557 0.042222222222222223 0.05573770491803279
0 0.075 0.3983606557377049 0.03777777777777778 0.04426229508196721
0 0.7833333333333333 0.95 0.04 0.047540983606557376
0 0.018333333333333333 0.8147540983606557 0.03666666666666667 0.054098360655737705
0 0.3827777777777778 0.8122950819672131 0.04111111111111111 0.04918032786885246
0 0.6672222222222223 0.28524590163934427 0.04 0.047540983606557376
0 0.13833333333333334 0.32868852459016396 0.03888888888888889 0.04426229508196721
0 0.325 0.8434426229508196 0.044444444444444446 0.05245901639344262
0 0.9205555555555556 0.3483606557377049 0.042222222222222223 0.05573770491803279
0 0.5427777777777778 0.8065573770491803 0.04 0.047540983606557376
0 0.10277777777777777 0.6598360655737705 0.028888888888888888 0.040983606557377046
0 0.79 0.5254098360655738 0.03777777777777778 0.04590163934426229
0 0.20333333333333334 0.601639344262295 0.04111111111111111 0.05081967213114754
0 0.5244444444444445 0.9311475409836065 0.043333333333333335 0.05245901639344262
0 0.3888888888888889 0.7721311475409836 0.043333333333333335 0.04918032786885246
0 0.7766666666666666 0.9827868852459016 0.04 0.03442622950819672
0 0.7383333333333333 0.8967213114754098 0.04111111111111111 0.047540983606557376
0 0.22166666666666668 0.47622950819672133 0.03333333333333333 0.04426229508196721
0 0.5277777777777778 0.5475409836065573 0.03666666666666667 0.04262295081967213
0 0.9338888888888889 0.25491803278688524 0.042222222222222223 0.05737704918032787
0 0.6594444444444445 0.7106557377049181 0.035555555555555556 0.04590163934426229
0 0.2872222222222222 0.7483606557377049 0.04111111111111111 0.054098360655737705
0 0.7961111111111111 0.4860655737704918 0.04 0.047540983606557376
0 0.625 0.9565573770491803 0.042222222222222223 0.04918032786885246
0 0.13166666666666665 0.3680327868852459 0.042222222222222223 0.04918032786885246
0 0.8416666666666667 0.5377049180327869 0.03777777777777778 0.04590163934426229
0 0.8561111111111112 0.4180327868852459 0.043333333333333335 0.04918032786885246
0 0.3377777777777778 0.7598360655737705 0.042222222222222223 0.04918032786885246
0 0.14444444444444443 0.28688524590163933 0.04111111111111111 0.05081967213114754
0 0.705 0.7655737704918033 0.03333333333333333 0.04426229508196721
0 0.1638888888888889 0.16147540983606556 0.04 0.05081967213114754
0 0.3327777777777778 0.8008196721311476 0.043333333333333335 0.05081967213114754
0 0.42388888888888887 0.5245901639344263 0.04111111111111111 0.05081967213114754
0 0.5883333333333334 0.48114754098360657 0.03777777777777778 0.04918032786885246
0 0.2 0.2581967213114754 0.04111111111111111 0.05081967213114754
0 0.3233333333333333 0.5008196721311475 0.04 0.05245901639344262
0 0.7455555555555555 0.4745901639344262 0.04 0.047540983606557376
0 0.5205555555555555 0.5868852459016394 0.04111111111111111 0.05245901639344262
0 0.7316666666666667 0.20491803278688525 0.042222222222222223 0.05573770491803279
0 0.7411111111111112 0.5163934426229508 0.042222222222222223 0.04918032786885246
0 0.5538888888888889 0.7278688524590164 0.035555555555555556 0.04590163934426229
0 0.75 0.8139344262295082 0.04 0.04918032786885246
0 0.30333333333333334 0.28032786885245903 0.04 0.04918032786885246
0 0.5388888888888889 0.46885245901639344 0.04111111111111111 0.05245901639344262
0 0.1938888888888889 0.3 0.042222222222222223 0.05081967213114754
0 0.6711111111111111 0.6254098360655738 0.042222222222222223 0.05245901639344262
0 0.5566666666666666 0.3434426229508197 0.04111111111111111 0.05081967213114754
0 0.4166666666666667 0.22459016393442624 0.043333333333333335 0.05245901639344262
0 0.4127777777777778 0.6090163934426229 0.042222222222222223 0.054098360655737705
0 0.31555555555555553 0.2 0.044444444444444446 0.054098360655737705
0 0.6277777777777778 0.5762295081967214 0.03777777777777778 0.04590163934426229
0 0.6216666666666667 0.6163934426229508 0.04 0.047540983606557376
0 0.6438888888888888 0.45081967213114754 0.04 0.047540983606557376
0 0.8233333333333334 0.6631147540983606 0.043333333333333335 0.05245901639344262
0 0.7783333333333333 0.6114754098360655 0.04111111111111111 0.05081967213114754
0 0.7172222222222222 0.6819672131147541 0.03777777777777778 0.047540983606557376
0 0.31722222222222224 0.5442622950819672 0.04 0.05081967213114754
0 0.6394444444444445 0.49098360655737705 0.04111111111111111 0.04918032786885246
0 0.3477777777777778 0.3344262295081967 0.04 0.04918032786885246
0 0.8266666666666667 0.2778688524590164 0.042222222222222223 0.05737704918032787
0 0.5872222222222222 0.860655737704918 0.042222222222222223 0.05245901639344262
0 0.6094444444444445 0.6983606557377049 0.043333333333333335 0.04918032786885246
0 0.37444444444444447 0.5147540983606558 0.03777777777777778 0.04590163934426229
0 0.7505555555555555 0.43524590163934423 0.04111111111111111 0.04918032786885246
0 0.6033333333333334 0.7401639344262295 0.042222222222222223 0.05245901639344262
0 0.7233333333333334 0.639344262295082 0.042222222222222223 0.05245901639344262
0 0.37222222222222223 0.16475409836065574 0.042222222222222223 0.05737704918032787
0 0.7294444444444445 0.5975409836065574 0.042222222222222223 0.05245901639344262
0 0.7577777777777778 0.39262295081967213 0.042222222222222223 0.05081967213114754
0 0.2961111111111111 0.32459016393442625 0.04111111111111111 0.05245901639344262
0 0.6 0.3983606557377049 0.04111111111111111 0.05245901639344262
0 0.51 0.6737704918032786 0.043333333333333335 0.054098360655737705
0 0.5655555555555556 0.6442622950819672 0.04111111111111111 0.05245901639344262
0 0.6327777777777778 0.5327868852459017 0.04 0.05081967213114754
0 0.4483333333333333 0.3614754098360656 0.04111111111111111 0.047540983606557376
0 0.3927777777777778 0.3901639344262295 0.03888888888888889 0.04918032786885246
0 0.3655555555555556 0.21065573770491802 0.04111111111111111 0.05245901639344262
0 0.3988888888888889 0.34918032786885245 0.03666666666666667 0.047540983606557376
0 0.65 0.40901639344262297 0.04111111111111111 0.054098360655737705
0 0.5727777777777778 0.601639344262295 0.04 0.04918032786885246
0 0.4738888888888889 0.1901639344262295 0.043333333333333335 0.060655737704918035
0 0.625 0.22704918032786886 0.044444444444444446 0.060655737704918035
0 0.6738888888888889 0.23934426229508196 0.04 0.05737704918032787
0 0.6144444444444445 0.6557377049180327 0.043333333333333335 0.05245901639344262
0 0.40444444444444444 0.3073770491803279 0.04111111111111111 0.05081967213114754
0 0.5683333333333334 0.25901639344262295 0.044444444444444446 0.054098360655737705
0 0.38 0.4713114754098361 0.04111111111111111 0.05573770491803279
0 0.5455555555555556 0.42704918032786887 0.042222222222222223 0.04918032786885246
0 0.45444444444444443 0.32131147540983607 0.042222222222222223 0.05081967213114754
0 0.41055555555555556 0.26721311475409837 0.04 0.047540983606557376
0 0.44277777777777777 0.4024590163934426 0.04111111111111111 0.05245901639344262
0 0.46166666666666667 0.27704918032786885 0.04111111111111111 0.054098360655737705
0 0.35944444444444446 0.25491803278688524 0.04111111111111111 0.054098360655737705