0 0.8886666666666667 0.42068429237947125 0.04 0.04665629860031104
0 0.9406666666666667 0.6648522550544324 0.028 0.03265940902021773
0 0.4886666666666667 0.27993779160186627 0.036 0.03576982892690513
0 0.942 0.7690513219284604 0.042666666666666665 0.041990668740279936
0 0.886 0.6757387247278382 0.030666666666666665 0.03576982892690513
0 0.9373333333333334 0.7371695178849145 0.04133333333333333 0.04043545878693624
0 0.7273333333333334 0.46111975116640747 0.04133333333333333 0.04665629860031104
0 0.9246666666666666 0.6314152410575428 0.04133333333333333 0.049766718506998445
0 0.5346666666666666 0.5241057542768274 0.030666666666666665 0.03576982892690513
0 0.53 0.484447900466563 0.030666666666666665 0.03732503888024884
0 0.484 0.7682737169517885 0.029333333333333333 0.03576982892690513
0 0.586 0.6135303265940902 0.03866666666666667 0.04354587869362364
0 0.856 0.2161741835147745 0.044 0.04510108864696734
0 0.6726666666666666 0.7255054432348367 0.028 0.03421461897356143
0 0.432 0.5272161741835147 0.04133333333333333 0.049766718506998445
0 0.834 0.6881804043545878 0.028 0.03421461897356143
0 0.47533333333333333 0.18429237947122862 0.03333333333333333 0.03265940902021773
0 0.48133333333333334 0.8405909797822706 0.044 0.04354587869362364
0 0.5606666666666666 0.45023328149300157 0.03866666666666667 0.04821150855365474
0 0.9326666666666666 0.7013996889580093 0.042666666666666665 0.04665629860031104
0 0.618 0.7371695178849145 0.029333333333333333 0.03421461897356143
0 0.694 0.24961119751166408 0.03866666666666667 0.04043545878693624
0 0.836 0.4354587869362364 0.04133333333333333 0.04665629860031104
0 0.476 0.8040435458786936 0.042666666666666665 0.04510108864696734
0 0.7713333333333333 0.7379471228615864 0.042666666666666665 0.04354587869362364
0 0.726 0.7122861586314152 0.029333333333333333 0.03421461897356143
0 0.7806666666666666 0.7021772939346812 0.028 0.03421461897356143
0 0.782 0.44712286158631415 0.04 0.04510108864696734
0 0.7186666666666667 0.7488335925349923 0.04533333333333334 0.04665629860031104
0 0.6733333333333333 0.47200622083981336 0.044 0.04665629860031104
0 0.8693333333333333 0.6430793157076206 0.042666666666666665 0.04665629860031104
0 0.5473333333333333 0.37091757387247276 0.042666666666666665 0.04510108864696734
0 0.8166666666666667 0.656298600311042 0.04 0.04821150855365474
0 0.8886666666666667 0.7807153965785381 0.042666666666666665 0.05132192846034215
0 0.88 0.713841368584759 0.044 0.04821150855365474
0 0.62 0.48289269051321926 0.042666666666666665 0.049766718506998445
0 0.4846666666666667 0.24883359253499224 0.04 0.041990668740279936
0 0.47933333333333333 0.21228615863141523 0.036 0.03576982892690513
0 0.488 0.8740279937791602 0.044 0.04510108864696734
0 0.4653333333333333 0.7371695178849145 0.04 0.04665629860031104
0 0.654 0.6920684292379471 0.04 0.04510108864696734
0 0.3993333333333333 0.3188180404354588 0.04133333333333333 0.04354587869362364
0 0.7753333333333333 0.7721617418351477 0.042666666666666665 0.04354587869362364
0 0.6406666666666667 0.26360808709175737 0.04133333333333333 0.04510108864696734
0 0.7613333333333333 0.6679626749611197 0.04133333333333333 0.04821150855365474
0 0.7073333333333334 0.6804043545878694 0.04 0.04665629860031104
0 0.616 0.8087091757387247 0.04 0.04043545878693624
0 0.748 0.23872472783825816 0.04533333333333334 0.04821150855365474
0 0.61 0.7737169517884914 0.04133333333333333 0.04665629860031104
0 0.4573333333333333 0.34136858475894244 0.04 0.04821150855365474
0 0.728 0.8195956454121306 0.042666666666666665 0.04510108864696734
0 0.826 0.7262830482115086 0.044 0.04821150855365474
0 0.6686666666666666 0.7962674961119751 0.04133333333333333 0.04354587869362364
0 0.6666666666666666 0.76049766718507 0.042666666666666665 0.04665629860031104
0 0.5733333333333334 0.5295489891135303 0.04133333333333333 0.05132192846034215
0 0.6193333333333333 0.8444790046656299 0.044 0.04510108864696734
0 0.45066666666666666 0.30326594090202175 0.03866666666666667 0.041990668740279936
0 0.586 0.2737169517884914 0.04533333333333334 0.05132192846034215
0 0.536 0.2853810264385692 0.044 0.04821150855365474
0 0.6006666666666667 0.7021772939346812 0.04666666666666667 0.049766718506998445
0 0.6733333333333333 0.8312597200622084 0.042666666666666665 0.04510108864696734
0 0.7806666666666666 0.8063763608087092 0.04666666666666667 0.04510108864696734
0 0.724 0.7846034214618973 0.044 0.04510108864696734
0 0.8026666666666666 0.22706065318818042 0.042666666666666665 0.049766718506998445
0 0.836 0.7923794712286159 0.042666666666666665 0.05132192846034215