0 0.559375 0.6028481012658228 0.02375 0.02531645569620253
0 0.531875 0.5395569620253164 0.0375 0.02689873417721519
0 0.493125 0.3647151898734177 0.04125 0.03481012658227848
0 0.56625 0.6408227848101266 0.025 0.02689873417721519
0 0.561875 0.6234177215189873 0.025 0.02689873417721519
0 0.22125 0.9501582278481012 0.03875 0.04746835443037975
0 0.5225 0.49841772151898733 0.03625 0.03481012658227848
0 0.486875 0.3314873417721519 0.03875 0.03322784810126582
0 0.32125 0.6218354430379747 0.035 0.03639240506329114
0 0.575 0.6795886075949367 0.0275 0.030063291139240507
0 0.679375 0.4430379746835443 0.0375 0.0379746835443038
0 0.899375 0.40031645569620256 0.0375 0.03955696202531646
0 0.280625 0.9580696202531646 0.03875 0.03955696202531646
0 0.2475 0.8045886075949367 0.04 0.04588607594936709
0 0.179375 0.7634493670886076 0.03875 0.04430379746835443
0 0.316875 0.5996835443037974 0.0425 0.056962025316455694
0 0.14625 0.6107594936708861 0.035 0.04272151898734177
0 0.938125 0.5775316455696202 0.03625 0.03955696202531646
0 0.174375 0.7341772151898734 0.0375 0.04430379746835443
0 0.72625 0.39319620253164556 0.03875 0.03639240506329114
0 0.52 0.7492088607594937 0.04 0.04272151898734177
0 0.89125 0.6265822784810127 0.04 0.04430379746835443
0 0.685 0.4620253164556962 0.045 0.055379746835443035
0 0.14125 0.5838607594936709 0.0375 0.04113924050632911
0 0.839375 0.3884493670886076 0.03875 0.04113924050632911
0 0.555 0.5838607594936709 0.02375 0.02689873417721519
0 0.604375 0.821993670886076 0.025 0.02689873417721519
0 0.1675 0.7056962025316456 0.03875 0.0379746835443038
0 0.971875 0.7310126582278481 0.04125 0.04430379746835443
0 0.845 0.4185126582278481 0.04 0.04272151898734177
0 0.580625 0.7713607594936709 0.03375 0.0379746835443038
0 0.885 0.5957278481012658 0.04125 0.04430379746835443
0 0.513125 0.7191455696202531 0.0375 0.03955696202531646
0 0.51125 0.4477848101265823 0.04 0.04588607594936709
0 0.94375 0.6083860759493671 0.04125 0.04430379746835443
0 0.526875 0.7808544303797469 0.04 0.04588607594936709
0 0.713125 0.33069620253164556 0.03875 0.04113924050632911
0 0.549375 0.5640822784810127 0.025 0.030063291139240507
0 0.47375 0.7943037974683544 0.03875 0.04272151898734177
0 0.255 0.8370253164556962 0.04 0.04430379746835443
0 0.3275 0.9106012658227848 0.0375 0.04272151898734177
0 0.240625 0.7792721518987342 0.0375 0.04113924050632911
0 0.859375 0.4786392405063291 0.0375 0.0379746835443038
0 0.16 0.6772151898734177 0.04 0.04430379746835443
0 0.958125 0.6700949367088608 0.04125 0.04113924050632911
0 0.964375 0.6985759493670886 0.04125 0.04430379746835443
0 0.508125 0.6914556962025317 0.03625 0.03955696202531646
0 0.911875 0.7191455696202531 0.0375 0.0379746835443038
0 0.9325 0.5506329113924051 0.04 0.04113924050632911
0 0.61125 0.8449367088607594 0.025 0.03164556962025317
0 0.533125 0.810126582278481 0.0375 0.03955696202531646
0 0.838125 0.6431962025316456 0.04 0.04272151898734177
0 0.4475 0.41693037974683544 0.0375 0.03955696202531646
0 0.40125 0.46439873417721517 0.04 0.04272151898734177
0 0.421875 0.5561708860759493 0.03625 0.0379746835443038
0 0.804375 0.752373417721519 0.03875 0.04272151898734177
0 0.651875 0.8346518987341772 0.03875 0.04113924050632911
0 0.665 0.6360759493670886 0.03875 0.03955696202531646
0 0.195625 0.5656645569620253 0.03875 0.04113924050632911
0 0.31375 0.8488924050632911 0.04125 0.04272151898734177
0 0.599375 0.5941455696202531 0.03625 0.0379746835443038
0 0.28125 0.6985759493670886 0.03625 0.0379746835443038
0 0.18125 0.5031645569620253 0.04125 0.04746835443037975
0 0.919375 0.49050632911392406 0.0425 0.04430379746835443
0 0.786875 0.40664556962025317 0.03875 0.03955696202531646
0 0.778125 0.6313291139240507 0.03875 0.03955696202531646
0 0.85125 0.7049050632911392 0.04 0.04272151898734177
0 0.63125 0.7444620253164557 0.04 0.04272151898734177
0 0.8575 0.7357594936708861 0.04125 0.04430379746835443
0 0.69875 0.7863924050632911 0.04 0.04272151898734177
0 0.685625 0.7254746835443038 0.04 0.04113924050632911
0 0.659375 0.34572784810126583 0.03875 0.04113924050632911
0 0.871875 0.28085443037974683 0.04125 0.04430379746835443
0 0.474375 0.5403481012658228 0.03875 0.04113924050632911
0 0.771875 0.6020569620253164 0.0375 0.04272151898734177
0 0.574375 0.47705696202531644 0.03875 0.03955696202531646
0 0.440625 0.3860759493670886 0.03875 0.04430379746835443
0 0.36 0.8014240506329114 0.04125 0.04430379746835443
0 0.260625 0.6091772151898734 0.03875 0.03955696202531646
0 0.295 0.49841772151898733 0.0375 0.04113924050632911
0 0.756875 0.8006329113924051 0.03875 0.03955696202531646
0 0.301875 0.5300632911392406 0.03875 0.04588607594936709
0 0.340625 0.7112341772151899 0.03875 0.04113924050632911
0 0.22125 0.6890822784810127 0.03875 0.04113924050632911
0 0.64625 0.8037974683544303 0.0375 0.04113924050632911
0 0.2075 0.627373417721519 0.03875 0.04113924050632911
0 0.3275 0.6503164556962026 0.0375 0.04113924050632911
0 0.3475 0.7412974683544303 0.04 0.04430379746835443
0 0.408125 0.49683544303797467 0.03875 0.04113924050632911
0 0.799375 0.46598101265822783 0.04 0.03955696202531646
0 0.7525 0.5126582278481012 0.03875 0.03955696202531646
0 0.7725 0.34414556962025317 0.03875 0.03955696202531646
0 0.288125 0.7286392405063291 0.03875 0.04272151898734177
0 0.7975 0.7215189873417721 0.03875 0.03955696202531646
0 0.2675 0.6392405063291139 0.03875 0.04113924050632911
0 0.711875 0.5901898734177216 0.03875 0.04113924050632911
0 0.414375 0.5276898734177216 0.0375 0.04113924050632911
0 0.294375 0.759493670886076 0.04 0.04430379746835443
0 0.8325 0.3583860759493671 0.04125 0.04113924050632911
0 0.275 0.6693037974683544 0.04 0.04272151898734177
0 0.50125 0.6606012658227848 0.03625 0.04272151898734177
0 0.791875 0.43670886075949367 0.04 0.04272151898734177
0 0.705 0.817246835443038 0.03875 0.04113924050632911
0 0.241875 0.5174050632911392 0.03875 0.03955696202531646
0 0.76625 0.31329113924050633 0.04 0.04272151898734177
0 0.435 0.6170886075949367 0.04 0.04113924050632911
0 0.361875 0.5458860759493671 0.03875 0.03955696202531646
0 0.739375 0.45174050632911394 0.03875 0.04113924050632911
0 0.693125 0.5 0.03875 0.03955696202531646
0 0.731875 0.6772151898734177 0.03875 0.03955696202531646
0 0.566875 0.4454113924050633 0.03875 0.04430379746835443
0 0.454375 0.7072784810126582 0.04 0.04430379746835443
0 0.39375 0.432753164556962 0.04125 0.04430379746835443
0 0.59875 0.33306962025316456 0.0375 0.04430379746835443
0 0.545625 0.34968354430379744 0.04 0.04430379746835443
0 0.67875 0.696993670886076 0.0375 0.03955696202531646
0 0.368125 0.5759493670886076 0.04 0.04272151898734177
0 0.506875 0.4224683544303797 0.035 0.02531645569620253
0 0.50125 0.40585443037974683 0.03625 0.030063291139240507
0 0.499375 0.3860759493670886 0.03875 0.03164556962025317
0 0.49 0.35205696202531644 0.03625 0.028481012658227847
0 0.528125 0.5205696202531646 0.03125 0.030063291139240507
0 0.57125 0.6606012658227848 0.02375 0.023734177215189875
0 0.4475 0.6748417721518988 0.03875 0.03955696202531646
0 0.851875 0.4501582278481013 0.04 0.04430379746835443
0 0.205625 0.884493670886076 0.04 0.04272151898734177
0 0.87875 0.567246835443038 0.04 0.03955696202531646
0 0.898125 0.6574367088607594 0.0375 0.04113924050632911
0 0.825 0.5854430379746836 0.04 0.04272151898734177
0 0.4675 0.7658227848101266 0.04125 0.04430379746835443
0 0.8925 0.3686708860759494 0.0375 0.04113924050632911
0 0.831875 0.6139240506329114 0.04 0.04272151898734177
0 0.92625 0.5205696202531646 0.04 0.04272151898734177
0 0.2125 0.9169303797468354 0.04 0.04588607594936709
0 0.335 0.9414556962025317 0.03875 0.03955696202531646
0 0.260625 0.8670886075949367 0.0425 0.04430379746835443
0 0.731875 0.4200949367088608 0.04125 0.04746835443037975
0 0.1925 0.8243670886075949 0.03625 0.0379746835443038
0 0.23375 0.7460443037974683 0.03625 0.03955696202531646
0 0.919375 0.7492088607594937 0.04 0.04113924050632911
0 0.865 0.7666139240506329 0.0425 0.04113924050632911
0 0.54 0.8401898734177216 0.04 0.04113924050632911
0 0.35375 0.7705696202531646 0.04 0.04113924050632911
0 0.30125 0.7871835443037974 0.0375 0.0379746835443038
0 0.480625 0.8259493670886076 0.04125 0.04272151898734177
0 0.494375 0.8876582278481012 0.0425 0.04272151898734177
0 0.321875 0.8829113924050633 0.04 0.04588607594936709
0 0.199375 0.8536392405063291 0.04 0.04272151898734177
0 0.865625 0.507120253164557 0.03875 0.03955696202531646
0 0.546875 0.8694620253164557 0.03875 0.04113924050632911
0 0.185625 0.7950949367088608 0.0375 0.04272151898734177
0 0.38875 0.9224683544303798 0.04375 0.04113924050632911
0 0.274375 0.9295886075949367 0.04125 0.04588607594936709
0 0.951875 0.6408227848101266 0.04125 0.04430379746835443
0 0.8125 0.2626582278481013 0.03875 0.04430379746835443
0 0.63875 0.7745253164556962 0.03625 0.03955696202531646
0 0.911875 0.46044303797468356 0.04 0.03955696202531646
0 0.18875 0.5356012658227848 0.03875 0.03955696202531646
0 0.81875 0.5561708860759493 0.03875 0.04113924050632911
0 0.844375 0.6732594936708861 0.04 0.04430379746835443
0 0.7175 0.617879746835443 0.03625 0.0379746835443038
0 0.38125 0.8939873417721519 0.04125 0.04272151898734177
0 0.905 0.6882911392405063 0.03875 0.04113924050632911
0 0.2275 0.7191455696202531 0.0375 0.04272151898734177
0 0.13375 0.553006329113924 0.04 0.04430379746835443
0 0.81125 0.7840189873417721 0.03875 0.04113924050632911
0 0.553125 0.3813291139240506 0.03875 0.04113924050632911
0 0.308125 0.5625 0.0375 0.03955696202531646
0 0.215 0.6590189873417721 0.03875 0.04272151898734177
0 0.441875 0.6479430379746836 0.04 0.04430379746835443
0 0.87875 0.31091772151898733 0.04 0.03955696202531646
0 0.90625 0.4311708860759494 0.04 0.04430379746835443
0 0.88625 0.33860759493670883 0.04 0.04430379746835443
0 0.765625 0.5704113924050633 0.03875 0.03955696202531646
0 0.818125 0.2958860759493671 0.04 0.04272151898734177
0 0.4875 0.8575949367088608 0.04125 0.04430379746835443
0 0.3675 0.8306962025316456 0.04 0.04272151898734177
0 0.2875 0.4620253164556962 0.04 0.04588607594936709
0 0.580625 0.5055379746835443 0.0375 0.0379746835443038
0 0.805625 0.4936708860759494 0.03875 0.03955696202531646
0 0.79125 0.6914556962025317 0.04 0.04272151898734177
0 0.375 0.8623417721518988 0.03875 0.04272151898734177
0 0.8125 0.5253164556962026 0.03875 0.04113924050632911
0 0.864375 0.2468354430379747 0.0425 0.04746835443037975
0 0.706875 0.30063291139240506 0.04375 0.05221518987341772
0 0.26625 0.8971518987341772 0.0425 0.04272151898734177
0 0.46 0.7365506329113924 0.04 0.04113924050632911
0 0.375 0.6068037974683544 0.04125 0.04588607594936709
0 0.3875 0.40110759493670883 0.04 0.04430379746835443
0 0.480625 0.571993670886076 0.0375 0.04113924050632911
0 0.744375 0.7397151898734177 0.03875 0.03955696202531646
0 0.785625 0.6621835443037974 0.04 0.04430379746835443
0 0.745625 0.48417721518987344 0.04 0.04113924050632911
0 0.82625 0.32674050632911394 0.04 0.04272151898734177
0 0.705625 0.560126582278481 0.03875 0.03955696202531646
0 0.428125 0.5862341772151899 0.04 0.04430379746835443
0 0.6925 0.7563291139240507 0.04 0.04430379746835443
0 0.65125 0.5775316455696202 0.03625 0.0379746835443038
0 0.254375 0.5791139240506329 0.03875 0.04113924050632911
0 0.23375 0.48417721518987344 0.04 0.04588607594936709
0 0.494375 0.629746835443038 0.03875 0.03955696202531646
0 0.1525 0.6439873417721519 0.04 0.04588607594936709
0 0.873125 0.5379746835443038 0.04 0.04588607594936709
0 0.4875 0.6004746835443038 0.03625 0.03955696202531646
0 0.64 0.5158227848101266 0.03875 0.03955696202531646
0 0.334375 0.6811708860759493 0.0375 0.04113924050632911
0 0.7375 0.7088607594936709 0.03875 0.04272151898734177
0 0.725 0.6471518987341772 0.0375 0.04272151898734177
0 0.750625 0.7697784810126582 0.0375 0.04272151898734177
0 0.355 0.5150316455696202 0.03875 0.04272151898734177
0 0.201875 0.5957278481012658 0.03875 0.04113924050632911
0 0.593125 0.567246835443038 0.03875 0.03955696202531646
0 0.625625 0.4564873417721519 0.04 0.04113924050632911
0 0.308125 0.8180379746835443 0.04125 0.04588607594936709
0 0.758125 0.5419303797468354 0.04 0.04272151898734177
0 0.779375 0.375 0.03875 0.04430379746835443
0 0.34125 0.4525316455696203 0.04125 0.04430379746835443
0 0.6525 0.31408227848101267 0.03875 0.04272151898734177
0 0.61875 0.6835443037974683 0.03875 0.03955696202531646
0 0.665625 0.37895569620253167 0.04 0.04588607594936709
0 0.46125 0.4778481012658228 0.0375 0.03955696202531646
0 0.12625 0.5197784810126582 0.04125 0.04588607594936709
0 0.624375 0.7143987341772152 0.04 0.04430379746835443
0 0.6725 0.6661392405063291 0.04 0.04430379746835443
0 0.62 0.4264240506329114 0.03875 0.04113924050632911
0 0.659375 0.6060126582278481 0.0375 0.04272151898734177
0 0.6075 0.36550632911392406 0.0375 0.04272151898734177
0 0.61375 0.39556962025316456 0.03625 0.04113924050632911
0 0.34875 0.48417721518987344 0.04 0.04272151898734177
0 0.72 0.3647151898734177 0.04125 0.04588607594936709
0 0.60625 0.625 0.0375 0.04113924050632911
0 0.63125 0.4873417721518987 0.04375 0.04430379746835443
0 0.586875 0.5356012658227848 0.04 0.04430379746835443
0 0.7 0.5300632911392406 0.03875 0.04272151898734177
0 0.611875 0.6550632911392406 0.0375 0.03955696202531646
0 0.333125 0.4185126582278481 0.0425 0.04746835443037975
0 0.560625 0.41455696202531644 0.03875 0.04272151898734177
0 0.248125 0.5474683544303798 0.0375 0.04272151898734177
0 0.673125 0.40901898734177217 0.04 0.04430379746835443
0 0.454375 0.4485759493670886 0.0375 0.04113924050632911
0 0.646875 0.5466772151898734 0.03875 0.03955696202531646
0 0.4675 0.509493670886076 0.03875 0.04113924050632911
0 0.759375 0.28085443037974683 0.0425 0.04746835443037975