0 0.18444444444444444 0.09375 0.044444444444444446 0.05592105263157895
0 0.5088888888888888 0.3305921052631579 0.04777777777777778 0.044407894736842105
0 0.5044444444444445 0.359375 0.05 0.049342105263157895
0 0.5205555555555555 0.26398026315789475 0.04888888888888889 0.044407894736842105
0 0.8733333333333333 0.33223684210526316 0.03888888888888889 0.03618421052631579
0 0.5461111111111111 0.13486842105263158 0.04888888888888889 0.046052631578947366
0 0.47444444444444445 0.5123355263157895 0.03888888888888889 0.044407894736842105
0 0.5388888888888889 0.1669407894736842 0.051111111111111114 0.049342105263157895
0 0.5327777777777778 0.19901315789473684 0.051111111111111114 0.04276315789473684
0 0.8705555555555555 0.631578947368421 0.035555555555555556 0.049342105263157895
0 0.5272222222222223 0.23108552631578946 0.05 0.05592105263157895
0 0.6094444444444445 0.34375 0.04111111111111111 0.05263157894736842
0 0.9061111111111111 0.4300986842105263 0.04111111111111111 0.049342105263157895
0 0.5155555555555555 0.29605263157894735 0.05 0.05592105263157895
0 0.5755555555555556 0.24753289473684212 0.03888888888888889 0.046052631578947366
0 0.27666666666666667 0.16447368421052633 0.04111111111111111 0.05263157894736842
0 0.12611111111111112 0.12088815789473684 0.04111111111111111 0.049342105263157895
0 0.32722222222222225 0.17845394736842105 0.04 0.049342105263157895
0 0.7572222222222222 0.38980263157894735 0.042222222222222223 0.05263157894736842
0 0.65 0.3996710526315789 0.042222222222222223 0.05263157894736842
0 0.6577777777777778 0.35855263157894735 0.042222222222222223 0.054276315789473686
0 0.8222222222222222 0.31661184210526316 0.042222222222222223 0.05756578947368421
0 0.335 0.13404605263157895 0.043333333333333335 0.06414473684210527
0 0.3933333333333333 0.10526315789473684 0.042222222222222223 0.05592105263157895
0 0.2688888888888889 0.20641447368421054 0.043333333333333335 0.05592105263157895
0 0.6011111111111112 0.3848684210526316 0.04111111111111111 0.054276315789473686
0 0.5938888888888889 0.42680921052631576 0.04111111111111111 0.054276315789473686
0 0.6238888888888889 0.26069078947368424 0.042222222222222223 0.05921052631578947
0 0.8761111111111111 0.5921052631578947 0.043333333333333335 0.05098684210526316
0 0.4888888888888889 0.43256578947368424 0.04666666666666667 0.054276315789473686
0 0.47 0.26398026315789475 0.042222222222222223 0.054276315789473686
0 0.36944444444444446 0.23519736842105263 0.04 0.05263157894736842
0 0.41888888888888887 0.25 0.043333333333333335 0.054276315789473686
0 0.11833333333333333 0.16365131578947367 0.044444444444444446 0.05921052631578947
0 0.47833333333333333 0.21792763157894737 0.04111111111111111 0.05921052631578947
0 0.44277777777777777 0.11924342105263158 0.04555555555555556 0.05921052631578947
0 0.69 0.18914473684210525 0.042222222222222223 0.054276315789473686
0 0.8916666666666667 0.5123355263157895 0.042222222222222223 0.05098684210526316
0 0.4338888888888889 0.16282894736842105 0.042222222222222223 0.05263157894736842
0 0.9216666666666666 0.34786184210526316 0.042222222222222223 0.05263157894736842
0 0.6994444444444444 0.4128289473684211 0.044444444444444446 0.054276315789473686
0 0.19444444444444445 0.04851973684210526 0.044444444444444446 0.05756578947368421
0 0.22611111111111112 0.14884868421052633 0.04111111111111111 0.05098684210526316
0 0.6416666666666667 0.44161184210526316 0.042222222222222223 0.05263157894736842
0 0.8838888888888888 0.5518092105263158 0.044444444444444446 0.054276315789473686
0 0.385 0.15049342105263158 0.042222222222222223 0.054276315789473686
0 0.3194444444444444 0.21957236842105263 0.043333333333333335 0.05756578947368421
0 0.7161111111111111 0.328125 0.042222222222222223 0.05592105263157895
0 0.7077777777777777 0.37006578947368424 0.043333333333333335 0.05592105263157895
0 0.7716666666666666 0.3034539473684211 0.044444444444444446 0.05592105263157895
0 0.2427777777777778 0.06414473684210527 0.044444444444444446 0.05756578947368421
0 0.8644444444444445 0.3725328947368421 0.044444444444444446 0.06085526315789474
0 0.135 0.07730263157894737 0.044444444444444446 0.06414473684210527
0 0.16777777777777778 0.18174342105263158 0.042222222222222223 0.05592105263157895
0 0.6655555555555556 0.3182565789473684 0.042222222222222223 0.05263157894736842
0 0.4811111111111111 0.4753289473684211 0.04555555555555556 0.05592105263157895
0 0.6738888888888889 0.27631578947368424 0.043333333333333335 0.054276315789473686
0 0.6811111111111111 0.23355263157894737 0.042222222222222223 0.054276315789473686
0 0.21833333333333332 0.1924342105263158 0.043333333333333335 0.05756578947368421
0 0.9305555555555556 0.3042763157894737 0.043333333333333335 0.05756578947368421
0 0.6166666666666667 0.3050986842105263 0.042222222222222223 0.05263157894736842
0 0.5672222222222222 0.2902960526315789 0.043333333333333335 0.05756578947368421
0 0.8144444444444444 0.36101973684210525 0.042222222222222223 0.05592105263157895
0 0.765 0.3470394736842105 0.042222222222222223 0.05592105263157895
0 0.5827777777777777 0.20394736842105263 0.043333333333333335 0.06414473684210527
0 0.7488888888888889 0.4300986842105263 0.043333333333333335 0.054276315789473686
0 0.8988888888888888 0.46875 0.044444444444444446 0.054276315789473686
0 0.78 0.2623355263157895 0.043333333333333335 0.054276315789473686
0 0.88 0.2894736842105263 0.044444444444444446 0.06414473684210527
0 0.9383333333333334 0.2590460526315789 0.04555555555555556 0.05756578947368421
0 0.7888888888888889 0.21710526315789475 0.044444444444444446 0.05756578947368421
0 0.23444444444444446 0.10855263157894737 0.043333333333333335 0.054276315789473686
0 0.9138888888888889 0.38980263157894735 0.044444444444444446 0.05592105263157895
0 0.17722222222222223 0.13733552631578946 0.04555555555555556 0.05592105263157895
0 0.37777777777777777 0.19325657894736842 0.043333333333333335 0.05592105263157895
0 0.4272222222222222 0.20723684210526316 0.04555555555555556 0.05592105263157895