0 0.6533333333333333 0.2907742998352554 0.035555555555555556 0.044481054365733116
0 0.45055555555555554 0.6672158154859967 0.034444444444444444 0.04612850082372323
0 0.6527777777777778 0.3319604612850082 0.034444444444444444 0.03789126853377265
0 0.5016666666666667 0.1828665568369028 0.043333333333333335 0.036243822075782535
0 0.5016666666666667 0.14744645799011533 0.04777777777777778 0.03459637561779242
0 0.6527777777777778 0.2487644151565074 0.034444444444444444 0.036243822075782535
0 0.8077777777777778 0.2471169686985173 0.03333333333333333 0.036243822075782535
0 0.8083333333333333 0.32948929159802304 0.03666666666666667 0.032948929159802305
0 0.5022222222222222 0.3154859967051071 0.042222222222222223 0.03789126853377265
0 0.5005555555555555 0.2504118616144975 0.043333333333333335 0.036243822075782535
0 0.5033333333333333 0.38138385502471167 0.044444444444444446 0.03130148270181219
0 0.5016666666666667 0.21828665568369027 0.04555555555555556 0.03130148270181219
0 0.7572222222222222 0.33278418451400327 0.034444444444444444 0.032948929159802305
0 0.5027777777777778 0.5337726523887973 0.03222222222222222 0.036243822075782535
0 0.5033333333333333 0.3517298187808896 0.042222222222222223 0.03130148270181219
0 0.5155555555555555 0.7528830313014827 0.022222222222222223 0.023064250411861616
0 0.6022222222222222 0.3344316309719934 0.03333333333333333 0.039538714991762765
0 0.5016666666666667 0.2841845140032949 0.04111111111111111 0.03130148270181219
0 0.5027777777777778 0.4950576606260296 0.03888888888888889 0.04118616144975288
0 0.5533333333333333 0.6647446457990115 0.03333333333333333 0.044481054365733116
0 0.6533333333333333 0.3747940691927512 0.035555555555555556 0.044481054365733116
0 0.8077777777777778 0.37067545304777594 0.035555555555555556 0.04612850082372323
0 0.5027777777777778 0.45222405271828664 0.04111111111111111 0.044481054365733116
0 0.7044444444444444 0.28912685337726524 0.03333333333333333 0.047775947281713346
0 0.7566666666666667 0.29242174629324547 0.03111111111111111 0.04118616144975288
0 0.6516666666666666 0.2042833607907743 0.034444444444444444 0.05271828665568369
0 0.515 0.7322899505766063 0.023333333333333334 0.02471169686985173
0 0.9111111111111111 0.32948929159802304 0.035555555555555556 0.026359143327841845
0 0.45111111111111113 0.6219110378912686 0.03333333333333333 0.047775947281713346
0 0.5522222222222222 0.6186161449752883 0.03333333333333333 0.047775947281713346
0 0.6022222222222222 0.29242174629324547 0.03111111111111111 0.04118616144975288
0 0.45 0.3369028006589786 0.035555555555555556 0.044481054365733116
0 0.7566666666666667 0.2471169686985173 0.035555555555555556 0.04612850082372323
0 0.91 0.24546952224052718 0.03777777777777778 0.04612850082372323
0 0.7061111111111111 0.6169686985172982 0.034444444444444444 0.047775947281713346
0 0.7044444444444444 0.3369028006589786 0.035555555555555556 0.047775947281713346
0 0.9105555555555556 0.2915980230642504 0.03222222222222222 0.042833607907743
0 0.45111111111111113 0.2907742998352554 0.03111111111111111 0.044481054365733116
0 0.6022222222222222 0.24794069192751236 0.03333333333333333 0.044481054365733116
0 0.5494444444444444 0.2899505766062603 0.034444444444444444 0.04612850082372323
0 0.7077777777777777 0.6622734761120264 0.03777777777777778 0.042833607907743
0 0.8588888888888889 0.33278418451400327 0.035555555555555556 0.042833607907743
0 0.7083333333333334 0.7446457990115322 0.03666666666666667 0.04612850082372323
0 0.8588888888888889 0.2883031301482702 0.03333333333333333 0.04942339373970346
0 0.7072222222222222 0.7042833607907742 0.034444444444444444 0.04118616144975288
0 0.55 0.3344316309719934 0.03111111111111111 0.042833607907743
0 0.8072222222222222 0.28912685337726524 0.03666666666666667 0.044481054365733116
0 0.8072222222222222 0.20181219110378912 0.034444444444444444 0.054365733113673806