0 0.14166666666666666 0.8363486842105263 0.034444444444444444 0.04111842105263158
0 0.1411111111111111 0.8774671052631579 0.03333333333333333 0.044407894736842105
0 0.5555555555555556 0.875 0.03333333333333333 0.046052631578947366
0 0.9127777777777778 0.3371710526315789 0.034444444444444444 0.04276315789473684
0 0.4 0.7524671052631579 0.03333333333333333 0.03782894736842105
0 0.9138888888888889 0.41776315789473684 0.03222222222222222 0.039473684210526314
0 0.8611111111111112 0.16365131578947367 0.035555555555555556 0.047697368421052634
0 0.08833333333333333 0.46463815789473684 0.03222222222222222 0.04111842105263158
0 0.3477777777777778 0.8363486842105263 0.03333333333333333 0.04111842105263158
0 0.24388888888888888 0.2565789473684211 0.034444444444444444 0.039473684210526314
0 0.8622222222222222 0.6274671052631579 0.03777777777777778 0.044407894736842105
0 0.6572222222222223 0.4605263157894737 0.03 0.039473684210526314
0 0.24555555555555555 0.8791118421052632 0.035555555555555556 0.04111842105263158
0 0.14 0.5049342105263158 0.03333333333333333 0.039473684210526314
0 0.7055555555555556 0.20970394736842105 0.028888888888888888 0.04111842105263158
0 0.45166666666666666 0.2993421052631579 0.03222222222222222 0.04276315789473684
0 0.8611111111111112 0.25493421052631576 0.035555555555555556 0.04276315789473684
0 0.8088888888888889 0.21134868421052633 0.03333333333333333 0.047697368421052634
0 0.7577777777777778 0.20888157894736842 0.03333333333333333 0.04276315789473684
0 0.7066666666666667 0.3824013157894737 0.035555555555555556 0.047697368421052634
0 0.1922222222222222 0.33881578947368424 0.03111111111111111 0.039473684210526314
0 0.45111111111111113 0.6677631578947368 0.03333333333333333 0.039473684210526314
0 0.7066666666666667 0.33963815789473684 0.03111111111111111 0.04111842105263158
0 0.5033333333333333 0.4588815789473684 0.04 0.046052631578947366
0 0.5533333333333333 0.16529605263157895 0.03333333333333333 0.047697368421052634
0 0.2966666666666667 0.587171052631579 0.03333333333333333 0.039473684210526314
0 0.08944444444444444 0.6274671052631579 0.034444444444444444 0.044407894736842105
0 0.14166666666666666 0.5863486842105263 0.034444444444444444 0.03782894736842105
0 0.45055555555555554 0.21052631578947367 0.03222222222222222 0.046052631578947366
0 0.8088888888888889 0.2524671052631579 0.03333333333333333 0.03782894736842105
0 0.76 0.4194078947368421 0.035555555555555556 0.04276315789473684
0 0.14055555555555554 0.6274671052631579 0.03222222222222222 0.04111842105263158
0 0.24444444444444444 0.5855263157894737 0.03333333333333333 0.03618421052631579
0 0.14 0.33963815789473684 0.03111111111111111 0.04111842105263158
0 0.45111111111111113 0.5888157894736842 0.03333333333333333 0.039473684210526314
0 0.8111111111111111 0.5444078947368421 0.03333333333333333 0.04276315789473684
0 0.8616666666666667 0.4605263157894737 0.034444444444444444 0.039473684210526314
0 0.08888888888888889 0.5476973684210527 0.035555555555555556 0.039473684210526314
0 0.45055555555555554 0.46381578947368424 0.034444444444444444 0.04276315789473684
0 0.245 0.9210526315789473 0.034444444444444444 0.039473684210526314
0 0.8616666666666667 0.3379934210526316 0.034444444444444444 0.044407894736842105
0 0.45166666666666666 0.5041118421052632 0.034444444444444444 0.04111842105263158
0 0.34833333333333333 0.7944078947368421 0.03222222222222222 0.039473684210526314
0 0.2966666666666667 0.8774671052631579 0.03333333333333333 0.04111842105263158
0 0.1411111111111111 0.20888157894736842 0.035555555555555556 0.046052631578947366
0 0.6555555555555556 0.25411184210526316 0.03111111111111111 0.04111842105263158
0 0.45166666666666666 0.6299342105263158 0.034444444444444444 0.039473684210526314
0 0.34833333333333333 0.6258223684210527 0.03222222222222222 0.04111842105263158
0 0.6561111111111111 0.21052631578947367 0.03222222222222222 0.04276315789473684
0 0.08944444444444444 0.506578947368421 0.034444444444444444 0.04276315789473684
0 0.14 0.4654605263157895 0.035555555555555556 0.039473684210526314
0 0.4 0.712171052631579 0.03333333333333333 0.04276315789473684
0 0.5538888888888889 0.21134868421052633 0.034444444444444444 0.044407894736842105
0 0.45111111111111113 0.3807565789473684 0.03333333333333333 0.04111842105263158
0 0.5544444444444444 0.33881578947368424 0.03111111111111111 0.039473684210526314
0 0.3488888888888889 0.8766447368421053 0.035555555555555556 0.04276315789473684
0 0.24555555555555555 0.8355263157894737 0.035555555555555556 0.046052631578947366
0 0.2961111111111111 0.33881578947368424 0.03222222222222222 0.03618421052631579
0 0.45166666666666666 0.709703947368421 0.034444444444444444 0.04111842105263158
0 0.555 0.6266447368421053 0.034444444444444444 0.046052631578947366
0 0.2972222222222222 0.7516447368421053 0.034444444444444444 0.039473684210526314
0 0.39944444444444444 0.20888157894736842 0.03222222222222222 0.04276315789473684
0 0.2961111111111111 0.2565789473684211 0.03222222222222222 0.04276315789473684
0 0.19333333333333333 0.7113486842105263 0.03333333333333333 0.04111842105263158
0 0.24333333333333335 0.5049342105263158 0.03333333333333333 0.04276315789473684
0 0.45111111111111113 0.546875 0.03777777777777778 0.044407894736842105
0 0.7594444444444445 0.4613486842105263 0.03666666666666667 0.04111842105263158
0 0.6561111111111111 0.296875 0.03 0.044407894736842105
0 0.34833333333333333 0.5855263157894737 0.03222222222222222 0.039473684210526314
0 0.6566666666666666 0.4194078947368421 0.03111111111111111 0.04276315789473684
0 0.19277777777777777 0.6299342105263158 0.034444444444444444 0.039473684210526314
0 0.7577777777777778 0.29605263157894735 0.035555555555555556 0.04276315789473684
0 0.29555555555555557 0.42269736842105265 0.03333333333333333 0.04276315789473684
0 0.19277777777777777 0.2574013157894737 0.034444444444444444 0.04111842105263158
0 0.6561111111111111 0.33881578947368424 0.027777777777777776 0.039473684210526314
0 0.19166666666666668 0.5879934210526315 0.034444444444444444 0.04111842105263158
0 0.19277777777777777 0.546875 0.034444444444444444 0.04111842105263158
0 0.09 0.3404605263157895 0.03333333333333333 0.04276315789473684
0 0.19333333333333333 0.21052631578947367 0.035555555555555556 0.05263157894736842
0 0.8111111111111111 0.42105263157894735 0.03333333333333333 0.04276315789473684
0 0.3488888888888889 0.7516447368421053 0.03333333333333333 0.04276315789473684
0 0.45111111111111113 0.2557565789473684 0.03111111111111111 0.04111842105263158
0 0.4 0.42023026315789475 0.03333333333333333 0.03782894736842105
0 0.3477777777777778 0.5049342105263158 0.035555555555555556 0.046052631578947366
0 0.2966666666666667 0.7935855263157895 0.03333333333333333 0.04111842105263158
0 0.1922222222222222 0.7944078947368421 0.03333333333333333 0.04276315789473684
0 0.34833333333333333 0.5460526315789473 0.034444444444444444 0.039473684210526314
0 0.24388888888888888 0.546875 0.034444444444444444 0.04111842105263158
0 0.245 0.7927631578947368 0.034444444444444444 0.04276315789473684
0 0.29777777777777775 0.7113486842105263 0.03333333333333333 0.04111842105263158
0 0.14055555555555554 0.37993421052631576 0.03222222222222222 0.039473684210526314
0 0.5538888888888889 0.25493421052631576 0.03222222222222222 0.04276315789473684
0 0.7055555555555556 0.2524671052631579 0.03333333333333333 0.044407894736842105
0 0.8105555555555556 0.3379934210526316 0.03222222222222222 0.04111842105263158
0 0.24555555555555555 0.7113486842105263 0.03333333333333333 0.04111842105263158
0 0.245 0.7508223684210527 0.034444444444444444 0.04111842105263158
0 0.3488888888888889 0.7105263157894737 0.03333333333333333 0.039473684210526314
0 0.45 0.421875 0.03333333333333333 0.04111842105263158
0 0.5538888888888889 0.29851973684210525 0.034444444444444444 0.04111842105263158
0 0.24444444444444444 0.671875 0.035555555555555556 0.04111842105263158
0 0.24333333333333335 0.296875 0.035555555555555556 0.04111842105263158
0 0.3472222222222222 0.2557565789473684 0.034444444444444444 0.04111842105263158
0 0.8105555555555556 0.37911184210526316 0.03222222222222222 0.04111842105263158
0 0.39944444444444444 0.5452302631578947 0.034444444444444444 0.04111842105263158
0 0.24333333333333335 0.3379934210526316 0.03333333333333333 0.04111842105263158
0 0.3477777777777778 0.20970394736842105 0.035555555555555556 0.047697368421052634
0 0.29555555555555557 0.21052631578947367 0.035555555555555556 0.046052631578947366
0 0.2966666666666667 0.6274671052631579 0.03333333333333333 0.04111842105263158
0 0.3477777777777778 0.4621710526315789 0.03333333333333333 0.04276315789473684
0 0.14222222222222222 0.2565789473684211 0.035555555555555556 0.04276315789473684
0 0.6561111111111111 0.37911184210526316 0.03222222222222222 0.04111842105263158
0 0.5544444444444444 0.37993421052631576 0.03333333333333333 0.04276315789473684
0 0.8094444444444444 0.2944078947368421 0.034444444444444444 0.04276315789473684
0 0.08888888888888889 0.42351973684210525 0.03111111111111111 0.04111842105263158
0 0.24333333333333335 0.46463815789473684 0.03333333333333333 0.04111842105263158
0 0.7588888888888888 0.3379934210526316 0.03333333333333333 0.04111842105263158
0 0.34833333333333333 0.3379934210526316 0.03222222222222222 0.04111842105263158
0 0.3477777777777778 0.296875 0.03333333333333333 0.04111842105263158
0 0.5544444444444444 0.42269736842105265 0.03333333333333333 0.04276315789473684
0 0.1411111111111111 0.42351973684210525 0.03333333333333333 0.044407894736842105
0 0.7577777777777778 0.2524671052631579 0.035555555555555556 0.044407894736842105
0 0.4 0.6274671052631579 0.03333333333333333 0.04111842105263158
0 0.24333333333333335 0.37911184210526316 0.03333333333333333 0.04111842105263158
0 0.24388888888888888 0.42269736842105265 0.034444444444444444 0.04276315789473684
0 0.39944444444444444 0.25493421052631576 0.034444444444444444 0.046052631578947366
0 0.2966666666666667 0.37911184210526316 0.03333333333333333 0.044407894736842105
0 0.24444444444444444 0.21052631578947367 0.035555555555555556 0.049342105263157895
0 0.34833333333333333 0.42105263157894735 0.03222222222222222 0.04276315789473684
0 0.1922222222222222 0.37993421052631576 0.03333333333333333 0.04276315789473684
0 0.4 0.37993421052631576 0.03333333333333333 0.04276315789473684
0 0.3988888888888889 0.33881578947368424 0.03333333333333333 0.04276315789473684
0 0.24444444444444444 0.6266447368421053 0.03333333333333333 0.046052631578947366
0 0.1411111111111111 0.5452302631578947 0.035555555555555556 0.04111842105263158
0 0.19166666666666668 0.42269736842105265 0.03222222222222222 0.04276315789473684
0 0.3477777777777778 0.37911184210526316 0.03333333333333333 0.04111842105263158
0 0.34833333333333333 0.6694078947368421 0.034444444444444444 0.04276315789473684
0 0.2961111111111111 0.46463815789473684 0.03222222222222222 0.03782894736842105
0 0.9127777777777778 0.20641447368421054 0.03666666666666667 0.05098684210526316
0 0.6577777777777778 0.7508223684210527 0.03333333333333333 0.03782894736842105
0 0.14055555555555554 0.7105263157894737 0.03222222222222222 0.04276315789473684
0 0.8622222222222222 0.5008223684210527 0.03333333333333333 0.04111842105263158
0 0.5544444444444444 0.8338815789473685 0.03333333333333333 0.03618421052631579
0 0.19277777777777777 0.4629934210526316 0.03222222222222222 0.03782894736842105
0 0.9133333333333333 0.25493421052631576 0.035555555555555556 0.04276315789473684
0 0.29555555555555557 0.546875 0.03333333333333333 0.04111842105263158
0 0.08944444444444444 0.21052631578947367 0.034444444444444444 0.04276315789473684
0 0.09 0.8363486842105263 0.035555555555555556 0.04111842105263158
0 0.5166666666666667 0.7401315789473685 0.022222222222222223 0.029605263157894735
0 0.5027777777777778 0.1875 0.043333333333333335 0.03618421052631579
0 0.5033333333333333 0.2870065789473684 0.042222222222222223 0.03125
0 0.5033333333333333 0.15460526315789475 0.042222222222222223 0.029605263157894735
0 0.5044444444444445 0.35444078947368424 0.04 0.027960526315789474
0 0.5033333333333333 0.21792763157894737 0.04666666666666667 0.027960526315789474
0 0.5027777777777778 0.49506578947368424 0.03888888888888889 0.019736842105263157
0 0.555 0.584703947368421 0.034444444444444444 0.03125
0 0.515 0.7615131578947368 0.02666666666666667 0.006578947368421052
0 0.1922222222222222 0.29851973684210525 0.03111111111111111 0.04111842105263158
0 0.555 0.6702302631578947 0.034444444444444444 0.03782894736842105
0 0.2972222222222222 0.6685855263157895 0.027777777777777776 0.03782894736842105
0 0.09055555555555556 0.8782894736842105 0.03222222222222222 0.04276315789473684
0 0.09111111111111111 0.921875 0.03333333333333333 0.044407894736842105
0 0.555 0.7516447368421053 0.03222222222222222 0.039473684210526314
0 0.19166666666666668 0.837171052631579 0.034444444444444444 0.039473684210526314
0 0.09055555555555556 0.7508223684210527 0.03222222222222222 0.04111842105263158
0 0.2966666666666667 0.2993421052631579 0.03333333333333333 0.04276315789473684
0 0.39944444444444444 0.7935855263157895 0.03222222222222222 0.04111842105263158
0 0.6572222222222223 0.6694078947368421 0.03222222222222222 0.039473684210526314
0 0.7061111111111111 0.16365131578947367 0.03222222222222222 0.047697368421052634
0 0.505 0.3848684210526316 0.04111111111111111 0.03289473684210526
0 0.6577777777777778 0.9169407894736842 0.03111111111111111 0.04111842105263158
0 0.9127777777777778 0.29605263157894735 0.034444444444444444 0.039473684210526314
0 0.09055555555555556 0.712171052631579 0.034444444444444444 0.039473684210526314
0 0.09 0.6710526315789473 0.03333333333333333 0.04276315789473684
0 0.08888888888888889 0.29769736842105265 0.035555555555555556 0.039473684210526314
0 0.39944444444444444 0.29851973684210525 0.03222222222222222 0.03782894736842105
0 0.09 0.7944078947368421 0.03777777777777778 0.04276315789473684
0 0.1411111111111111 0.9226973684210527 0.03333333333333333 0.04276315789473684
0 0.8633333333333333 0.5427631578947368 0.03333333333333333 0.04276315789473684
0 0.6572222222222223 0.5024671052631579 0.034444444444444444 0.04111842105263158
0 0.4 0.5863486842105263 0.03333333333333333 0.04111842105263158
0 0.39944444444444444 0.4588815789473684 0.034444444444444444 0.03618421052631579
0 0.6561111111111111 0.5838815789473685 0.034444444444444444 0.04276315789473684
0 0.09 0.37993421052631576 0.03111111111111111 0.039473684210526314
0 0.19333333333333333 0.9210526315789473 0.03777777777777778 0.04276315789473684
0 0.4 0.6702302631578947 0.03333333333333333 0.044407894736842105
0 0.505 0.3207236842105263 0.04111111111111111 0.039473684210526314
0 0.8116666666666666 0.46463815789473684 0.03222222222222222 0.04111842105263158
0 0.8627777777777778 0.5830592105263158 0.034444444444444444 0.04111842105263158
0 0.45111111111111113 0.7935855263157895 0.03333333333333333 0.04111842105263158
0 0.7066666666666667 0.296875 0.03333333333333333 0.044407894736842105
0 0.6572222222222223 0.5435855263157895 0.03222222222222222 0.04111842105263158
0 0.1411111111111111 0.6694078947368421 0.03333333333333333 0.04276315789473684
0 0.6572222222222223 0.7105263157894737 0.034444444444444444 0.04276315789473684
0 0.6572222222222223 0.7919407894736842 0.034444444444444444 0.04111842105263158
0 0.45166666666666666 0.33881578947368424 0.03 0.03618421052631579
0 0.6566666666666666 0.6291118421052632 0.035555555555555556 0.044407894736842105
0 0.8622222222222222 0.4194078947368421 0.03333333333333333 0.04276315789473684
0 0.2966666666666667 0.9202302631578947 0.035555555555555556 0.044407894736842105
0 0.45166666666666666 0.9177631578947368 0.03888888888888889 0.046052631578947366
0 0.5544444444444444 0.46381578947368424 0.03333333333333333 0.04276315789473684
0 0.4 0.8774671052631579 0.03333333333333333 0.044407894736842105
0 0.555 0.5476973684210527 0.034444444444444444 0.039473684210526314
0 0.9133333333333333 0.4588815789473684 0.03333333333333333 0.04276315789473684
0 0.9133333333333333 0.5016447368421053 0.035555555555555556 0.046052631578947366
0 0.19166666666666668 0.5041118421052632 0.034444444444444444 0.044407894736842105
0 0.19277777777777777 0.7524671052631579 0.03222222222222222 0.04111842105263158
0 0.6555555555555556 0.16365131578947367 0.03111111111111111 0.044407894736842105
0 0.39944444444444444 0.5008223684210527 0.034444444444444444 0.047697368421052634
0 0.45111111111111113 0.7516447368421053 0.03333333333333333 0.04276315789473684
0 0.7577777777777778 0.16200657894736842 0.03111111111111111 0.044407894736842105
0 0.19277777777777777 0.6710526315789473 0.03222222222222222 0.039473684210526314
0 0.5033333333333333 0.2532894736842105 0.042222222222222223 0.039473684210526314
0 0.4011111111111111 0.9194078947368421 0.035555555555555556 0.039473684210526314
0 0.6572222222222223 0.8330592105263158 0.034444444444444444 0.04111842105263158
0 0.605 0.29851973684210525 0.03222222222222222 0.047697368421052634
0 0.1411111111111111 0.7944078947368421 0.03333333333333333 0.04276315789473684
0 0.14222222222222222 0.2993421052631579 0.03333333333333333 0.03618421052631579
0 0.8611111111111112 0.21052631578947367 0.035555555555555556 0.04276315789473684
0 0.5544444444444444 0.506578947368421 0.03333333333333333 0.04276315789473684
0 0.34833333333333333 0.9194078947368421 0.034444444444444444 0.04276315789473684
0 0.7588888888888888 0.37911184210526316 0.03333333333333333 0.03782894736842105
0 0.08888888888888889 0.5863486842105263 0.03333333333333333 0.03782894736842105
0 0.555 0.7935855263157895 0.034444444444444444 0.04111842105263158
0 0.8605555555555555 0.296875 0.034444444444444444 0.03782894736842105
0 0.14166666666666666 0.7524671052631579 0.034444444444444444 0.04111842105263158
0 0.6572222222222223 0.875 0.034444444444444444 0.039473684210526314
0 0.2966666666666667 0.8355263157894737 0.03333333333333333 0.04276315789473684
0 0.2961111111111111 0.506578947368421 0.03222222222222222 0.04276315789473684
0 0.81 0.16365131578947367 0.03333333333333333 0.047697368421052634
0 0.09 0.25493421052631576 0.035555555555555556 0.04276315789473684
0 0.45111111111111113 0.16447368421052633 0.03333333333333333 0.04276315789473684
0 0.4 0.8330592105263158 0.035555555555555556 0.044407894736842105
0 0.9133333333333333 0.3782894736842105 0.03333333333333333 0.039473684210526314
0 0.19277777777777777 0.8791118421052632 0.034444444444444444 0.044407894736842105
0 0.8116666666666666 0.5024671052631579 0.03222222222222222 0.04111842105263158
0 0.45166666666666666 0.8741776315789473 0.034444444444444444 0.04111842105263158
0 0.555 0.7105263157894737 0.03 0.04276315789473684
0 0.8611111111111112 0.37911184210526316 0.03111111111111111 0.03782894736842105
0 0.45111111111111113 0.8330592105263158 0.03333333333333333 0.04111842105263158