0 0.5011111111111111 0.38099173553719007 0.042222222222222223 0.03471074380165289
0 0.4477777777777778 0.29256198347107437 0.03333333333333333 0.04297520661157025
0 0.6511111111111111 0.3768595041322314 0.03333333333333333 0.04297520661157025
0 0.7177777777777777 0.7016528925619835 0.022222222222222223 0.02809917355371901
0 0.49944444444444447 0.5016528925619834 0.03666666666666667 0.03140495867768595
0 0.9222222222222223 0.3330578512396694 0.022222222222222223 0.03140495867768595
0 0.715 0.41487603305785126 0.023333333333333334 0.03966942148760331
0 0.39555555555555555 0.2049586776859504 0.03777777777777778 0.02975206611570248
0 0.6033333333333334 0.8727272727272727 0.035555555555555556 0.04297520661157025
0 0.5016666666666667 0.3512396694214876 0.04111111111111111 0.03140495867768595
0 0.3438888888888889 0.2066115702479339 0.034444444444444444 0.05289256198347107
0 0.6905555555555556 0.49586776859504134 0.021111111111111112 0.026446280991735537
0 0.6922222222222222 0.7041322314049587 0.022222222222222223 0.02975206611570248
0 0.29444444444444445 0.8363636363636363 0.03777777777777778 0.03966942148760331
0 0.7161111111111111 0.49421487603305786 0.021111111111111112 0.026446280991735537
0 0.6922222222222222 0.784297520661157 0.022222222222222223 0.03471074380165289
0 0.6922222222222222 0.7429752066115702 0.02 0.03471074380165289
0 0.5133333333333333 0.7479338842975206 0.022222222222222223 0.03140495867768595
0 0.29555555555555557 0.8735537190082645 0.03333333333333333 0.03801652892561983
0 0.7177777777777777 0.784297520661157 0.022222222222222223 0.03140495867768595
0 0.7166666666666667 0.5371900826446281 0.022222222222222223 0.03305785123966942
0 0.49833333333333335 0.21652892561983472 0.04555555555555556 0.026446280991735537
0 0.7166666666666667 0.743801652892562 0.022222222222222223 0.03305785123966942
0 0.3983333333333333 0.8743801652892562 0.03222222222222222 0.03966942148760331
0 0.7177777777777777 0.6198347107438017 0.02 0.03305785123966942
0 0.8966666666666666 0.29256198347107437 0.022222222222222223 0.03305785123966942
0 0.9222222222222223 0.29256198347107437 0.02 0.03305785123966942
0 0.49833333333333335 0.2834710743801653 0.043333333333333335 0.03140495867768595
0 0.6022222222222222 0.7074380165289256 0.035555555555555556 0.04628099173553719
0 0.9105555555555556 0.4975206611570248 0.034444444444444444 0.03636363636363636
0 0.5005555555555555 0.315702479338843 0.043333333333333335 0.03966942148760331
0 0.6033333333333334 0.7884297520661157 0.035555555555555556 0.04297520661157025
0 0.6911111111111111 0.6198347107438017 0.02 0.03636363636363636
0 0.5005555555555555 0.1487603305785124 0.043333333333333335 0.03305785123966942
0 0.7572222222222222 0.8702479338842976 0.034444444444444444 0.03801652892561983
0 0.08722222222222223 0.8371900826446281 0.03666666666666667 0.04132231404958678
0 0.6911111111111111 0.5380165289256198 0.022222222222222223 0.03801652892561983
0 0.7172222222222222 0.6595041322314049 0.021111111111111112 0.03636363636363636
0 0.7566666666666667 0.8297520661157025 0.03333333333333333 0.03966942148760331
0 0.08777777777777777 0.7099173553719008 0.03333333333333333 0.03801652892561983
0 0.91 0.5380165289256198 0.03111111111111111 0.04132231404958678
0 0.7144444444444444 0.29173553719008266 0.02 0.03471074380165289
0 0.7144444444444444 0.3338842975206612 0.02 0.03636363636363636
0 0.13944444444444445 0.8785123966942149 0.03666666666666667 0.04462809917355372
0 0.6922222222222222 0.6603305785123967 0.022222222222222223 0.03801652892561983
0 0.08777777777777777 0.7487603305785124 0.03777777777777778 0.04628099173553719
0 0.6033333333333334 0.8314049586776859 0.035555555555555556 0.04297520661157025
0 0.7172222222222222 0.5801652892561984 0.021111111111111112 0.03305785123966942
0 0.6027777777777777 0.7487603305785124 0.034444444444444444 0.03966942148760331
0 0.7566666666666667 0.9132231404958677 0.035555555555555556 0.04462809917355372
0 0.13833333333333334 0.7099173553719008 0.03222222222222222 0.04132231404958678
0 0.6894444444444444 0.29173553719008266 0.021111111111111112 0.03801652892561983
0 0.13944444444444445 0.9223140495867769 0.03666666666666667 0.04628099173553719
0 0.1388888888888889 0.8363636363636363 0.03777777777777778 0.04297520661157025
0 0.345 0.5008264462809917 0.027777777777777776 0.03636363636363636
0 0.7566666666666667 0.7057851239669422 0.035555555555555556 0.04297520661157025
0 0.1388888888888889 0.6702479338842975 0.035555555555555556 0.04132231404958678
0 0.6038888888888889 0.915702479338843 0.03666666666666667 0.04628099173553719
0 0.29388888888888887 0.5016528925619834 0.034444444444444444 0.04132231404958678
0 0.6022222222222222 0.6652892561983471 0.03333333333333333 0.03801652892561983
0 0.29388888888888887 0.6677685950413224 0.034444444444444444 0.03966942148760331
0 0.39611111111111114 0.6685950413223141 0.034444444444444444 0.04132231404958678
0 0.3988888888888889 0.9148760330578513 0.03333333333333333 0.04132231404958678
0 0.9111111111111111 0.371900826446281 0.03333333333333333 0.03966942148760331
0 0.29333333333333333 0.33884297520661155 0.03111111111111111 0.04297520661157025
0 0.08611111111111111 0.5016528925619834 0.03222222222222222 0.03801652892561983
0 0.91 0.5809917355371901 0.035555555555555556 0.04132231404958678
0 0.4488888888888889 0.8727272727272727 0.03333333333333333 0.04297520661157025
0 0.6911111111111111 0.41570247933884297 0.022222222222222223 0.03801652892561983
0 0.1388888888888889 0.7942148760330578 0.035555555555555556 0.04462809917355372
0 0.3461111111111111 0.7512396694214876 0.03222222222222222 0.03801652892561983
0 0.7566666666666667 0.7471074380165289 0.03333333333333333 0.04297520661157025
0 0.1388888888888889 0.15867768595041323 0.035555555555555556 0.049586776859504134
0 0.7161111111111111 0.456198347107438 0.023333333333333334 0.03305785123966942
0 0.3466666666666667 0.8752066115702479 0.03333333333333333 0.04132231404958678
0 0.4488888888888889 0.9173553719008265 0.03333333333333333 0.04628099173553719
0 0.13777777777777778 0.5479338842975207 0.035555555555555556 0.03801652892561983
0 0.755 0.41652892561983473 0.03222222222222222 0.03966942148760331
0 0.13722222222222222 0.628099173553719 0.03222222222222222 0.04297520661157025
0 0.8577777777777778 0.3305785123966942 0.03333333333333333 0.03966942148760331
0 0.08722222222222223 0.7942148760330578 0.034444444444444444 0.04462809917355372
0 0.295 0.9140495867768595 0.03666666666666667 0.04628099173553719
0 0.8577777777777778 0.2900826446280992 0.03333333333333333 0.04132231404958678
0 0.4988888888888889 0.24793388429752067 0.042222222222222223 0.03966942148760331
0 0.69 0.5793388429752067 0.022222222222222223 0.03471074380165289
0 0.715 0.37272727272727274 0.023333333333333334 0.03471074380165289
0 0.08777777777777777 0.6702479338842975 0.035555555555555556 0.04132231404958678
0 0.4483333333333333 0.8322314049586776 0.034444444444444444 0.04132231404958678
0 0.49944444444444447 0.1834710743801653 0.04111111111111111 0.03966942148760331
0 0.9105555555555556 0.4132231404958678 0.034444444444444444 0.03966942148760331
0 0.3466666666666667 0.7909090909090909 0.03111111111111111 0.03801652892561983
0 0.1388888888888889 0.7512396694214876 0.035555555555555556 0.04132231404958678
0 0.805 0.2512396694214876 0.03222222222222222 0.03966942148760331
0 0.3972222222222222 0.7917355371900826 0.034444444444444444 0.04297520661157025
0 0.6911111111111111 0.4553719008264463 0.02 0.03140495867768595
0 0.6905555555555556 0.37272727272727274 0.021111111111111112 0.03471074380165289
0 0.19 0.3776859504132231 0.03333333333333333 0.03801652892561983
0 0.8038888888888889 0.20413223140495868 0.03222222222222222 0.0512396694214876
0 0.19055555555555556 0.4190082644628099 0.034444444444444444 0.04462809917355372
0 0.44722222222222224 0.543801652892562 0.03222222222222222 0.03966942148760331
0 0.295 0.7958677685950413 0.03666666666666667 0.04462809917355372
0 0.19111111111111112 0.16115702479338842 0.035555555555555556 0.047933884297520664
0 0.7555555555555555 0.5380165289256198 0.035555555555555556 0.04132231404958678
0 0.13833333333333334 0.4206611570247934 0.034444444444444444 0.04132231404958678
0 0.7572222222222222 0.7892561983471075 0.03666666666666667 0.04132231404958678
0 0.08611111111111111 0.4206611570247934 0.03 0.04132231404958678
0 0.18944444444444444 0.29173553719008266 0.034444444444444444 0.04132231404958678
0 0.7561111111111111 0.6636363636363637 0.034444444444444444 0.04132231404958678
0 0.4477777777777778 0.6652892561983471 0.03333333333333333 0.03801652892561983
0 0.29388888888888887 0.41818181818181815 0.03222222222222222 0.03636363636363636
0 0.08555555555555555 0.20909090909090908 0.03333333333333333 0.04462809917355372
0 0.8566666666666667 0.2024793388429752 0.035555555555555556 0.047933884297520664
0 0.7533333333333333 0.1578512396694215 0.035555555555555556 0.04462809917355372
0 0.29444444444444445 0.7495867768595041 0.035555555555555556 0.04462809917355372
0 0.3461111111111111 0.9165289256198347 0.034444444444444444 0.04462809917355372
0 0.6516666666666666 0.2900826446280992 0.03222222222222222 0.04132231404958678
0 0.8555555555555555 0.3752066115702479 0.03111111111111111 0.04628099173553719
0 0.4477777777777778 0.16033057851239668 0.03333333333333333 0.04297520661157025
0 0.13833333333333334 0.5859504132231405 0.034444444444444444 0.04132231404958678
0 0.6022222222222222 0.5826446280991735 0.03333333333333333 0.04132231404958678
0 0.8566666666666667 0.24793388429752067 0.03333333333333333 0.04297520661157025
0 0.4488888888888889 0.3338842975206612 0.03111111111111111 0.03966942148760331
0 0.6016666666666667 0.1578512396694215 0.03666666666666667 0.047933884297520664
0 0.19055555555555556 0.46115702479338844 0.03666666666666667 0.04297520661157025
0 0.805 0.2909090909090909 0.034444444444444444 0.04297520661157025
0 0.08722222222222223 0.6289256198347107 0.034444444444444444 0.04132231404958678
0 0.7544444444444445 0.4570247933884298 0.03111111111111111 0.04132231404958678
0 0.29333333333333333 0.3785123966942149 0.03333333333333333 0.03966942148760331
0 0.08722222222222223 0.5429752066115703 0.034444444444444444 0.04132231404958678
0 0.3972222222222222 0.8338842975206612 0.03666666666666667 0.04132231404958678
0 0.1388888888888889 0.25206611570247933 0.03333333333333333 0.04132231404958678
0 0.4477777777777778 0.7049586776859504 0.03333333333333333 0.04462809917355372
0 0.805 0.3760330578512397 0.034444444444444444 0.04132231404958678
0 0.91 0.4570247933884298 0.035555555555555556 0.04462809917355372
0 0.39666666666666667 0.7082644628099174 0.03333333333333333 0.03801652892561983
0 0.8566666666666667 0.15537190082644628 0.035555555555555556 0.04628099173553719
0 0.345 0.7107438016528925 0.034444444444444444 0.04628099173553719
0 0.08555555555555555 0.2950413223140496 0.03333333333333333 0.04132231404958678
0 0.6522222222222223 0.6677685950413224 0.03333333333333333 0.04628099173553719
0 0.69 0.3347107438016529 0.022222222222222223 0.03801652892561983
0 0.18944444444444444 0.20826446280991737 0.03222222222222222 0.04297520661157025
0 0.7555555555555555 0.4983471074380165 0.03111111111111111 0.04132231404958678
0 0.3461111111111111 0.584297520661157 0.03 0.04132231404958678
0 0.6011111111111112 0.20413223140495868 0.035555555555555556 0.04462809917355372
0 0.7566666666666667 0.6239669421487604 0.03333333333333333 0.04132231404958678
0 0.08666666666666667 0.4628099173553719 0.03333333333333333 0.03966942148760331
0 0.3461111111111111 0.8330578512396695 0.034444444444444444 0.04628099173553719
0 0.7544444444444445 0.3752066115702479 0.03333333333333333 0.04297520661157025
0 0.18888888888888888 0.2512396694214876 0.03333333333333333 0.04297520661157025
0 0.4477777777777778 0.6264462809917355 0.03333333333333333 0.04297520661157025
0 0.3438888888888889 0.46115702479338844 0.034444444444444444 0.04297520661157025
0 0.18944444444444444 0.5057851239669422 0.034444444444444444 0.04628099173553719
0 0.18944444444444444 0.3347107438016529 0.034444444444444444 0.04462809917355372
0 0.6005555555555555 0.25041322314049586 0.03222222222222222 0.04462809917355372
0 0.1388888888888889 0.2066115702479339 0.035555555555555556 0.04628099173553719
0 0.6016666666666667 0.5429752066115703 0.03222222222222222 0.03801652892561983
0 0.755 0.5809917355371901 0.034444444444444444 0.04462809917355372
0 0.29444444444444445 0.5851239669421487 0.035555555555555556 0.03966942148760331
0 0.3466666666666667 0.6256198347107438 0.028888888888888888 0.04132231404958678
0 0.08611111111111111 0.3776859504132231 0.034444444444444444 0.04132231404958678
0 0.29444444444444445 0.7082644628099174 0.03333333333333333 0.04132231404958678
0 0.08722222222222223 0.5851239669421487 0.03666666666666667 0.04297520661157025
0 0.6 0.3768595041322314 0.028888888888888888 0.03636363636363636
0 0.39666666666666667 0.3347107438016529 0.03333333333333333 0.04132231404958678
0 0.7538888888888889 0.20578512396694215 0.03666666666666667 0.04462809917355372
0 0.4488888888888889 0.7900826446280992 0.035555555555555556 0.04297520661157025
0 0.44722222222222224 0.5041322314049587 0.034444444444444444 0.04297520661157025
0 0.7538888888888889 0.3330578512396694 0.034444444444444444 0.04462809917355372
0 0.13833333333333334 0.3785123966942149 0.034444444444444444 0.04297520661157025
0 0.13833333333333334 0.46198347107438015 0.034444444444444444 0.04462809917355372
0 0.3972222222222222 0.543801652892562 0.03666666666666667 0.03966942148760331
0 0.6011111111111112 0.5024793388429752 0.03333333333333333 0.04297520661157025
0 0.08611111111111111 0.25206611570247933 0.03666666666666667 0.04132231404958678
0 0.13833333333333334 0.29421487603305785 0.03666666666666667 0.04297520661157025
0 0.5516666666666666 0.6231404958677685 0.034444444444444444 0.04297520661157025
0 0.6522222222222223 0.6239669421487604 0.03111111111111111 0.04462809917355372
0 0.08555555555555555 0.33553719008264465 0.035555555555555556 0.04297520661157025
0 0.1388888888888889 0.5066115702479339 0.03777777777777778 0.04462809917355372
0 0.8038888888888889 0.3347107438016529 0.03222222222222222 0.04462809917355372
0 0.6522222222222223 0.41735537190082644 0.03111111111111111 0.03801652892561983
0 0.6 0.29338842975206614 0.03111111111111111 0.04132231404958678
0 0.6511111111111111 0.45867768595041325 0.02666666666666667 0.04132231404958678
0 0.4477777777777778 0.5834710743801653 0.03333333333333333 0.03966942148760331
0 0.2927777777777778 0.29421487603305785 0.03222222222222222 0.04297520661157025
0 0.7544444444444445 0.29173553719008266 0.035555555555555556 0.04132231404958678
0 0.4488888888888889 0.7479338842975206 0.035555555555555556 0.04132231404958678
0 0.295 0.543801652892562 0.03666666666666667 0.04297520661157025
0 0.3972222222222222 0.7487603305785124 0.03666666666666667 0.04297520661157025
0 0.29444444444444445 0.45867768595041325 0.03333333333333333 0.04462809917355372
0 0.7538888888888889 0.24958677685950414 0.03666666666666667 0.04297520661157025
0 0.4988888888888889 0.4553719008264463 0.04 0.047933884297520664
0 0.4483333333333333 0.20578512396694215 0.034444444444444444 0.04462809917355372
0 0.39666666666666667 0.584297520661157 0.035555555555555556 0.04132231404958678
0 0.5505555555555556 0.5016528925619834 0.03222222222222222 0.04132231404958678
0 0.55 0.5818181818181818 0.03333333333333333 0.03966942148760331
0 0.39666666666666667 0.628099173553719 0.03333333333333333 0.03966942148760331
0 0.5505555555555556 0.5421487603305785 0.03222222222222222 0.03966942148760331
0 0.5494444444444444 0.29256198347107437 0.03222222222222222 0.04297520661157025
0 0.29444444444444445 0.6256198347107438 0.035555555555555556 0.04132231404958678
0 0.6022222222222222 0.6247933884297521 0.03333333333333333 0.03966942148760331
0 0.6511111111111111 0.5826446280991735 0.028888888888888888 0.04132231404958678
0 0.6516666666666666 0.540495867768595 0.027777777777777776 0.03966942148760331
0 0.1388888888888889 0.33553719008264465 0.035555555555555556 0.04297520661157025
0 0.2411111111111111 0.20578512396694215 0.03333333333333333 0.047933884297520664
0 0.5488888888888889 0.2512396694214876 0.03333333333333333 0.04297520661157025
0 0.34444444444444444 0.33553719008264465 0.035555555555555556 0.03636363636363636
0 0.345 0.6677685950413224 0.034444444444444444 0.04297520661157025
0 0.4477777777777778 0.46115702479338844 0.03333333333333333 0.04297520661157025
0 0.3438888888888889 0.41818181818181815 0.034444444444444444 0.04297520661157025
0 0.24222222222222223 0.33884297520661155 0.035555555555555556 0.04628099173553719
0 0.6005555555555555 0.3371900826446281 0.03222222222222222 0.04297520661157025
0 0.55 0.4190082644628099 0.03111111111111111 0.04132231404958678
0 0.44722222222222224 0.41983471074380163 0.03222222222222222 0.04297520661157025
0 0.34555555555555556 0.5421487603305785 0.03333333333333333 0.04297520661157025
0 0.2411111111111111 0.2512396694214876 0.035555555555555556 0.04297520661157025
0 0.39611111111111114 0.41818181818181815 0.03222222222222222 0.04297520661157025
0 0.39611111111111114 0.29338842975206614 0.034444444444444444 0.04132231404958678
0 0.6005555555555555 0.41735537190082644 0.03222222222222222 0.04462809917355372
0 0.6505555555555556 0.3338842975206612 0.03222222222222222 0.04297520661157025
0 0.345 0.3768595041322314 0.034444444444444444 0.04297520661157025
0 0.24166666666666667 0.29421487603305785 0.03666666666666667 0.04297520661157025
0 0.5488888888888889 0.20578512396694215 0.035555555555555556 0.047933884297520664
0 0.395 0.25041322314049586 0.034444444444444444 0.04462809917355372
0 0.29333333333333333 0.20743801652892563 0.035555555555555556 0.047933884297520664
0 0.345 0.25206611570247933 0.03222222222222222 0.03801652892561983
0 0.6522222222222223 0.4991735537190083 0.03111111111111111 0.04297520661157025
0 0.34444444444444444 0.29338842975206614 0.03111111111111111 0.04462809917355372
0 0.395 0.46198347107438015 0.034444444444444444 0.04132231404958678
0 0.4483333333333333 0.25041322314049586 0.03 0.04132231404958678
0 0.39666666666666667 0.503305785123967 0.035555555555555556 0.04132231404958678
0 0.39666666666666667 0.3760330578512397 0.03333333333333333 0.04132231404958678
0 0.6011111111111112 0.46033057851239667 0.03111111111111111 0.04132231404958678
0 0.55 0.46033057851239667 0.03333333333333333 0.04132231404958678
0 0.44722222222222224 0.3768595041322314 0.034444444444444444 0.04297520661157025
0 0.5488888888888889 0.33636363636363636 0.03333333333333333 0.047933884297520664
0 0.2927777777777778 0.25206611570247933 0.034444444444444444 0.04132231404958678
0 0.55 0.3793388429752066 0.03333333333333333 0.04132231404958678