0 0.498125 0.5395569620253164 0.03625 0.03164556962025317
0 0.276875 0.4596518987341772 0.03625 0.04272151898734177
0 0.331875 0.39794303797468356 0.03625 0.03639240506329114
0 0.731875 0.15427215189873417 0.02375 0.020569620253164556
0 0.8825 0.7238924050632911 0.035 0.03322784810126582
0 0.27625 0.5640822784810127 0.0325 0.02689873417721519
0 0.51 0.5830696202531646 0.025 0.03322784810126582
0 0.50875 0.6938291139240507 0.0225 0.023734177215189875
0 0.275625 0.43829113924050633 0.03375 0.0379746835443038
0 0.8825 0.8805379746835443 0.0325 0.03322784810126582
0 0.509375 0.6724683544303798 0.02125 0.022151898734177215
0 0.33125 0.4311708860759494 0.03 0.030063291139240507
0 0.4975 0.5102848101265823 0.0375 0.03639240506329114
0 0.76125 0.15585443037974683 0.025 0.030063291139240507
0 0.8825 0.8520569620253164 0.035 0.03322784810126582
0 0.705625 0.1550632911392405 0.02375 0.02531645569620253
0 0.5675 0.15585443037974683 0.025 0.030063291139240507
0 0.50875 0.625 0.025 0.03481012658227848
0 0.883125 0.752373417721519 0.03375 0.03322784810126582
0 0.11125 0.7223101265822784 0.0325 0.030063291139240507
0 0.82625 0.7871835443037974 0.0325 0.030063291139240507
0 0.7725 0.6606012658227848 0.035 0.03322784810126582
0 0.826875 0.817246835443038 0.03375 0.03322784810126582
0 0.649375 0.18908227848101267 0.02375 0.020569620253164556
0 0.8825 0.6906645569620253 0.035 0.03639240506329114
0 0.606875 0.8805379746835443 0.03375 0.030063291139240507
0 0.441875 0.6590189873417721 0.03375 0.03322784810126582
0 0.509375 0.6518987341772152 0.02375 0.022151898734177215
0 0.77375 0.37104430379746833 0.035 0.03639240506329114
0 0.71625 0.7871835443037974 0.0325 0.03322784810126582
0 0.881875 0.7840189873417721 0.03625 0.03322784810126582
0 0.826875 0.5 0.02875 0.028481012658227847
0 0.44125 0.8156645569620253 0.035 0.030063291139240507
0 0.51 0.877373417721519 0.0225 0.02689873417721519
0 0.51 0.8520569620253164 0.0225 0.023734177215189875
0 0.773125 0.882120253164557 0.03375 0.030063291139240507
0 0.2225 0.7231012658227848 0.0325 0.03164556962025317
0 0.826875 0.8789556962025317 0.03625 0.030063291139240507
0 0.49625 0.7943037974683544 0.0325 0.03164556962025317
0 0.88125 0.627373417721519 0.035 0.03322784810126582
0 0.881875 0.6582278481012658 0.03375 0.03164556962025317
0 0.8825 0.817246835443038 0.035 0.03322784810126582
0 0.2775 0.8496835443037974 0.0325 0.03164556962025317
0 0.110625 0.5617088607594937 0.02875 0.028481012658227847
0 0.5675 0.22389240506329114 0.025 0.030063291139240507
0 0.333125 0.8813291139240507 0.03125 0.028481012658227847
0 0.771875 0.8512658227848101 0.03375 0.03164556962025317
0 0.771875 0.8188291139240507 0.03375 0.03322784810126582
0 0.443125 0.8805379746835443 0.03125 0.03322784810126582
0 0.110625 0.7832278481012658 0.03375 0.028481012658227847
0 0.8275 0.6590189873417721 0.0325 0.03322784810126582
0 0.551875 0.8164556962025317 0.03375 0.03164556962025317
0 0.771875 0.6890822784810127 0.03375 0.030063291139240507
0 0.883125 0.46677215189873417 0.03375 0.03164556962025317
0 0.828125 0.689873417721519 0.03375 0.03164556962025317
0 0.386875 0.7856012658227848 0.03375 0.03322784810126582
0 0.4425 0.689873417721519 0.0325 0.03164556962025317
0 0.661875 0.8164556962025317 0.03375 0.03164556962025317
0 0.1675 0.8520569620253164 0.035 0.03322784810126582
0 0.705625 0.2950949367088608 0.02125 0.02689873417721519
0 0.566875 0.25949367088607594 0.02375 0.028481012658227847
0 0.3875 0.8164556962025317 0.0325 0.03164556962025317
0 0.82625 0.8496835443037974 0.035 0.03481012658227848
0 0.551875 0.8473101265822784 0.03375 0.02689873417721519
0 0.2225 0.8813291139240507 0.035 0.03164556962025317
0 0.7725 0.43670886075949367 0.035 0.02531645569620253
0 0.788125 0.2634493670886076 0.02375 0.030063291139240507
0 0.773125 0.627373417721519 0.03375 0.03322784810126582
0 0.2225 0.8496835443037974 0.0325 0.03164556962025317
0 0.3875 0.8813291139240507 0.0325 0.028481012658227847
0 0.441875 0.7863924050632911 0.03375 0.03164556962025317
0 0.221875 0.754746835443038 0.03375 0.03164556962025317
0 0.883125 0.43591772151898733 0.03375 0.03322784810126582
0 0.789375 0.29667721518987344 0.02625 0.02689873417721519
0 0.75875 0.29667721518987344 0.0225 0.02689873417721519
0 0.771875 0.7863924050632911 0.03375 0.03164556962025317
0 0.441875 0.7215189873417721 0.03125 0.03164556962025317
0 0.540625 0.18908227848101267 0.02125 0.02689873417721519
0 0.718125 0.6590189873417721 0.03375 0.03322784810126582
0 0.388125 0.6590189873417721 0.03375 0.030063291139240507
0 0.773125 0.5949367088607594 0.03375 0.028481012658227847
0 0.11125 0.752373417721519 0.035 0.03322784810126582
0 0.55125 0.7863924050632911 0.0325 0.03164556962025317
0 0.8825 0.5965189873417721 0.035 0.03164556962025317
0 0.166875 0.7871835443037974 0.03375 0.03322784810126582
0 0.716875 0.689873417721519 0.03375 0.028481012658227847
0 0.606875 0.8512658227848101 0.03375 0.03164556962025317
0 0.716875 0.8188291139240507 0.03375 0.030063291139240507
0 0.8275 0.7215189873417721 0.0325 0.03481012658227848
0 0.62375 0.15664556962025317 0.0225 0.028481012658227847
0 0.441875 0.49841772151898733 0.03125 0.03164556962025317
0 0.773125 0.49841772151898733 0.03375 0.03164556962025317
0 0.826875 0.6265822784810127 0.03125 0.03164556962025317
0 0.6075 0.6582278481012658 0.0325 0.03164556962025317
0 0.66125 0.8473101265822784 0.035 0.03322784810126582
0 0.76 0.2254746835443038 0.025 0.030063291139240507
0 0.540625 0.2563291139240506 0.02375 0.028481012658227847
0 0.733125 0.2254746835443038 0.02125 0.02689873417721519
0 0.22125 0.43433544303797467 0.0325 0.030063291139240507
0 0.773125 0.5308544303797469 0.03125 0.03322784810126582
0 0.79 0.15427215189873417 0.025 0.030063291139240507
0 0.661875 0.6265822784810127 0.03375 0.03164556962025317
0 0.16625 0.435126582278481 0.0325 0.03164556962025317
0 0.771875 0.7531645569620253 0.03375 0.03164556962025317
0 0.11 0.46677215189873417 0.03 0.03164556962025317
0 0.276875 0.8180379746835443 0.03375 0.03164556962025317
0 0.76 0.2602848101265823 0.0225 0.03322784810126582
0 0.71875 0.37104430379746833 0.035 0.03322784810126582
0 0.7325 0.29430379746835444 0.0225 0.028481012658227847
0 0.5525 0.8789556962025317 0.0325 0.03639240506329114
0 0.3325 0.6566455696202531 0.0325 0.03164556962025317
0 0.826875 0.5965189873417721 0.03375 0.03164556962025317
0 0.6225 0.2610759493670886 0.0225 0.03164556962025317
0 0.33125 0.49683544303797467 0.0275 0.028481012658227847
0 0.60625 0.7539556962025317 0.0325 0.03322784810126582
0 0.6625 0.5316455696202531 0.0325 0.028481012658227847
0 0.7175 0.6281645569620253 0.0325 0.03164556962025317
0 0.386875 0.8496835443037974 0.03375 0.03481012658227848
0 0.386875 0.49683544303797467 0.03375 0.03164556962025317
0 0.828125 0.43670886075949367 0.03375 0.03481012658227848
0 0.826875 0.754746835443038 0.03375 0.03481012658227848
0 0.4425 0.3670886075949367 0.035 0.03164556962025317
0 0.773125 0.4675632911392405 0.03625 0.03322784810126582
0 0.60625 0.7863924050632911 0.035 0.03481012658227848
0 0.22125 0.5617088607594937 0.03 0.028481012658227847
0 0.6625 0.6590189873417721 0.035 0.03322784810126582
0 0.441875 0.7539556962025317 0.03375 0.03322784810126582
0 0.596875 0.1550632911392405 0.02125 0.03164556962025317
0 0.8275 0.5316455696202531 0.0325 0.03164556962025317
0 0.8275 0.46835443037974683 0.0325 0.03164556962025317
0 0.166875 0.5609177215189873 0.03125 0.030063291139240507
0 0.661875 0.7856012658227848 0.03375 0.03322784810126582
0 0.7175 0.46835443037974683 0.035 0.03164556962025317
0 0.221875 0.6590189873417721 0.03125 0.030063291139240507
0 0.11 0.43433544303797467 0.0325 0.03322784810126582
0 0.623125 0.2950949367088608 0.02375 0.02689873417721519
0 0.3875 0.40110759493670883 0.03 0.030063291139240507
0 0.71625 0.754746835443038 0.0325 0.03164556962025317
0 0.731875 0.2610759493670886 0.02375 0.03164556962025317
0 0.388125 0.627373417721519 0.03125 0.03322784810126582
0 0.678125 0.18829113924050633 0.02375 0.028481012658227847
0 0.550625 0.6890822784810127 0.03375 0.03322784810126582
0 0.27625 0.5925632911392406 0.0325 0.03322784810126582
0 0.331875 0.5617088607594937 0.03125 0.028481012658227847
0 0.606875 0.5973101265822784 0.03375 0.03322784810126582
0 0.11125 0.817246835443038 0.035 0.03639240506329114
0 0.828125 0.4050632911392405 0.03375 0.03164556962025317
0 0.716875 0.5965189873417721 0.03375 0.03164556962025317
0 0.883125 0.3686708860759494 0.03625 0.03481012658227848
0 0.595625 0.2602848101265823 0.02125 0.03322784810126582
0 0.661875 0.7223101265822784 0.03375 0.03322784810126582
0 0.6625 0.43670886075949367 0.0325 0.028481012658227847
0 0.386875 0.3686708860759494 0.03375 0.03481012658227848
0 0.27625 0.5316455696202531 0.035 0.03481012658227848
0 0.606875 0.5308544303797469 0.03125 0.030063291139240507
0 0.649375 0.29430379746835444 0.02375 0.02531645569620253
0 0.386875 0.7215189873417721 0.03375 0.03164556962025317
0 0.6775 0.2950949367088608 0.025 0.02689873417721519
0 0.16625 0.46835443037974683 0.0325 0.03481012658227848
0 0.7725 0.564873417721519 0.0325 0.03481012658227848
0 0.55 0.7215189873417721 0.0325 0.03164556962025317
0 0.16625 0.40031645569620256 0.035 0.0379746835443038
0 0.65 0.2254746835443038 0.025 0.030063291139240507
0 0.550625 0.6281645569620253 0.03375 0.03164556962025317
0 0.623125 0.1906645569620253 0.02375 0.030063291139240507
0 0.540625 0.1550632911392405 0.02375 0.03164556962025317
0 0.6625 0.4675632911392405 0.0325 0.03322784810126582
0 0.3875 0.5941455696202531 0.0325 0.03322784810126582
0 0.5525 0.46598101265822783 0.0325 0.030063291139240507
0 0.6625 0.40585443037974683 0.0325 0.03322784810126582
0 0.27625 0.6265822784810127 0.0325 0.03481012658227848
0 0.166875 0.5949367088607594 0.03375 0.03481012658227848
0 0.3875 0.5625 0.03 0.030063291139240507
0 0.705625 0.18908227848101267 0.02125 0.030063291139240507
0 0.443125 0.5617088607594937 0.03125 0.03164556962025317
0 0.608125 0.4026898734177215 0.03375 0.03322784810126582
0 0.718125 0.40427215189873417 0.03375 0.03322784810126582
0 0.109375 0.3995253164556962 0.03375 0.03639240506329114
0 0.331875 0.6265822784810127 0.03375 0.03164556962025317
0 0.55125 0.370253164556962 0.035 0.03481012658227848
0 0.716875 0.7223101265822784 0.03375 0.03322784810126582
0 0.718125 0.4375 0.03125 0.03322784810126582
0 0.11 0.5300632911392406 0.035 0.03164556962025317
0 0.22125 0.5941455696202531 0.0325 0.03322784810126582
0 0.661875 0.8805379746835443 0.03375 0.03322784810126582
0 0.276875 0.49841772151898733 0.03375 0.03481012658227848
0 0.276875 0.6590189873417721 0.03375 0.03322784810126582
0 0.608125 0.43433544303797467 0.03375 0.030063291139240507
0 0.661875 0.5 0.03375 0.03481012658227848
0 0.55125 0.5625 0.0325 0.030063291139240507
0 0.606875 0.5 0.03375 0.03164556962025317
0 0.649375 0.2610759493670886 0.02625 0.028481012658227847
0 0.441875 0.5933544303797469 0.03125 0.028481012658227847
0 0.33125 0.4651898734177215 0.0325 0.03481012658227848
0 0.16625 0.49920886075949367 0.0325 0.030063291139240507
0 0.331875 0.5941455696202531 0.03125 0.03322784810126582
0 0.22125 0.627373417721519 0.035 0.03322784810126582
0 0.386875 0.5308544303797469 0.03375 0.03322784810126582
0 0.6625 0.37104430379746833 0.0325 0.03639240506329114
0 0.331875 0.5300632911392406 0.03125 0.03481012658227848
0 0.6625 0.5640822784810127 0.0325 0.03322784810126582
0 0.551875 0.5308544303797469 0.03375 0.03322784810126582
0 0.5525 0.40348101265822783 0.0325 0.03164556962025317
0 0.2775 0.692246835443038 0.0325 0.03322784810126582
0 0.276875 0.40031645569620256 0.03375 0.03481012658227848
0 0.621875 0.22468354430379747 0.02375 0.028481012658227847
0 0.38625 0.46598101265822783 0.0325 0.03322784810126582
0 0.595625 0.2254746835443038 0.02375 0.03322784810126582
0 0.6075 0.46677215189873417 0.035 0.03481012658227848
0 0.678125 0.22626582278481014 0.02375 0.03481012658227848
0 0.6075 0.3686708860759494 0.0325 0.03481012658227848
0 0.443125 0.43354430379746833 0.03375 0.03164556962025317
0 0.22125 0.5300632911392406 0.0325 0.03481012658227848
0 0.221875 0.40031645569620256 0.03375 0.0379746835443038
0 0.5525 0.43433544303797467 0.0325 0.03322784810126582
0 0.55125 0.5949367088607594 0.0325 0.03481012658227848
0 0.38625 0.43433544303797467 0.0325 0.03322784810126582
0 0.678125 0.1550632911392405 0.02625 0.03164556962025317
0 0.826875 0.5640822784810127 0.03375 0.03322784810126582
0 0.441875 0.6257911392405063 0.03375 0.03322784810126582
0 0.606875 0.5640822784810127 0.03375 0.03322784810126582
0 0.4425 0.46598101265822783 0.0325 0.03322784810126582
0 0.3325 0.689873417721519 0.035 0.03481012658227848
0 0.55125 0.49841772151898733 0.0325 0.03481012658227848
0 0.6075 0.6281645569620253 0.0325 0.028481012658227847
0 0.498125 0.4208860759493671 0.03875 0.022151898734177215
0 0.16625 0.8829113924050633 0.0325 0.028481012658227847
0 0.110625 0.8813291139240507 0.03375 0.03322784810126582
0 0.11125 0.8504746835443038 0.0325 0.030063291139240507
0 0.49875 0.34889240506329117 0.03125 0.0189873417721519
0 0.4975 0.3876582278481013 0.03625 0.0189873417721519
0 0.496875 0.4074367088607595 0.035 0.020569620253164556
0 0.4975 0.4501582278481013 0.035 0.03639240506329114
0 0.498125 0.36787974683544306 0.03875 0.020569620253164556
0 0.496875 0.3299050632911392 0.03875 0.020569620253164556
0 0.166875 0.7231012658227848 0.03375 0.03164556962025317
0 0.7175 0.8488924050632911 0.0325 0.030063291139240507
0 0.443125 0.40189873417721517 0.03125 0.03481012658227848
0 0.7175 0.5015822784810127 0.035 0.03164556962025317
0 0.443125 0.5316455696202531 0.02875 0.03164556962025317
0 0.566875 0.2927215189873418 0.02375 0.028481012658227847
0 0.2225 0.692246835443038 0.0325 0.03639240506329114
0 0.551875 0.6574367088607594 0.03375 0.030063291139240507
0 0.789375 0.22468354430379747 0.02375 0.03164556962025317
0 0.11125 0.6906645569620253 0.0325 0.03639240506329114
0 0.1675 0.754746835443038 0.0325 0.03164556962025317
0 0.8825 0.564873417721519 0.035 0.03164556962025317
0 0.88375 0.40348101265822783 0.035 0.03164556962025317
0 0.7175 0.5332278481012658 0.0325 0.03164556962025317
0 0.7175 0.5640822784810127 0.035 0.03322784810126582
0 0.110625 0.6242088607594937 0.03375 0.03322784810126582
0 0.65125 0.15585443037974683 0.0225 0.030063291139240507
0 0.16625 0.6590189873417721 0.0325 0.03322784810126582
0 0.2225 0.817246835443038 0.0325 0.030063291139240507
0 0.7175 0.879746835443038 0.0325 0.028481012658227847
0 0.773125 0.40664556962025317 0.03375 0.03481012658227848
0 0.2225 0.7856012658227848 0.0325 0.030063291139240507
0 0.166875 0.8188291139240507 0.03375 0.03322784810126582
0 0.278125 0.7231012658227848 0.03375 0.03164556962025317
0 0.705625 0.26186708860759494 0.02125 0.02689873417721519
0 0.760625 0.189873417721519 0.02375 0.028481012658227847
0 0.166875 0.6906645569620253 0.03375 0.03322784810126582
0 0.331875 0.7531645569620253 0.03375 0.03481012658227848
0 0.38625 0.7539556962025317 0.0325 0.03322784810126582
0 0.44125 0.8488924050632911 0.035 0.03322784810126582
0 0.110625 0.5933544303797469 0.03125 0.03164556962025317
0 0.7325 0.1906645569620253 0.0225 0.030063291139240507
0 0.331875 0.7223101265822784 0.03375 0.030063291139240507
0 0.165625 0.627373417721519 0.03375 0.030063291139240507
0 0.540625 0.22231012658227847 0.02125 0.030063291139240507
0 0.2775 0.8813291139240507 0.0325 0.03164556962025317
0 0.2775 0.7856012658227848 0.035 0.03322784810126582
0 0.88375 0.5324367088607594 0.035 0.03322784810126582
0 0.27625 0.754746835443038 0.035 0.03164556962025317
0 0.705625 0.22389240506329114 0.02375 0.030063291139240507
0 0.16625 0.5300632911392406 0.0275 0.03164556962025317
0 0.22125 0.4651898734177215 0.0325 0.03164556962025317
0 0.56875 0.18908227848101267 0.0225 0.02689873417721519
0 0.331875 0.7848101265822784 0.03375 0.03164556962025317
0 0.110625 0.6566455696202531 0.03375 0.03164556962025317
0 0.595 0.1906645569620253 0.0225 0.02689873417721519
0 0.6625 0.6906645569620253 0.0325 0.030063291139240507
0 0.88375 0.49841772151898733 0.035 0.03164556962025317
0 0.771875 0.7207278481012658 0.03375 0.03322784810126582
0 0.55125 0.7539556962025317 0.03 0.03322784810126582
0 0.60625 0.819620253164557 0.035 0.03164556962025317
0 0.594375 0.29430379746835444 0.02125 0.028481012658227847
0 0.79 0.1906645569620253 0.025 0.030063291139240507
0 0.66125 0.754746835443038 0.0325 0.03481012658227848
0 0.6625 0.5965189873417721 0.0325 0.03164556962025317
0 0.828125 0.37183544303797467 0.03375 0.03481012658227848
0 0.220625 0.49683544303797467 0.03125 0.03164556962025317
0 0.11 0.49841772151898733 0.03 0.03164556962025317
0 0.3325 0.8504746835443038 0.035 0.03322784810126582
0 0.606875 0.7223101265822784 0.03375 0.030063291139240507
0 0.3325 0.8164556962025317 0.035 0.03481012658227848
0 0.678125 0.2626582278481013 0.02125 0.028481012658227847
0 0.3875 0.689873417721519 0.0325 0.03164556962025317
0 0.606875 0.6914556962025317 0.03125 0.03164556962025317