0 0.31466666666666665 0.771875 0.034666666666666665 0.0359375
0 0.254 0.40859375 0.037333333333333336 0.0390625
0 0.8313333333333334 0.65703125 0.036 0.034375
0 0.8313333333333334 0.6921875 0.037333333333333336 0.0390625
0 0.204 0.80625 0.037333333333333336 0.0359375
0 0.8326666666666667 0.7296875 0.03866666666666667 0.0359375
0 0.6166666666666667 0.86953125 0.036 0.03125
0 0.5153333333333333 0.390625 0.030666666666666665 0.0296875
0 0.8846666666666667 0.65546875 0.036 0.0359375
0 0.25933333333333336 0.80703125 0.036 0.0328125
0 0.616 0.803125 0.036 0.034375
0 0.5126666666666667 0.21484375 0.034666666666666665 0.03125
0 0.834 0.87421875 0.04 0.0390625
0 0.6073333333333333 0.22890625 0.03866666666666667 0.0375
0 0.514 0.28359375 0.03333333333333333 0.03125
0 0.834 0.8015625 0.037333333333333336 0.0390625
0 0.612 0.5515625 0.036 0.03125
0 0.5453333333333333 0.3734375 0.024 0.03125
0 0.6073333333333333 0.1921875 0.037333333333333336 0.0359375
0 0.7253333333333334 0.8375 0.037333333333333336 0.034375
0 0.14333333333333334 0.41015625 0.037333333333333336 0.040625
0 0.7246666666666667 0.80234375 0.037333333333333336 0.0359375
0 0.4766666666666667 0.66015625 0.036 0.0328125
0 0.616 0.8375 0.036 0.0359375
0 0.142 0.51796875 0.037333333333333336 0.0375
0 0.5566666666666666 0.296875 0.037333333333333336 0.0421875
0 0.512 0.18515625 0.034666666666666665 0.03125
0 0.14266666666666666 0.44609375 0.036 0.03125
0 0.148 0.8421875 0.03866666666666667 0.0359375
0 0.5626666666666666 0.83984375 0.034666666666666665 0.03125
0 0.7246666666666667 0.765625 0.03866666666666667 0.0375
0 0.204 0.84140625 0.036 0.034375
0 0.568 0.33671875 0.029333333333333333 0.0296875
0 0.8833333333333333 0.4828125 0.034666666666666665 0.0359375
0 0.146 0.625 0.037333333333333336 0.0359375
0 0.37066666666666664 0.83984375 0.036 0.03125
0 0.20466666666666666 0.87578125 0.036 0.034375
0 0.48 0.83984375 0.036 0.0390625
0 0.4766666666666667 0.73359375 0.03866666666666667 0.0390625
0 0.8313333333333334 0.6234375 0.036 0.0359375
0 0.31533333333333335 0.87734375 0.03866666666666667 0.034375
0 0.31533333333333335 0.80703125 0.036 0.034375
0 0.608 0.26640625 0.03333333333333333 0.0375
0 0.20266666666666666 0.696875 0.036 0.0328125
0 0.776 0.55078125 0.036 0.0359375
0 0.25866666666666666 0.87578125 0.037333333333333336 0.0359375
0 0.4746666666666667 0.51640625 0.034666666666666665 0.0328125
0 0.37066666666666664 0.8078125 0.03866666666666667 0.0359375
0 0.572 0.44453125 0.029333333333333333 0.0296875
0 0.882 0.3 0.036 0.0359375
0 0.474 0.58828125 0.03333333333333333 0.0359375
0 0.8826666666666667 0.55625 0.036 0.0359375
0 0.36533333333333334 0.44375 0.034666666666666665 0.0328125
0 0.722 0.69375 0.037333333333333336 0.0375
0 0.47533333333333333 0.625 0.037333333333333336 0.0375
0 0.146 0.659375 0.036 0.0328125
0 0.7253333333333334 0.8734375 0.03866666666666667 0.0375
0 0.47733333333333333 0.6953125 0.03866666666666667 0.0375
0 0.572 0.55234375 0.032 0.0375
0 0.5453333333333333 0.40703125 0.025333333333333333 0.0296875
0 0.562 0.80546875 0.037333333333333336 0.040625
0 0.5446666666666666 0.51484375 0.028 0.034375
0 0.7226666666666667 0.6609375 0.037333333333333336 0.034375
0 0.20066666666666666 0.51796875 0.037333333333333336 0.0375
0 0.6126666666666667 0.69609375 0.034666666666666665 0.0359375
0 0.544 0.3375 0.02666666666666667 0.034375
0 0.5593333333333333 0.69453125 0.034666666666666665 0.0375
0 0.31466666666666665 0.73515625 0.03866666666666667 0.0390625
0 0.882 0.3734375 0.03866666666666667 0.0390625
0 0.6133333333333333 0.73359375 0.037333333333333336 0.0390625
0 0.826 0.2984375 0.036 0.0390625
0 0.20266666666666666 0.7703125 0.03866666666666667 0.0390625
0 0.36533333333333334 0.478125 0.037333333333333336 0.0390625
0 0.25933333333333336 0.73203125 0.037333333333333336 0.0390625
0 0.312 0.6984375 0.03866666666666667 0.0359375
0 0.14733333333333334 0.7703125 0.037333333333333336 0.0390625
0 0.25666666666666665 0.62734375 0.037333333333333336 0.0359375
0 0.7206666666666667 0.51328125 0.036 0.0375
0 0.5706666666666667 0.37265625 0.029333333333333333 0.0359375
0 0.5586666666666666 0.62109375 0.036 0.0375
0 0.20133333333333334 0.66328125 0.037333333333333336 0.0375
0 0.6666666666666666 0.5515625 0.03866666666666667 0.034375
0 0.254 0.55234375 0.037333333333333336 0.0390625
0 0.31133333333333335 0.553125 0.04 0.0359375
0 0.8293333333333334 0.51640625 0.037333333333333336 0.040625
0 0.30933333333333335 0.371875 0.037333333333333336 0.034375
0 0.198 0.334375 0.04 0.0375
0 0.7746666666666666 0.44453125 0.034666666666666665 0.0359375
0 0.6126666666666667 0.58515625 0.036 0.0390625
0 0.4726666666666667 0.4046875 0.034666666666666665 0.034375
0 0.14733333333333334 0.696875 0.037333333333333336 0.0390625
0 0.258 0.69609375 0.037333333333333336 0.0359375
0 0.198 0.36953125 0.03866666666666667 0.0375
0 0.57 0.409375 0.029333333333333333 0.03125
0 0.6113333333333333 0.47890625 0.032 0.0359375
0 0.6653333333333333 0.47890625 0.036 0.0359375
0 0.6653333333333333 0.4421875 0.037333333333333336 0.0375
0 0.8273333333333334 0.371875 0.036 0.0359375
0 0.5606666666666666 0.73203125 0.036 0.0375
0 0.31266666666666665 0.62734375 0.037333333333333336 0.0359375
0 0.31 0.5171875 0.04 0.0390625
0 0.6626666666666666 0.3328125 0.037333333333333336 0.0375
0 0.312 0.58984375 0.037333333333333336 0.0390625
0 0.30866666666666664 0.40859375 0.037333333333333336 0.0359375
0 0.31266666666666665 0.6625 0.04133333333333333 0.0390625
0 0.198 0.29453125 0.037333333333333336 0.0421875
0 0.47333333333333333 0.4421875 0.034666666666666665 0.040625
0 0.25333333333333335 0.44453125 0.037333333333333336 0.0359375
0 0.25533333333333336 0.58984375 0.036 0.0390625
0 0.2 0.44453125 0.03866666666666667 0.040625
0 0.25266666666666665 0.371875 0.036 0.0375
0 0.47733333333333333 0.7703125 0.037333333333333336 0.0375
0 0.142 0.37109375 0.03866666666666667 0.0375
0 0.4726666666666667 0.3703125 0.03333333333333333 0.034375
0 0.7193333333333334 0.4421875 0.036 0.0359375
0 0.6093333333333333 0.4078125 0.03866666666666667 0.0375
0 0.572 0.4796875 0.030666666666666665 0.0359375
0 0.254 0.48046875 0.036 0.0359375
0 0.612 0.659375 0.037333333333333336 0.0375
0 0.5626666666666666 0.76796875 0.037333333333333336 0.0375
0 0.6113333333333333 0.44296875 0.036 0.0359375
0 0.14066666666666666 0.2953125 0.037333333333333336 0.040625
0 0.30866666666666664 0.44453125 0.03866666666666667 0.0390625
0 0.20066666666666666 0.5890625 0.03866666666666667 0.0390625
0 0.4713333333333333 0.296875 0.037333333333333336 0.040625
0 0.7226666666666667 0.625 0.037333333333333336 0.040625
0 0.36466666666666664 0.37265625 0.03866666666666667 0.034375
0 0.36533333333333334 0.33515625 0.037333333333333336 0.040625
0 0.26 0.771875 0.037333333333333336 0.040625
0 0.608 0.33515625 0.034666666666666665 0.0390625
0 0.718 0.2609375 0.034666666666666665 0.0234375
0 0.36666666666666664 0.259375 0.037333333333333336 0.0265625
0 0.8813333333333333 0.26328125 0.03866666666666667 0.028125
0 0.888 0.83359375 0.037333333333333336 0.0328125
0 0.5266666666666666 0.77109375 0.024 0.028125
0 0.5146666666666667 0.35625 0.03333333333333333 0.0390625
0 0.20066666666666666 0.55 0.037333333333333336 0.0265625
0 0.14133333333333334 0.2578125 0.037333333333333336 0.025
0 0.8866666666666667 0.69453125 0.03866666666666667 0.040625
0 0.8886666666666667 0.79921875 0.04 0.040625
0 0.8853333333333333 0.7296875 0.034666666666666665 0.034375
0 0.8853333333333333 0.5890625 0.036 0.0359375
0 0.8893333333333333 0.86875 0.03866666666666667 0.0375
0 0.5153333333333333 0.42734375 0.032 0.0390625
0 0.8873333333333333 0.76328125 0.03866666666666667 0.0328125
0 0.834 0.7625 0.03866666666666667 0.0328125
0 0.47933333333333333 0.8046875 0.034666666666666665 0.034375
0 0.834 0.83828125 0.036 0.0375
0 0.8853333333333333 0.6234375 0.034666666666666665 0.0359375
0 0.14733333333333334 0.80625 0.03866666666666667 0.0359375
0 0.14733333333333334 0.734375 0.036 0.0359375
0 0.6693333333333333 0.69453125 0.03866666666666667 0.0359375
0 0.7206666666666667 0.47734375 0.032 0.034375
0 0.5453333333333333 0.44375 0.02666666666666667 0.0328125
0 0.6633333333333333 0.29765625 0.037333333333333336 0.0359375
0 0.7166666666666667 0.2953125 0.037333333333333336 0.0390625
0 0.884 0.51875 0.037333333333333336 0.0390625
0 0.668 0.7328125 0.037333333333333336 0.0359375
0 0.37133333333333335 0.87421875 0.03866666666666667 0.0375
0 0.36666666666666664 0.553125 0.036 0.0359375
0 0.254 0.51640625 0.034666666666666665 0.0359375
0 0.148 0.878125 0.04 0.040625
0 0.614 0.7703125 0.036 0.0328125
0 0.7186666666666667 0.40625 0.030666666666666665 0.0359375
0 0.202 0.7328125 0.03866666666666667 0.0390625
0 0.36733333333333335 0.5890625 0.036 0.0359375
0 0.14266666666666666 0.47890625 0.037333333333333336 0.0375
0 0.14533333333333334 0.58984375 0.037333333333333336 0.034375
0 0.8266666666666667 0.4078125 0.036 0.0359375
0 0.8306666666666667 0.58828125 0.036 0.0375
0 0.6093333333333333 0.3 0.034666666666666665 0.0328125
0 0.37 0.77265625 0.03866666666666667 0.0375
0 0.26066666666666666 0.83984375 0.037333333333333336 0.0359375
0 0.8826666666666667 0.409375 0.037333333333333336 0.0359375
0 0.546 0.47890625 0.029333333333333333 0.03125
0 0.4186666666666667 0.2984375 0.03866666666666667 0.0359375
0 0.7226666666666667 0.73125 0.037333333333333336 0.0375
0 0.6646666666666666 0.40703125 0.037333333333333336 0.0359375
0 0.6693333333333333 0.76953125 0.04 0.0421875
0 0.6673333333333333 0.62421875 0.034666666666666665 0.0328125
0 0.56 0.5859375 0.034666666666666665 0.0359375
0 0.7213333333333334 0.55234375 0.036 0.0390625
0 0.7746666666666666 0.515625 0.037333333333333336 0.034375
0 0.6126666666666667 0.62265625 0.034666666666666665 0.0328125
0 0.7226666666666667 0.5875 0.036 0.034375
0 0.368 0.69765625 0.03866666666666667 0.0375
0 0.198 0.40703125 0.03866666666666667 0.0375
0 0.36533333333333334 0.29765625 0.036 0.034375
0 0.20133333333333334 0.62578125 0.03866666666666667 0.040625
0 0.668 0.65859375 0.034666666666666665 0.0328125
0 0.5133333333333333 0.25078125 0.037333333333333336 0.0375
0 0.14466666666666667 0.55546875 0.04 0.0390625
0 0.36733333333333335 0.6609375 0.03866666666666667 0.0359375
0 0.422 0.4109375 0.034666666666666665 0.0421875
0 0.828 0.44296875 0.034666666666666665 0.0375
0 0.25733333333333336 0.66171875 0.034666666666666665 0.0328125
0 0.8826666666666667 0.4453125 0.037333333333333336 0.0390625
0 0.772 0.296875 0.037333333333333336 0.0359375
0 0.474 0.55234375 0.037333333333333336 0.0390625
0 0.14133333333333334 0.33359375 0.036 0.0359375
0 0.8286666666666667 0.47890625 0.037333333333333336 0.0375
0 0.7166666666666667 0.371875 0.032 0.0359375
0 0.8813333333333333 0.33671875 0.03866666666666667 0.0375
0 0.474 0.48046875 0.037333333333333336 0.0390625
0 0.368 0.625 0.03866666666666667 0.0359375
0 0.19933333333333333 0.4828125 0.036 0.0359375
0 0.6646666666666666 0.515625 0.03866666666666667 0.040625
0 0.5593333333333333 0.65703125 0.036 0.0375
0 0.5633333333333334 0.87421875 0.036 0.040625
0 0.31533333333333335 0.8421875 0.037333333333333336 0.0359375
0 0.31 0.48203125 0.034666666666666665 0.0359375
0 0.36933333333333335 0.73515625 0.03866666666666667 0.0375
0 0.47933333333333333 0.8765625 0.036 0.0375
0 0.8293333333333334 0.553125 0.03866666666666667 0.0359375
0 0.36466666666666664 0.51640625 0.04 0.0421875
0 0.6666666666666666 0.58828125 0.03866666666666667 0.0390625
0 0.6086666666666667 0.371875 0.036 0.0375
0 0.4713333333333333 0.33515625 0.03333333333333333 0.0359375
0 0.6106666666666667 0.5171875 0.037333333333333336 0.04375
0 0.6633333333333333 0.371875 0.037333333333333336 0.0375
0 0.7726666666666666 0.3734375 0.036 0.0375
0 0.5713333333333334 0.51640625 0.030666666666666665 0.034375
0 0.7746666666666666 0.4796875 0.036 0.0375
0 0.364 0.40859375 0.03866666666666667 0.0375
0 0.7713333333333333 0.3359375 0.037333333333333336 0.0375
0 0.25333333333333335 0.33359375 0.03866666666666667 0.0421875
0 0.7733333333333333 0.409375 0.036 0.0375
0 0.8266666666666667 0.3359375 0.03866666666666667 0.0390625
0 0.25266666666666665 0.2953125 0.037333333333333336 0.040625
0 0.4206666666666667 0.3734375 0.036 0.0359375
0 0.308 0.29765625 0.03866666666666667 0.0390625
0 0.41933333333333334 0.3375 0.03866666666666667 0.0390625
0 0.7166666666666667 0.33515625 0.036 0.0375
0 0.308 0.3375 0.04 0.0390625