0 0.4 0.5239938080495357 0.034666666666666665 0.03560371517027864
0 0.772 0.5804953560371517 0.02666666666666667 0.02786377708978328
0 0.454 0.6222910216718266 0.036 0.02476780185758514
0 0.772 0.7221362229102167 0.02666666666666667 0.029411764705882353
0 0.7573333333333333 0.39860681114551083 0.037333333333333336 0.032507739938080496
0 0.17333333333333334 0.6602167182662538 0.032 0.032507739938080496
0 0.4013333333333333 0.8885448916408669 0.04 0.03715170278637771
0 0.452 0.5936532507739938 0.037333333333333336 0.032507739938080496
0 0.8693333333333333 0.43343653250773995 0.04 0.034055727554179564
0 0.17466666666666666 0.4852941176470588 0.032 0.03560371517027864
0 0.8686666666666667 0.39628482972136225 0.03866666666666667 0.03715170278637771
0 0.402 0.8181114551083591 0.03866666666666667 0.03560371517027864
0 0.6473333333333333 0.6122291021671826 0.03866666666666667 0.03869969040247678
0 0.45266666666666666 0.41873065015479877 0.036 0.032507739938080496
0 0.452 0.44891640866873067 0.037333333333333336 0.030959752321981424
0 0.3446666666666667 0.5239938080495357 0.030666666666666665 0.03869969040247678
0 0.592 0.8862229102167183 0.04 0.04179566563467492
0 0.174 0.4419504643962848 0.03333333333333333 0.032507739938080496
0 0.5933333333333334 0.7469040247678018 0.04 0.03869969040247678
0 0.4013333333333333 0.7577399380804953 0.037333333333333336 0.032507739938080496
0 0.17733333333333334 0.8181114551083591 0.037333333333333336 0.03869969040247678
0 0.702 0.3653250773993808 0.03866666666666667 0.03715170278637771
0 0.3446666666666667 0.68343653250774 0.036 0.03560371517027864
0 0.45266666666666666 0.4791021671826625 0.036 0.032507739938080496
0 0.6473333333333333 0.5356037151702786 0.03866666666666667 0.04953560371517028
0 0.232 0.8869969040247678 0.037333333333333336 0.04643962848297214
0 0.3446666666666667 0.7190402476780186 0.03866666666666667 0.03560371517027864
0 0.174 0.5371517027863777 0.036 0.03715170278637771
0 0.3433333333333333 0.6029411764705882 0.036 0.03869969040247678
0 0.49466666666666664 0.2770897832817337 0.034666666666666665 0.034055727554179564
0 0.40066666666666667 0.7236842105263158 0.03866666666666667 0.032507739938080496
0 0.4 0.6904024767801857 0.034666666666666665 0.034055727554179564
0 0.17466666666666666 0.5812693498452013 0.037333333333333336 0.03869969040247678
0 0.45266666666666666 0.36145510835913314 0.036 0.03560371517027864
0 0.342 0.5634674922600619 0.036 0.03715170278637771
0 0.23133333333333334 0.8188854489164087 0.04133333333333333 0.04024767801857585
0 0.5933333333333334 0.6075851393188855 0.037333333333333336 0.04489164086687306
0 0.3993333333333333 0.5913312693498453 0.036 0.034055727554179564
0 0.39866666666666667 0.3235294117647059 0.037333333333333336 0.03715170278637771
0 0.344 0.6439628482972136 0.037333333333333336 0.04024767801857585
0 0.3993333333333333 0.5580495356037152 0.036 0.03560371517027864
0 0.286 0.32120743034055727 0.036 0.04179566563467492
0 0.8686666666666667 0.3606811145510836 0.03866666666666667 0.03715170278637771
0 0.17333333333333334 0.3258513931888545 0.034666666666666665 0.04179566563467492
0 0.39866666666666667 0.45433436532507737 0.037333333333333336 0.032507739938080496
0 0.39866666666666667 0.3862229102167183 0.037333333333333336 0.032507739938080496
0 0.3993333333333333 0.6253869969040248 0.036 0.034055727554179564
0 0.5373333333333333 0.3622291021671827 0.037333333333333336 0.03715170278637771
0 0.8126666666666666 0.36455108359133126 0.04133333333333333 0.03869969040247678
0 0.23133333333333334 0.5402476780185759 0.03866666666666667 0.04643962848297214
0 0.232 0.7461300309597523 0.04 0.043343653250773995
0 0.17733333333333334 0.8862229102167183 0.042666666666666665 0.04489164086687306
0 0.702 0.32430340557275544 0.03866666666666667 0.04489164086687306
0 0.17533333333333334 0.6238390092879257 0.036 0.034055727554179564
0 0.3433333333333333 0.4845201238390093 0.03866666666666667 0.03715170278637771
0 0.646 0.43188854489164086 0.036 0.043343653250773995
0 0.4 0.4891640866873065 0.037333333333333336 0.03715170278637771
0 0.11466666666666667 0.3622291021671827 0.042666666666666665 0.03715170278637771
0 0.7573333333333333 0.36455108359133126 0.037333333333333336 0.03560371517027864
0 0.5926666666666667 0.3235294117647059 0.03866666666666667 0.043343653250773995
0 0.3433333333333333 0.326625386996904 0.036 0.04024767801857585
0 0.17333333333333334 0.39705882352941174 0.037333333333333336 0.03869969040247678
0 0.17533333333333334 0.7453560371517027 0.03866666666666667 0.03869969040247678
0 0.592 0.46671826625387 0.04 0.04489164086687306
0 0.3433333333333333 0.4458204334365325 0.036 0.03715170278637771
0 0.116 0.32275541795665635 0.04 0.04179566563467492
0 0.648 0.3235294117647059 0.04 0.043343653250773995
0 0.4553333333333333 0.6981424148606811 0.03866666666666667 0.021671826625386997
0 0.4553333333333333 0.7236842105263158 0.036 0.02631578947368421
0 0.45266666666666666 0.5077399380804953 0.036 0.02476780185758514
0 0.452 0.32430340557275544 0.034666666666666665 0.03869969040247678
0 0.35533333333333333 0.7856037151702786 0.025333333333333333 0.02631578947368421
0 0.772 0.7538699690402477 0.02666666666666667 0.02786377708978328
0 0.7453333333333333 0.7546439628482973 0.024 0.029411764705882353
0 0.5006666666666667 0.5541795665634675 0.02266666666666667 0.02786377708978328
0 0.6466666666666666 0.8173374613003096 0.034666666666666665 0.03715170278637771
0 0.7453333333333333 0.641640866873065 0.024 0.02631578947368421
0 0.7686666666666667 0.7856037151702786 0.030666666666666665 0.029411764705882353
0 0.6606666666666666 0.7848297213622291 0.025333333333333333 0.030959752321981424
0 0.774 0.6091331269349846 0.028 0.029411764705882353
0 0.7726666666666666 0.6942724458204335 0.025333333333333333 0.02321981424148607
0 0.7713333333333333 0.5518575851393189 0.025333333333333333 0.029411764705882353
0 0.746 0.6153250773993808 0.025333333333333333 0.029411764705882353
0 0.772 0.6648606811145511 0.02666666666666667 0.029411764705882353
0 0.41533333333333333 0.7871517027863777 0.02266666666666667 0.02631578947368421
0 0.772 0.6354489164086687 0.02666666666666667 0.02631578947368421
0 0.7453333333333333 0.7244582043343654 0.02666666666666667 0.030959752321981424
0 0.4533333333333333 0.6455108359133127 0.037333333333333336 0.02786377708978328
0 0.19 0.7832817337461301 0.02266666666666667 0.02786377708978328
0 0.7453333333333333 0.6671826625386997 0.024 0.02786377708978328
0 0.7446666666666667 0.695046439628483 0.025333333333333333 0.02786377708978328
0 0.468 0.7832817337461301 0.021333333333333333 0.02786377708978328
0 0.772 0.5224458204334366 0.024 0.02631578947368421
0 0.456 0.8173374613003096 0.034666666666666665 0.034055727554179564
0 0.758 0.8188854489164087 0.036 0.04024767801857585
0 0.7466666666666667 0.5534055727554179 0.02666666666666667 0.029411764705882353
0 0.7573333333333333 0.8552631578947368 0.042666666666666665 0.032507739938080496
0 0.6073333333333333 0.7832817337461301 0.025333333333333333 0.030959752321981424
0 0.772 0.49303405572755415 0.024 0.029411764705882353
0 0.49466666666666664 0.30959752321981426 0.034666666666666665 0.030959752321981424
0 0.6473333333333333 0.8900928792569659 0.03866666666666667 0.034055727554179564
0 0.7466666666666667 0.5835913312693498 0.02666666666666667 0.030959752321981424
0 0.7713333333333333 0.4628482972136223 0.025333333333333333 0.030959752321981424
0 0.756 0.8908668730650154 0.037333333333333336 0.03869969040247678
0 0.246 0.7848297213622291 0.02266666666666667 0.02786377708978328
0 0.746 0.5247678018575851 0.028 0.02786377708978328
0 0.6466666666666666 0.8537151702786377 0.037333333333333336 0.03560371517027864
0 0.346 0.81656346749226 0.036 0.03869969040247678
0 0.5033333333333333 0.5201238390092879 0.025333333333333333 0.030959752321981424
0 0.868 0.5394736842105263 0.037333333333333336 0.03869969040247678
0 0.3446666666666667 0.8529411764705882 0.036 0.034055727554179564
0 0.3446666666666667 0.8885448916408669 0.03866666666666667 0.03715170278637771
0 0.8693333333333333 0.4674922600619195 0.037333333333333336 0.034055727554179564
0 0.45266666666666666 0.3908668730650155 0.03866666666666667 0.02631578947368421
0 0.40066666666666667 0.6594427244582043 0.03333333333333333 0.030959752321981424
0 0.6453333333333333 0.68343653250774 0.037333333333333336 0.03869969040247678
0 0.594 0.8181114551083591 0.03866666666666667 0.04179566563467492
0 0.45466666666666666 0.7538699690402477 0.034666666666666665 0.030959752321981424
0 0.454 0.6741486068111455 0.03866666666666667 0.029411764705882353
0 0.7446666666666667 0.49613003095975233 0.025333333333333333 0.029411764705882353
0 0.452 0.5340557275541795 0.034666666666666665 0.030959752321981424
0 0.8686666666666667 0.5023219814241486 0.03866666666666667 0.03560371517027864
0 0.496 0.23993808049535603 0.032 0.030959752321981424
0 0.17466666666666666 0.6981424148606811 0.032 0.034055727554179564
0 0.3993333333333333 0.42027863777089786 0.036 0.03560371517027864
0 0.3993333333333333 0.35526315789473684 0.036 0.029411764705882353
0 0.496 0.21130030959752322 0.029333333333333333 0.02631578947368421
0 0.6486666666666666 0.7469040247678018 0.03866666666666667 0.04179566563467492
0 0.758 0.4311145510835913 0.036 0.032507739938080496
0 0.4553333333333333 0.8521671826625387 0.036 0.03560371517027864
0 0.402 0.8537151702786377 0.03866666666666667 0.03560371517027864
0 0.746 0.4651702786377709 0.028 0.029411764705882353
0 0.452 0.5626934984520123 0.034666666666666665 0.029411764705882353
0 0.454 0.8908668730650154 0.04133333333333333 0.03560371517027864
0 0.346 0.7538699690402477 0.03866666666666667 0.034055727554179564
0 0.23133333333333334 0.6462848297213623 0.03866666666666667 0.047987616099071206
0 0.8693333333333333 0.32275541795665635 0.04 0.03869969040247678
0 0.538 0.3219814241486068 0.036 0.04024767801857585
0 0.758 0.32275541795665635 0.03866666666666667 0.04179566563467492
0 0.3433333333333333 0.40479876160990713 0.04133333333333333 0.03869969040247678
0 0.23 0.4311145510835913 0.04133333333333333 0.04179566563467492
0 0.8133333333333334 0.32275541795665635 0.04 0.04179566563467492
0 0.3446666666666667 0.3653250773993808 0.03866666666666667 0.03715170278637771
0 0.2853333333333333 0.3622291021671827 0.04 0.04024767801857585
0 0.23 0.32120743034055727 0.04133333333333333 0.04489164086687306