0 0.51375 0.5878164556962026 0.0225 0.028481012658227847
0 0.384375 0.40110759493670883 0.0325 0.03639240506329114
0 0.384375 0.3852848101265823 0.04 0.06962025316455696
0 0.511875 0.5593354430379747 0.02125 0.020569620253164556
0 0.425 0.32674050632911394 0.0225 0.030063291139240507
0 0.51875 0.6645569620253164 0.02125 0.022151898734177215
0 0.52 0.6835443037974683 0.02 0.022151898734177215
0 0.4525 0.32436708860759494 0.0225 0.030063291139240507
0 0.36875 0.3346518987341772 0.02375 0.030063291139240507
0 0.884375 0.09889240506329114 0.0225 0.030063291139240507
0 0.219375 0.41693037974683544 0.035 0.0379746835443038
0 0.10875 0.45332278481012656 0.03625 0.04272151898734177
0 0.1075 0.43037974683544306 0.035 0.0379746835443038
0 0.495 0.4185126582278481 0.03625 0.0379746835443038
0 0.449375 0.6455696202531646 0.03375 0.03481012658227848
0 0.493125 0.3528481012658228 0.03625 0.030063291139240507
0 0.43875 0.36075949367088606 0.03625 0.030063291139240507
0 0.515625 0.6115506329113924 0.02375 0.02531645569620253
0 0.490625 0.3212025316455696 0.03625 0.03955696202531646
0 0.525625 0.8583860759493671 0.02375 0.02531645569620253
0 0.398125 0.747626582278481 0.03625 0.03639240506329114
0 0.39875 0.7776898734177216 0.0375 0.03639240506329114
0 0.394375 0.6511075949367089 0.03375 0.03481012658227848
0 0.525625 0.8362341772151899 0.0225 0.023734177215189875
0 0.8575 0.10205696202531646 0.0275 0.03164556962025317
0 0.165 0.45332278481012656 0.035 0.023734177215189875
0 0.825 0.35443037974683544 0.035 0.030063291139240507
0 0.39625 0.3314873417721519 0.02375 0.03322784810126582
0 0.169375 0.5830696202531646 0.03625 0.02689873417721519
0 0.448125 0.6162974683544303 0.03375 0.03322784810126582
0 0.620625 0.8188291139240507 0.03625 0.03481012658227848
0 0.51 0.7761075949367089 0.03375 0.030063291139240507
0 0.62 0.7555379746835443 0.0325 0.03481012658227848
0 0.2175 0.3876582278481013 0.03625 0.03955696202531646
0 0.893125 0.694620253164557 0.035 0.03639240506329114
0 0.88625 0.17009493670886075 0.0275 0.03322784810126582
0 0.6175 0.7262658227848101 0.0325 0.03481012658227848
0 0.181875 0.8647151898734177 0.0325 0.03481012658227848
0 0.889375 0.23734177215189872 0.025 0.03164556962025317
0 0.3925 0.6210443037974683 0.0375 0.03481012658227848
0 0.400625 0.8117088607594937 0.03625 0.03164556962025317
0 0.175625 0.7096518987341772 0.035 0.03322784810126582
0 0.8925 0.6645569620253164 0.03625 0.03639240506329114
0 0.665625 0.5300632911392406 0.035 0.03322784810126582
0 0.621875 0.8488924050632911 0.03625 0.03481012658227848
0 0.776875 0.5514240506329114 0.035 0.03481012658227848
0 0.39625 0.7183544303797469 0.0375 0.03322784810126582
0 0.453125 0.7737341772151899 0.03625 0.03639240506329114
0 0.89625 0.757120253164557 0.03625 0.03481012658227848
0 0.426875 0.42563291139240506 0.02 0.023734177215189875
0 0.77 0.39082278481012656 0.0325 0.030063291139240507
0 0.671875 0.6890822784810127 0.03625 0.03164556962025317
0 0.17625 0.7389240506329114 0.035 0.03481012658227848
0 0.61125 0.567246835443038 0.03625 0.03481012658227848
0 0.180625 0.8338607594936709 0.0325 0.03322784810126582
0 0.373125 0.49683544303797467 0.0225 0.03164556962025317
0 0.825 0.3829113924050633 0.0375 0.03955696202531646
0 0.456875 0.48575949367088606 0.0225 0.03322784810126582
0 0.88875 0.6020569620253164 0.03625 0.03481012658227848
0 0.3425 0.7539556962025317 0.035 0.03639240506329114
0 0.8975 0.7919303797468354 0.03875 0.04272151898734177
0 0.17375 0.6772151898734177 0.0325 0.03481012658227848
0 0.89375 0.7254746835443038 0.03625 0.03481012658227848
0 0.888125 0.5387658227848101 0.04 0.03322784810126582
0 0.455625 0.8069620253164557 0.03625 0.03639240506329114
0 0.890625 0.634493670886076 0.0375 0.03639240506329114
0 0.1825 0.8963607594936709 0.03375 0.0379746835443038
0 0.8875 0.20174050632911392 0.025 0.030063291139240507
0 0.6775 0.8457278481012658 0.035 0.030063291139240507
0 0.675625 0.7840189873417721 0.03875 0.03639240506329114
0 0.1725 0.6439873417721519 0.0325 0.0379746835443038
0 0.49375 0.3837025316455696 0.03625 0.0379746835443038
0 0.856875 0.1360759493670886 0.02625 0.03481012658227848
0 0.88875 0.5704113924050633 0.03875 0.03955696202531646
0 0.22125 0.44936708860759494 0.035 0.03322784810126582
0 0.62125 0.7879746835443038 0.0375 0.03639240506329114
0 0.884375 0.13291139240506328 0.02625 0.03164556962025317
0 0.17125 0.6107594936708861 0.035 0.03481012658227848
0 0.88625 0.5079113924050633 0.03875 0.0379746835443038
0 0.45125 0.7112341772151899 0.035 0.03481012658227848
0 0.615625 0.6606012658227848 0.035 0.03322784810126582
0 0.10625 0.3947784810126582 0.03375 0.03955696202531646
0 0.43875 0.3924050632911392 0.03625 0.03639240506329114
0 0.881875 0.41060126582278483 0.03625 0.03164556962025317
0 0.4525 0.7420886075949367 0.035 0.03639240506329114
0 0.674375 0.752373417721519 0.03625 0.0379746835443038
0 0.858125 0.17088607594936708 0.02625 0.03322784810126582
0 0.6725 0.7191455696202531 0.03625 0.03481012658227848
0 0.77625 0.5189873417721519 0.03375 0.03639240506329114
0 0.374375 0.5316455696202531 0.02375 0.03481012658227848
0 0.2725 0.37420886075949367 0.03625 0.03639240506329114
0 0.18 0.803006329113924 0.03375 0.03481012658227848
0 0.879375 0.3805379746835443 0.03875 0.03639240506329114
0 0.768125 0.3251582278481013 0.03625 0.04113924050632911
0 0.34375 0.7856012658227848 0.035 0.03639240506329114
0 0.66875 0.6234177215189873 0.03625 0.03322784810126582
0 0.40375 0.555379746835443 0.02375 0.03639240506329114
0 0.611875 0.5988924050632911 0.0375 0.03481012658227848
0 0.616875 0.6938291139240507 0.03375 0.03955696202531646
0 0.608125 0.43908227848101267 0.0325 0.03164556962025317
0 0.713125 0.33544303797468356 0.03625 0.03639240506329114
0 0.67625 0.8156645569620253 0.0375 0.0379746835443038
0 0.77125 0.4200949367088608 0.035 0.03481012658227848
0 0.614375 0.629746835443038 0.0375 0.03481012658227848
0 0.604375 0.37420886075949367 0.03375 0.03164556962025317
0 0.72 0.5261075949367089 0.03375 0.03639240506329114
0 0.884375 0.4754746835443038 0.03625 0.0379746835443038
0 0.446875 0.5846518987341772 0.03125 0.03639240506329114
0 0.611875 0.5363924050632911 0.035 0.03639240506329114
0 0.66625 0.5593354430379747 0.03375 0.03481012658227848
0 0.160625 0.3876582278481013 0.0375 0.03955696202531646
0 0.8825 0.44066455696202533 0.0375 0.03481012658227848
0 0.71625 0.4287974683544304 0.035 0.03322784810126582
0 0.715 0.3987341772151899 0.035 0.03322784810126582
0 0.825625 0.4200949367088608 0.03625 0.0379746835443038
0 0.215 0.3536392405063291 0.03875 0.0379746835443038
0 0.401875 0.8433544303797469 0.03625 0.0379746835443038
0 0.339375 0.6582278481012658 0.03625 0.03164556962025317
0 0.774375 0.4865506329113924 0.0325 0.03481012658227848
0 0.345625 0.8180379746835443 0.035 0.03164556962025317
0 0.6575 0.370253164556962 0.035 0.03481012658227848
0 0.773125 0.4525316455696203 0.03625 0.03639240506329114
0 0.60875 0.5039556962025317 0.03625 0.03481012658227848
0 0.6075 0.4699367088607595 0.03625 0.03639240506329114
0 0.27875 0.5371835443037974 0.035 0.03322784810126582
0 0.27625 0.47389240506329117 0.03625 0.03639240506329114
0 0.66125 0.432753164556962 0.03625 0.03481012658227848
0 0.331875 0.49920886075949367 0.0375 0.0379746835443038
0 0.28 0.6028481012658228 0.0375 0.0379746835443038
0 0.274375 0.40822784810126583 0.0375 0.0379746835443038
0 0.71875 0.4944620253164557 0.03625 0.0379746835443038
0 0.6625 0.46439873417721517 0.03625 0.03481012658227848
0 0.5175 0.6479430379746836 0.02125 0.012658227848101266
0 0.5125 0.5443037974683544 0.01875 0.015822784810126583
0 0.501875 0.5308544303797469 0.0275 0.011075949367088608
0 0.82375 0.32436708860759494 0.035 0.03639240506329114
0 0.450625 0.678006329113924 0.03625 0.0379746835443038
0 0.8775 0.34968354430379744 0.0375 0.03639240506329114
0 0.455625 0.4240506329113924 0.025 0.03639240506329114
0 0.603125 0.3425632911392405 0.03625 0.0379746835443038
0 0.49625 0.4430379746835443 0.03125 0.0189873417721519
0 0.500625 0.5150316455696202 0.0375 0.02531645569620253
0 0.51625 0.632120253164557 0.02375 0.022151898734177215
0 0.168125 0.5522151898734177 0.03625 0.04113924050632911
0 0.275 0.44145569620253167 0.03625 0.03481012658227848
0 0.34 0.6906645569620253 0.0375 0.03639240506329114
0 0.2775 0.5063291139240507 0.035 0.03481012658227848
0 0.66375 0.49841772151898733 0.03625 0.03639240506329114
0 0.49875 0.4897151898734177 0.035 0.03164556962025317
0 0.110625 0.5253164556962026 0.03625 0.0379746835443038
0 0.334375 0.5316455696202531 0.03625 0.03481012658227848
0 0.28 0.5688291139240507 0.035 0.03639240506329114
0 0.336875 0.5941455696202531 0.03625 0.03639240506329114
0 0.76875 0.3599683544303797 0.035 0.0379746835443038
0 0.33 0.4375 0.03625 0.0379746835443038
0 0.11 0.4912974683544304 0.0375 0.03639240506329114
0 0.329375 0.4026898734177215 0.0325 0.03481012658227848
0 0.455625 0.4549050632911392 0.0225 0.028481012658227847
0 0.401875 0.4920886075949367 0.025 0.03639240506329114
0 0.386875 0.46044303797468356 0.035 0.03639240506329114
0 0.5475 0.34810126582278483 0.035 0.04272151898734177
0 0.445625 0.553006329113924 0.035 0.03322784810126582
0 0.3375 0.627373417721519 0.035 0.03639240506329114
0 0.391875 0.5870253164556962 0.04 0.04113924050632911
0 0.656875 0.3362341772151899 0.03375 0.03955696202531646
0 0.8775 0.314873417721519 0.0375 0.03955696202531646
0 0.4275 0.4549050632911392 0.02375 0.03322784810126582
0 0.166875 0.5166139240506329 0.03625 0.03639240506329114
0 0.668125 0.5917721518987342 0.035 0.03639240506329114
0 0.346875 0.8473101265822784 0.035 0.03481012658227848
0 0.335625 0.5625 0.03625 0.03322784810126582
0 0.718125 0.46044303797468356 0.035 0.03639240506329114
0 0.443125 0.5197784810126582 0.0325 0.03955696202531646
0 0.403125 0.5237341772151899 0.0225 0.030063291139240507
0 0.8225 0.28955696202531644 0.0375 0.03955696202531646
0 0.71125 0.2998417721518987 0.0375 0.0379746835443038
0 0.33125 0.46914556962025317 0.03625 0.03164556962025317
0 0.32875 0.3694620253164557 0.03625 0.0379746835443038
0 0.221875 0.4802215189873418 0.03625 0.03481012658227848
0 0.60625 0.40585443037974683 0.035 0.0379746835443038
0 0.395 0.6859177215189873 0.0375 0.0379746835443038
0 0.164375 0.42325949367088606 0.03625 0.03955696202531646
0 0.659375 0.40189873417721517 0.03375 0.03481012658227848
0 0.3475 0.879746835443038 0.03375 0.03639240506329114
0 0.16625 0.48417721518987344 0.0325 0.03481012658227848
0 0.341875 0.7238924050632911 0.03625 0.03639240506329114
0 0.715 0.3686708860759494 0.03625 0.03639240506329114
0 0.385625 0.4311708860759494 0.035 0.03164556962025317
0 0.670625 0.6566455696202531 0.0375 0.03955696202531646
0 0.178125 0.7713607594936709 0.0375 0.0379746835443038