0 0.16875 0.7507911392405063 0.035 0.03639240506329114
0 0.113125 0.7840189873417721 0.03375 0.03322784810126582
0 0.885 0.47072784810126583 0.035 0.03322784810126582
0 0.885 0.7903481012658228 0.035 0.03322784810126582
0 0.51125 0.5838607594936709 0.0225 0.02531645569620253
0 0.72 0.6281645569620253 0.0325 0.03481012658227848
0 0.5 0.5102848101265823 0.035 0.030063291139240507
0 0.555 0.46677215189873417 0.035 0.03164556962025317
0 0.111875 0.8465189873417721 0.03375 0.03164556962025317
0 0.51125 0.8789556962025317 0.0225 0.02689873417721519
0 0.663125 0.8528481012658228 0.03625 0.03481012658227848
0 0.169375 0.5308544303797469 0.03125 0.030063291139240507
0 0.389375 0.5371835443037974 0.03625 0.02689873417721519
0 0.5125 0.6764240506329114 0.0225 0.020569620253164556
0 0.1125 0.6882911392405063 0.0325 0.03164556962025317
0 0.665 0.46914556962025317 0.035 0.03322784810126582
0 0.113125 0.6257911392405063 0.03625 0.03322784810126582
0 0.775 0.7254746835443038 0.035 0.030063291139240507
0 0.775 0.627373417721519 0.0325 0.03322784810126582
0 0.829375 0.5363924050632911 0.03625 0.0189873417721519
0 0.500625 0.45569620253164556 0.03625 0.0379746835443038
0 0.885 0.6613924050632911 0.035 0.03481012658227848
0 0.510625 0.8568037974683544 0.02125 0.020569620253164556
0 0.885 0.567246835443038 0.035 0.03322784810126582
0 0.82875 0.8528481012658228 0.035 0.03481012658227848
0 0.72 0.5981012658227848 0.0325 0.028481012658227847
0 0.72 0.6606012658227848 0.0325 0.030063291139240507
0 0.113125 0.814873417721519 0.03125 0.028481012658227847
0 0.829375 0.757120253164557 0.03375 0.030063291139240507
0 0.775 0.8528481012658228 0.0325 0.03481012658227848
0 0.113125 0.6574367088607594 0.03375 0.030063291139240507
0 0.775625 0.5981012658227848 0.03375 0.028481012658227847
0 0.33375 0.504746835443038 0.035 0.022151898734177215
0 0.16875 0.7223101265822784 0.035 0.03322784810126582
0 0.113125 0.5957278481012658 0.03375 0.03322784810126582
0 0.775625 0.6598101265822784 0.03375 0.03164556962025317
0 0.885 0.7238924050632911 0.0325 0.03322784810126582
0 0.555 0.6613924050632911 0.0325 0.03164556962025317
0 0.555 0.5015822784810127 0.035 0.03481012658227848
0 0.388125 0.4375 0.03375 0.03322784810126582
0 0.83125 0.6281645569620253 0.035 0.028481012658227847
0 0.885625 0.5981012658227848 0.03625 0.030063291139240507
0 0.500625 0.5506329113924051 0.035 0.006329113924050633
0 0.500625 0.35680379746835444 0.035 0.0189873417721519
0 0.5 0.3924050632911392 0.0375 0.023734177215189875
0 0.61 0.7238924050632911 0.0325 0.03322784810126582
0 0.61 0.6281645569620253 0.0325 0.03481012658227848
0 0.279375 0.5015822784810127 0.03375 0.03164556962025317
0 0.38875 0.47072784810126583 0.035 0.03322784810126582
0 0.444375 0.5656645569620253 0.03125 0.03322784810126582
0 0.33375 0.629746835443038 0.035 0.03481012658227848
0 0.224375 0.5332278481012658 0.03375 0.03164556962025317
0 0.279375 0.6265822784810127 0.03375 0.03481012658227848
0 0.33375 0.6906645569620253 0.0325 0.03322784810126582
0 0.72125 0.40822784810126583 0.0375 0.0379746835443038
0 0.444375 0.6613924050632911 0.03375 0.0379746835443038
0 0.664375 0.5348101265822784 0.03625 0.03481012658227848
0 0.61125 0.40664556962025317 0.0325 0.0379746835443038
0 0.55375 0.6938291139240507 0.035 0.03322784810126582
0 0.554375 0.5656645569620253 0.03375 0.03322784810126582
0 0.334375 0.40585443037974683 0.03625 0.03639240506329114
0 0.554375 0.4074367088607595 0.03625 0.03955696202531646
0 0.500625 0.3370253164556962 0.03875 0.022151898734177215
0 0.72 0.44145569620253167 0.0325 0.03164556962025317
0 0.72 0.5039556962025317 0.0325 0.030063291139240507
0 0.72 0.47310126582278483 0.0325 0.03164556962025317
0 0.719375 0.8852848101265823 0.03375 0.030063291139240507
0 0.885 0.44145569620253167 0.0325 0.028481012658227847
0 0.829375 0.7879746835443038 0.03375 0.03164556962025317
0 0.5 0.4208860759493671 0.04 0.03481012658227848
0 0.885 0.7579113924050633 0.035 0.03164556962025317
0 0.884375 0.6938291139240507 0.03125 0.030063291139240507
0 0.66375 0.884493670886076 0.0375 0.028481012658227847
0 0.885 0.6289556962025317 0.0375 0.030063291139240507
0 0.5 0.37420886075949367 0.04 0.01740506329113924
0 0.500625 0.5356012658227848 0.03625 0.023734177215189875
0 0.831875 0.47151898734177217 0.03125 0.028481012658227847
0 0.83 0.5988924050632911 0.035 0.030063291139240507
0 0.775 0.8860759493670886 0.0325 0.028481012658227847
0 0.444375 0.40585443037974683 0.03375 0.03639240506329114
0 0.72 0.5363924050632911 0.0325 0.03481012658227848
0 0.445 0.5332278481012658 0.0325 0.03164556962025317
0 0.61 0.8204113924050633 0.035 0.03322784810126582
0 0.555 0.442246835443038 0.035 0.02689873417721519
0 0.83 0.7262658227848101 0.035 0.03481012658227848
0 0.113125 0.5656645569620253 0.03375 0.03322784810126582
0 0.61 0.8512658227848101 0.0325 0.03164556962025317
0 0.885625 0.5348101265822784 0.03375 0.03481012658227848
0 0.665 0.439873417721519 0.0325 0.03481012658227848
0 0.1125 0.752373417721519 0.0325 0.03322784810126582
0 0.37625 0.7215189873417721 0.0225 0.02531645569620253
0 0.1125 0.8781645569620253 0.035 0.03164556962025317
0 0.775625 0.8212025316455697 0.03125 0.03164556962025317
0 0.16875 0.5949367088607594 0.0325 0.028481012658227847
0 0.166875 0.8473101265822784 0.03625 0.03322784810126582
0 0.775625 0.47072784810126583 0.03125 0.030063291139240507
0 0.82875 0.8204113924050633 0.035 0.03322784810126582
0 0.72 0.5688291139240507 0.0325 0.030063291139240507
0 0.665625 0.7223101265822784 0.03375 0.03322784810126582
0 0.513125 0.6993670886075949 0.02375 0.02531645569620253
0 0.169375 0.6574367088607594 0.03375 0.03322784810126582
0 0.511875 0.6194620253164557 0.02375 0.023734177215189875
0 0.83125 0.6598101265822784 0.0325 0.03164556962025317
0 0.8275 0.8837025316455697 0.0325 0.030063291139240507
0 0.830625 0.439873417721519 0.03125 0.03481012658227848
0 0.511875 0.6368670886075949 0.02375 0.023734177215189875
0 0.5125 0.6566455696202531 0.0225 0.022151898734177215
0 0.775625 0.5680379746835443 0.03375 0.03164556962025317
0 0.16875 0.5015822784810127 0.0325 0.03164556962025317
0 0.719375 0.8520569620253164 0.03625 0.03639240506329114
0 0.72 0.819620253164557 0.035 0.028481012658227847
0 0.166875 0.8781645569620253 0.03625 0.03481012658227848
0 0.44375 0.4699367088607595 0.0325 0.03481012658227848
0 0.83 0.692246835443038 0.0325 0.03322784810126582
0 0.885 0.5039556962025317 0.035 0.030063291139240507
0 0.40375 0.7223101265822784 0.02 0.02689873417721519
0 0.1675 0.814873417721519 0.0325 0.03164556962025317
0 0.111875 0.7207278481012658 0.03375 0.03322784810126582
0 0.61 0.5656645569620253 0.0325 0.03322784810126582
0 0.40375 0.6598101265822784 0.02 0.028481012658227847
0 0.169375 0.625 0.03375 0.03481012658227848
0 0.775 0.6938291139240507 0.035 0.03639240506329114
0 0.38875 0.40664556962025317 0.035 0.028481012658227847
0 0.16875 0.47072784810126583 0.0325 0.03322784810126582
0 0.665 0.754746835443038 0.035 0.03164556962025317
0 0.40375 0.692246835443038 0.0225 0.02689873417721519
0 0.37625 0.6590189873417721 0.0225 0.02689873417721519
0 0.665625 0.692246835443038 0.03125 0.030063291139240507
0 0.444375 0.502373417721519 0.03125 0.030063291139240507
0 0.279375 0.5640822784810127 0.03375 0.030063291139240507
0 0.16875 0.6906645569620253 0.035 0.03639240506329114
0 0.719375 0.7879746835443038 0.03375 0.03164556962025317
0 0.499375 0.7966772151898734 0.03375 0.03322784810126582
0 0.554375 0.8504746835443038 0.03375 0.03322784810126582
0 0.111875 0.47072784810126583 0.03375 0.030063291139240507
0 0.77375 0.7563291139240507 0.0325 0.03481012658227848
0 0.27875 0.37658227848101267 0.035 0.03164556962025317
0 0.610625 0.44066455696202533 0.03125 0.030063291139240507
0 0.775 0.44066455696202533 0.035 0.030063291139240507
0 0.37625 0.6906645569620253 0.0225 0.02689873417721519
0 0.168125 0.7848101265822784 0.03375 0.03164556962025317
0 0.609375 0.7879746835443038 0.03375 0.03164556962025317
0 0.33375 0.6598101265822784 0.035 0.02531645569620253
0 0.83125 0.40427215189873417 0.035 0.03955696202531646
0 0.610625 0.4699367088607595 0.03375 0.03164556962025317
0 0.719375 0.6914556962025317 0.03125 0.03481012658227848
0 0.555 0.7903481012658228 0.035 0.030063291139240507
0 0.1125 0.43908227848101267 0.0325 0.03322784810126582
0 0.334375 0.47151898734177217 0.03625 0.03164556962025317
0 0.775625 0.7879746835443038 0.03375 0.03164556962025317
0 0.1125 0.502373417721519 0.035 0.030063291139240507
0 0.333125 0.754746835443038 0.03375 0.028481012658227847
0 0.223125 0.8488924050632911 0.03375 0.030063291139240507
0 0.1675 0.43908227848101267 0.0325 0.030063291139240507
0 0.11375 0.5332278481012658 0.0325 0.03164556962025317
0 0.719375 0.7563291139240507 0.03125 0.03164556962025317
0 0.224375 0.5949367088607594 0.03375 0.03164556962025317
0 0.39 0.6289556962025317 0.035 0.03322784810126582
0 0.88625 0.40822784810126583 0.035 0.0379746835443038
0 0.28 0.7223101265822784 0.0325 0.03322784810126582
0 0.33375 0.43829113924050633 0.035 0.03164556962025317
0 0.664375 0.7863924050632911 0.03375 0.03164556962025317
0 0.719375 0.7246835443037974 0.03125 0.03164556962025317
0 0.223125 0.7215189873417721 0.03375 0.03164556962025317
0 0.555 0.819620253164557 0.035 0.03164556962025317
0 0.39 0.564873417721519 0.035 0.03164556962025317
0 0.279375 0.4074367088607595 0.03375 0.03322784810126582
0 0.28125 0.6598101265822784 0.0325 0.03164556962025317
0 0.389375 0.7863924050632911 0.03375 0.03164556962025317
0 0.664375 0.819620253164557 0.03625 0.03481012658227848
0 0.61 0.5348101265822784 0.035 0.03164556962025317
0 0.555 0.7587025316455697 0.035 0.03322784810126582
0 0.1675 0.40822784810126583 0.0325 0.03164556962025317
0 0.1125 0.40664556962025317 0.0325 0.03164556962025317
0 0.664375 0.5007911392405063 0.03375 0.03322784810126582
0 0.389375 0.754746835443038 0.03375 0.03481012658227848
0 0.223125 0.43829113924050633 0.03375 0.028481012658227847
0 0.224375 0.502373417721519 0.03375 0.030063291139240507
0 0.278125 0.3425632911392405 0.03625 0.03639240506329114
0 0.444375 0.6289556962025317 0.03375 0.030063291139240507
0 0.389375 0.5055379746835443 0.03375 0.03639240506329114
0 0.39 0.5981012658227848 0.0325 0.03164556962025317
0 0.775 0.5031645569620253 0.035 0.03481012658227848
0 0.610625 0.6930379746835443 0.03125 0.03164556962025317
0 0.610625 0.6613924050632911 0.03125 0.03481012658227848
0 0.66375 0.6606012658227848 0.0325 0.03322784810126582
0 0.830625 0.504746835443038 0.03625 0.04113924050632911
0 0.555 0.8837025316455697 0.0375 0.03322784810126582
0 0.22375 0.6582278481012658 0.0325 0.03164556962025317
0 0.279375 0.754746835443038 0.03375 0.03164556962025317
0 0.775625 0.40585443037974683 0.03625 0.03955696202531646
0 0.279375 0.5949367088607594 0.03375 0.03164556962025317
0 0.16875 0.5640822784810127 0.035 0.03322784810126582
0 0.775 0.5363924050632911 0.035 0.03164556962025317
0 0.111875 0.372626582278481 0.03625 0.03639240506329114
0 0.333125 0.7887658227848101 0.03625 0.03955696202531646
0 0.444375 0.4375 0.03125 0.03322784810126582
0 0.609375 0.8837025316455697 0.03375 0.03322784810126582
0 0.280625 0.4699367088607595 0.03375 0.03164556962025317
0 0.22375 0.7848101265822784 0.0325 0.03164556962025317
0 0.664375 0.567246835443038 0.03375 0.030063291139240507
0 0.223125 0.7539556962025317 0.03375 0.03322784810126582
0 0.555 0.6305379746835443 0.0325 0.03322784810126582
0 0.60875 0.7563291139240507 0.0325 0.03164556962025317
0 0.665 0.40664556962025317 0.035 0.03481012658227848
0 0.280625 0.6906645569620253 0.03125 0.03322784810126582
0 0.334375 0.5957278481012658 0.03375 0.030063291139240507
0 0.61 0.5965189873417721 0.03 0.03164556962025317
0 0.1675 0.37341772151898733 0.035 0.03481012658227848
0 0.38875 0.37420886075949367 0.035 0.03639240506329114
0 0.334375 0.7238924050632911 0.03375 0.030063291139240507
0 0.223125 0.37341772151898733 0.03375 0.03481012658227848
0 0.279375 0.43908227848101267 0.03375 0.03322784810126582
0 0.223125 0.40664556962025317 0.03375 0.03481012658227848
0 0.555 0.5332278481012658 0.0325 0.03164556962025317
0 0.61 0.5031645569620253 0.035 0.03164556962025317
0 0.279375 0.7863924050632911 0.03375 0.03481012658227848
0 0.555 0.7262658227848101 0.0325 0.03164556962025317
0 0.223125 0.8805379746835443 0.03625 0.03322784810126582
0 0.830625 0.5656645569620253 0.03625 0.03639240506329114
0 0.334375 0.5332278481012658 0.03375 0.03481012658227848
0 0.444375 0.5973101265822784 0.03375 0.030063291139240507
0 0.22375 0.817246835443038 0.035 0.03639240506329114
0 0.334375 0.5664556962025317 0.03375 0.03164556962025317
0 0.388125 0.8512658227848101 0.03375 0.03164556962025317
0 0.22375 0.6906645569620253 0.035 0.03322784810126582
0 0.223125 0.4699367088607595 0.03375 0.03481012658227848
0 0.225 0.5656645569620253 0.035 0.03322784810126582
0 0.555 0.5981012658227848 0.0325 0.03164556962025317
0 0.389375 0.8188291139240507 0.03625 0.03322784810126582
0 0.22375 0.6257911392405063 0.0325 0.03322784810126582
0 0.279375 0.5340189873417721 0.03375 0.03322784810126582
0 0.388125 0.8837025316455697 0.03625 0.03322784810126582
0 0.664375 0.5981012658227848 0.03375 0.03481012658227848
0 0.66375 0.6305379746835443 0.035 0.030063291139240507