0 0.51625 0.5893987341772152 0.0225 0.03639240506329114
0 0.516875 0.6257911392405063 0.02375 0.030063291139240507
0 0.116875 0.752373417721519 0.03375 0.03639240506329114
0 0.11625 0.7286392405063291 0.0325 0.030063291139240507
0 0.504375 0.3884493670886076 0.03625 0.03639240506329114
0 0.51875 0.6677215189873418 0.02 0.0189873417721519
0 0.116875 0.7848101265822784 0.03625 0.04113924050632911
0 0.33875 0.4430379746835443 0.0325 0.03164556962025317
0 0.669375 0.6598101265822784 0.03375 0.028481012658227847
0 0.78 0.5957278481012658 0.0325 0.03322784810126582
0 0.1725 0.6289556962025317 0.035 0.03322784810126582
0 0.171875 0.5656645569620253 0.03375 0.03322784810126582
0 0.339375 0.5981012658227848 0.03375 0.028481012658227847
0 0.115625 0.6265822784810127 0.03375 0.03164556962025317
0 0.835 0.6621835443037974 0.03 0.030063291139240507
0 0.173125 0.884493670886076 0.03125 0.03164556962025317
0 0.28375 0.7262658227848101 0.03 0.03164556962025317
0 0.835 0.6305379746835443 0.0325 0.03322784810126582
0 0.66875 0.8512658227848101 0.035 0.03164556962025317
0 0.228125 0.7887658227848101 0.03375 0.03322784810126582
0 0.283125 0.6938291139240507 0.03375 0.03322784810126582
0 0.668125 0.4723101265822785 0.03375 0.030063291139240507
0 0.39375 0.629746835443038 0.0325 0.03164556962025317
0 0.889375 0.3813291139240506 0.03125 0.03164556962025317
0 0.33875 0.41139240506329117 0.0325 0.03164556962025317
0 0.614375 0.819620253164557 0.03375 0.03481012658227848
0 0.835 0.7238924050632911 0.0325 0.030063291139240507
0 0.504375 0.4596518987341772 0.03375 0.03639240506329114
0 0.61375 0.8512658227848101 0.0325 0.03164556962025317
0 0.394375 0.6606012658227848 0.03375 0.03322784810126582
0 0.83625 0.44066455696202533 0.03 0.030063291139240507
0 0.33875 0.5079113924050633 0.0325 0.03164556962025317
0 0.33875 0.3449367088607595 0.0325 0.03164556962025317
0 0.11625 0.5656645569620253 0.035 0.03322784810126582
0 0.22875 0.6629746835443038 0.0325 0.03481012658227848
0 0.724375 0.629746835443038 0.03125 0.03164556962025317
0 0.55875 0.44145569620253167 0.0325 0.03164556962025317
0 0.61375 0.8837025316455697 0.035 0.030063291139240507
0 0.834375 0.5664556962025317 0.03125 0.028481012658227847
0 0.33875 0.6954113924050633 0.0325 0.03639240506329114
0 0.394375 0.884493670886076 0.03125 0.028481012658227847
0 0.228125 0.377373417721519 0.03375 0.03639240506329114
0 0.116875 0.37579113924050633 0.03375 0.03322784810126582
0 0.394375 0.7246835443037974 0.03125 0.03164556962025317
0 0.171875 0.47310126582278483 0.03125 0.03164556962025317
0 0.45 0.34651898734177217 0.0325 0.03481012658227848
0 0.890625 0.41139240506329117 0.03125 0.03164556962025317
0 0.5575 0.5981012658227848 0.0325 0.03164556962025317
0 0.45125 0.4430379746835443 0.0325 0.028481012658227847
0 0.39375 0.757120253164557 0.0325 0.03322784810126582
0 0.394375 0.692246835443038 0.03125 0.03322784810126582
0 0.173125 0.694620253164557 0.03375 0.03481012658227848
0 0.33875 0.5680379746835443 0.035 0.03164556962025317
0 0.1725 0.5965189873417721 0.035 0.03164556962025317
0 0.724375 0.692246835443038 0.03125 0.030063291139240507
0 0.614375 0.6938291139240507 0.03125 0.03322784810126582
0 0.228125 0.7246835443037974 0.03375 0.03164556962025317
0 0.78 0.442246835443038 0.03 0.030063291139240507
0 0.835 0.5981012658227848 0.0325 0.03164556962025317
0 0.835 0.7563291139240507 0.0325 0.03164556962025317
0 0.61375 0.6613924050632911 0.0325 0.03164556962025317
0 0.11625 0.5039556962025317 0.0325 0.03322784810126582
0 0.33875 0.6613924050632911 0.0325 0.03164556962025317
0 0.890625 0.47310126582278483 0.03375 0.03164556962025317
0 0.28375 0.5363924050632911 0.0325 0.03481012658227848
0 0.2825 0.5055379746835443 0.0325 0.030063291139240507
0 0.668125 0.8212025316455697 0.03375 0.03164556962025317
0 0.558125 0.6606012658227848 0.03375 0.030063291139240507
0 0.1725 0.4098101265822785 0.035 0.03481012658227848
0 0.450625 0.47310126582278483 0.03125 0.03164556962025317
0 0.2825 0.8212025316455697 0.0325 0.03164556962025317
0 0.558125 0.6930379746835443 0.03375 0.03481012658227848
0 0.66875 0.4430379746835443 0.0325 0.03164556962025317
0 0.72375 0.8552215189873418 0.0325 0.03322784810126582
0 0.780625 0.7871835443037974 0.03375 0.03322784810126582
0 0.116875 0.6930379746835443 0.03375 0.03164556962025317
0 0.779375 0.6281645569620253 0.03125 0.03164556962025317
0 0.395 0.4430379746835443 0.0325 0.03164556962025317
0 0.668125 0.7887658227848101 0.03375 0.03322784810126582
0 0.39375 0.5356012658227848 0.03 0.03322784810126582
0 0.450625 0.5055379746835443 0.03125 0.03322784810126582
0 0.281875 0.47310126582278483 0.03125 0.03164556962025317
0 0.115625 0.41060126582278483 0.03375 0.03322784810126582
0 0.835625 0.47310126582278483 0.03125 0.03481012658227848
0 0.558125 0.5356012658227848 0.03375 0.030063291139240507
0 0.1725 0.5055379746835443 0.03 0.030063291139240507
0 0.614375 0.5680379746835443 0.03125 0.03164556962025317
0 0.50375 0.34889240506329117 0.035 0.03955696202531646
0 0.614375 0.44145569620253167 0.03125 0.03164556962025317
0 0.78 0.8204113924050633 0.0325 0.03322784810126582
0 0.11625 0.44145569620253167 0.035 0.03164556962025317
0 0.228125 0.5363924050632911 0.03375 0.03481012658227848
0 0.283125 0.8528481012658228 0.03375 0.03164556962025317
0 0.835 0.6930379746835443 0.0325 0.03164556962025317
0 0.2275 0.8227848101265823 0.0325 0.03481012658227848
0 0.669375 0.5988924050632911 0.03125 0.030063291139240507
0 0.66875 0.882120253164557 0.035 0.030063291139240507
0 0.39375 0.819620253164557 0.0325 0.03164556962025317
0 0.17375 0.375 0.035 0.0379746835443038
0 0.394375 0.504746835443038 0.03375 0.028481012658227847
0 0.724375 0.47310126582278483 0.03125 0.028481012658227847
0 0.55875 0.47468354430379744 0.03 0.03481012658227848
0 0.889375 0.34651898734177217 0.03375 0.0379746835443038
0 0.725 0.5988924050632911 0.0325 0.030063291139240507
0 0.669375 0.7238924050632911 0.03375 0.03322784810126582
0 0.834375 0.5363924050632911 0.03375 0.03164556962025317
0 0.450625 0.5363924050632911 0.03125 0.03164556962025317
0 0.116875 0.6598101265822784 0.03375 0.03481012658227848
0 0.724375 0.8212025316455697 0.03375 0.0379746835443038
0 0.338125 0.4754746835443038 0.03375 0.03322784810126582
0 0.2825 0.41139240506329117 0.0325 0.03164556962025317
0 0.33875 0.37816455696202533 0.035 0.03481012658227848
0 0.724375 0.7563291139240507 0.03375 0.03481012658227848
0 0.669375 0.6914556962025317 0.03125 0.03164556962025317
0 0.39375 0.37816455696202533 0.035 0.03481012658227848
0 0.779375 0.4723101265822785 0.03125 0.03322784810126582
0 0.780625 0.7555379746835443 0.03375 0.03322784810126582
0 0.668125 0.7563291139240507 0.03375 0.03164556962025317
0 0.395 0.47389240506329117 0.0325 0.03322784810126582
0 0.559375 0.40822784810126583 0.03125 0.03481012658227848
0 0.39375 0.5988924050632911 0.0325 0.030063291139240507
0 0.228125 0.47468354430379744 0.03125 0.03164556962025317
0 0.78 0.7246835443037974 0.0325 0.03164556962025317
0 0.558125 0.567246835443038 0.03375 0.03322784810126582
0 0.228125 0.44145569620253167 0.03375 0.03481012658227848
0 0.668125 0.4098101265822785 0.03375 0.03481012658227848
0 0.78 0.692246835443038 0.0325 0.03322784810126582
0 0.61375 0.47389240506329117 0.03 0.03322784810126582
0 0.615 0.5363924050632911 0.03 0.03164556962025317
0 0.283125 0.37816455696202533 0.03375 0.03481012658227848
0 0.44875 0.567246835443038 0.035 0.03322784810126582
0 0.724375 0.40901898734177217 0.03125 0.03322784810126582
0 0.615 0.40901898734177217 0.0325 0.03322784810126582
0 0.724375 0.6613924050632911 0.03125 0.03164556962025317
0 0.39375 0.41139240506329117 0.035 0.03164556962025317
0 0.614375 0.5039556962025317 0.03125 0.030063291139240507
0 0.724375 0.442246835443038 0.03375 0.03322784810126582
0 0.28375 0.5664556962025317 0.03 0.028481012658227847
0 0.228125 0.629746835443038 0.03375 0.03164556962025317
0 0.51875 0.6479430379746836 0.02 0.01740506329113924
0 0.51625 0.8591772151898734 0.0225 0.022151898734177215
0 0.518125 0.6890822784810127 0.02125 0.023734177215189875
0 0.83375 0.8212025316455697 0.035 0.03164556962025317
0 0.614375 0.5988924050632911 0.03125 0.030063291139240507
0 0.393125 0.3449367088607595 0.03125 0.03164556962025317
0 0.39375 0.7871835443037974 0.03 0.030063291139240507
0 0.614375 0.7563291139240507 0.03125 0.03481012658227848
0 0.1725 0.6613924050632911 0.035 0.03164556962025317
0 0.890625 0.44145569620253167 0.03125 0.028481012658227847
0 0.835625 0.5063291139240507 0.03125 0.03164556962025317
0 0.725 0.5688291139240507 0.0325 0.03322784810126582
0 0.78 0.6606012658227848 0.0325 0.03322784810126582
0 0.449375 0.41139240506329117 0.03375 0.03481012658227848
0 0.393125 0.5680379746835443 0.03375 0.03164556962025317
0 0.723125 0.7231012658227848 0.03375 0.03164556962025317
0 0.724375 0.5363924050632911 0.03125 0.03164556962025317
0 0.66875 0.5031645569620253 0.0325 0.03164556962025317
0 0.66875 0.5348101265822784 0.0325 0.03164556962025317
0 0.780625 0.40901898734177217 0.03125 0.03639240506329114
0 0.724375 0.5031645569620253 0.03375 0.03164556962025317
0 0.66875 0.5680379746835443 0.0325 0.03164556962025317
0 0.78 0.5348101265822784 0.035 0.03481012658227848
0 0.505625 0.5332278481012658 0.03375 0.02531645569620253
0 0.504375 0.5087025316455697 0.03625 0.023734177215189875
0 0.50375 0.4224683544303797 0.035 0.03322784810126582
0 0.505 0.555379746835443 0.035 0.015822784810126583
0 0.283125 0.884493670886076 0.03375 0.03164556962025317
0 0.78 0.567246835443038 0.0325 0.03322784810126582
0 0.1725 0.7270569620253164 0.035 0.030063291139240507
0 0.2825 0.7887658227848101 0.0325 0.03322784810126582
0 0.2825 0.442246835443038 0.0325 0.030063291139240507
0 0.78 0.8520569620253164 0.0325 0.030063291139240507
0 0.558125 0.507120253164557 0.03125 0.030063291139240507
0 0.45 0.37895569620253167 0.0325 0.030063291139240507
0 0.338125 0.5371835443037974 0.03375 0.030063291139240507
0 0.780625 0.502373417721519 0.02875 0.030063291139240507
0 0.1725 0.8212025316455697 0.0325 0.03481012658227848
0 0.615 0.7238924050632911 0.0325 0.030063291139240507
0 0.171875 0.44145569620253167 0.03375 0.03164556962025317
0 0.228125 0.7555379746835443 0.03375 0.030063291139240507
0 0.2275 0.8536392405063291 0.0325 0.030063291139240507
0 0.11625 0.47151898734177217 0.0325 0.028481012658227847
0 0.39375 0.8520569620253164 0.0275 0.030063291139240507
0 0.11625 0.5965189873417721 0.0325 0.028481012658227847
0 0.1725 0.7563291139240507 0.035 0.03164556962025317
0 0.1725 0.7879746835443038 0.035 0.03164556962025317
0 0.834375 0.884493670886076 0.03375 0.03164556962025317
0 0.283125 0.757120253164557 0.03375 0.03322784810126582
0 0.72375 0.8852848101265823 0.035 0.023734177215189875
0 0.55875 0.629746835443038 0.0325 0.03164556962025317
0 0.228125 0.694620253164557 0.03375 0.028481012658227847
0 0.1175 0.821993670886076 0.0325 0.03322784810126582
0 0.171875 0.8536392405063291 0.03125 0.030063291139240507
0 0.724375 0.7871835443037974 0.03125 0.030063291139240507
0 0.115625 0.5340189873417721 0.03375 0.030063291139240507
0 0.2825 0.5965189873417721 0.0325 0.03481012658227848
0 0.516875 0.882120253164557 0.02125 0.023734177215189875
0 0.2275 0.5680379746835443 0.03 0.028481012658227847
0 0.835625 0.40585443037974683 0.03125 0.03322784810126582
0 0.33875 0.6289556962025317 0.0325 0.03322784810126582
0 0.283125 0.6621835443037974 0.03125 0.03322784810126582
0 0.118125 0.8852848101265823 0.03375 0.03322784810126582
0 0.83375 0.8512658227848101 0.035 0.03481012658227848
0 0.2275 0.40901898734177217 0.0325 0.030063291139240507
0 0.2275 0.8852848101265823 0.035 0.030063291139240507
0 0.1725 0.5356012658227848 0.0325 0.030063291139240507
0 0.778125 0.8829113924050633 0.03625 0.03164556962025317
0 0.2275 0.5039556962025317 0.0325 0.02689873417721519
0 0.66875 0.629746835443038 0.03 0.03164556962025317
0 0.83375 0.7887658227848101 0.035 0.03322784810126582
0 0.614375 0.7863924050632911 0.03375 0.028481012658227847
0 0.2825 0.6305379746835443 0.0325 0.03322784810126582
0 0.116875 0.8528481012658228 0.03125 0.03164556962025317
0 0.22875 0.5988924050632911 0.0325 0.03322784810126582
0 0.505 0.7974683544303798 0.03 0.03164556962025317
0 0.613125 0.629746835443038 0.03125 0.03164556962025317