0 0.218 0.41796875 0.036 0.03125
0 0.7593333333333333 0.9015625 0.037333333333333336 0.0328125
0 0.7693333333333333 0.75703125 0.036 0.03125
0 0.11133333333333334 0.3375 0.036 0.0359375
0 0.13333333333333333 0.87890625 0.037333333333333336 0.0328125
0 0.764 0.83125 0.037333333333333336 0.0328125
0 0.15466666666666667 0.5203125 0.034666666666666665 0.03125
0 0.10666666666666667 0.41015625 0.037333333333333336 0.0375
0 0.35333333333333333 0.88515625 0.037333333333333336 0.0328125
0 0.852 0.54765625 0.032 0.0328125
0 0.08733333333333333 0.696875 0.034666666666666665 0.0359375
0 0.242 0.88046875 0.036 0.0359375
0 0.6526666666666666 0.86015625 0.034666666666666665 0.03125
0 0.8553333333333333 0.5109375 0.029333333333333333 0.03125
0 0.47933333333333333 0.4203125 0.028 0.034375
0 0.08066666666666666 0.80546875 0.036 0.0375
0 0.65 0.89296875 0.036 0.03125
0 0.14 0.7328125 0.036 0.034375
0 0.5626666666666666 0.60546875 0.034666666666666665 0.028125
0 0.858 0.475 0.029333333333333333 0.028125
0 0.07733333333333334 0.8421875 0.037333333333333336 0.0390625
0 0.49266666666666664 0.23359375 0.030666666666666665 0.0265625
0 0.09066666666666667 0.62734375 0.036 0.0375
0 0.16333333333333333 0.41484375 0.036 0.0359375
0 0.08333333333333333 0.734375 0.034666666666666665 0.0328125
0 0.14733333333333334 0.62890625 0.037333333333333336 0.0359375
0 0.5266666666666666 0.35546875 0.037333333333333336 0.0203125
0 0.856 0.44375 0.03333333333333333 0.03125
0 0.49466666666666664 0.20703125 0.028 0.0234375
0 0.25466666666666665 0.7015625 0.03866666666666667 0.021875
0 0.6373333333333333 0.32421875 0.036 0.0234375
0 0.484 0.36640625 0.03333333333333333 0.0234375
0 0.44733333333333336 0.27890625 0.034666666666666665 0.021875
0 0.5506666666666666 0.78515625 0.036 0.021875
0 0.36533333333333334 0.70546875 0.037333333333333336 0.0203125
0 0.858 0.296875 0.03866666666666667 0.021875
0 0.39666666666666667 0.27734375 0.036 0.0234375
0 0.134 0.84140625 0.03866666666666667 0.0359375
0 0.6946666666666667 0.2890625 0.036 0.0234375
0 0.11733333333333333 0.2640625 0.037333333333333336 0.0234375
0 0.6913333333333334 0.325 0.034666666666666665 0.0359375
0 0.8046666666666666 0.29375 0.037333333333333336 0.0234375
0 0.10066666666666667 0.48203125 0.04 0.0234375
0 0.482 0.3859375 0.02666666666666667 0.021875
0 0.2853333333333333 0.27421875 0.037333333333333336 0.0203125
0 0.104 0.4484375 0.04 0.0421875
0 0.6173333333333333 0.61171875 0.037333333333333336 0.0328125
0 0.144 0.665625 0.03866666666666667 0.034375
0 0.5013333333333333 0.71171875 0.03333333333333333 0.0328125
0 0.6646666666666666 0.6828125 0.036 0.0328125
0 0.508 0.60625 0.034666666666666665 0.034375
0 0.49266666666666664 0.25625 0.029333333333333333 0.01875
0 0.16866666666666666 0.34296875 0.037333333333333336 0.0359375
0 0.442 0.3546875 0.036 0.0359375
0 0.16533333333333333 0.37890625 0.037333333333333336 0.0359375
0 0.5593333333333333 0.64375 0.03866666666666667 0.0390625
0 0.6853333333333333 0.39765625 0.034666666666666665 0.034375
0 0.3293333333333333 0.42109375 0.037333333333333336 0.034375
0 0.262 0.59765625 0.034666666666666665 0.0359375
0 0.676 0.540625 0.034666666666666665 0.0328125
0 0.634 0.35859375 0.036 0.0359375
0 0.7393333333333333 0.40390625 0.034666666666666665 0.0359375
0 0.6713333333333333 0.61171875 0.036 0.034375
0 0.626 0.46796875 0.034666666666666665 0.0359375
0 0.31466666666666665 0.63828125 0.036 0.034375
0 0.612 0.68046875 0.03866666666666667 0.0359375
0 0.5126666666666667 0.5359375 0.036 0.034375
0 0.622 0.5390625 0.036 0.034375
0 0.2786666666666667 0.346875 0.034666666666666665 0.034375
0 0.7333333333333333 0.50625 0.034666666666666665 0.0375
0 0.428 0.5671875 0.037333333333333336 0.0359375
0 0.44466666666666665 0.315625 0.036 0.0390625
0 0.496 0.78359375 0.03333333333333333 0.0328125
0 0.63 0.43203125 0.032 0.0328125
0 0.6686666666666666 0.64765625 0.036 0.034375
0 0.388 0.38828125 0.03333333333333333 0.0328125
0 0.596 0.89375 0.04 0.0328125
0 0.5686666666666667 0.5 0.036 0.0328125
0 0.788 0.5078125 0.037333333333333336 0.0390625
0 0.16 0.45078125 0.036 0.0359375
0 0.3373333333333333 0.3109375 0.034666666666666665 0.0390625
0 0.5746666666666667 0.42890625 0.036 0.034375
0 0.25 0.775 0.034666666666666665 0.0375
0 0.43266666666666664 0.4984375 0.036 0.0359375
0 0.17 0.3046875 0.036 0.0375
0 0.6806666666666666 0.46875 0.034666666666666665 0.0328125
0 0.776 0.68828125 0.037333333333333336 0.0375
0 0.19866666666666666 0.703125 0.037333333333333336 0.0359375
0 0.37333333333333335 0.6015625 0.037333333333333336 0.0359375
0 0.7146666666666667 0.759375 0.036 0.0375
0 0.416 0.7453125 0.036 0.0390625
0 0.7186666666666667 0.721875 0.036 0.034375
0 0.618 0.575 0.036 0.0375
0 0.7253333333333334 0.61640625 0.036 0.0359375
0 0.6786666666666666 0.50390625 0.034666666666666665 0.034375
0 0.15266666666666667 0.55546875 0.034666666666666665 0.0390625
0 0.7213333333333334 0.68671875 0.034666666666666665 0.0328125
0 0.5186666666666667 0.46328125 0.034666666666666665 0.0328125
0 0.204 0.5953125 0.03333333333333333 0.0390625
0 0.49266666666666664 0.81875 0.034666666666666665 0.0375
0 0.7453333333333333 0.328125 0.03333333333333333 0.034375
0 0.778 0.6515625 0.036 0.0359375
0 0.7853333333333333 0.5453125 0.037333333333333336 0.0359375
0 0.49933333333333335 0.74765625 0.034666666666666665 0.0359375
0 0.2713333333333333 0.45703125 0.036 0.0328125
0 0.3606666666666667 0.775 0.037333333333333336 0.0375
0 0.38266666666666665 0.4609375 0.034666666666666665 0.034375
0 0.7306666666666667 0.54296875 0.034666666666666665 0.0328125
0 0.564 0.571875 0.036 0.0328125
0 0.2813333333333333 0.309375 0.037333333333333336 0.0375
0 0.8593333333333333 0.2625 0.036 0.0375
0 0.5026666666666667 0.6765625 0.036 0.034375
0 0.728 0.57890625 0.034666666666666665 0.0390625
0 0.798 0.36875 0.037333333333333336 0.0359375
0 0.22533333333333333 0.30625 0.032 0.0359375
0 0.7666666666666667 0.79375 0.037333333333333336 0.0359375
0 0.312 0.671875 0.03333333333333333 0.0296875
0 0.5413333333333333 0.890625 0.037333333333333336 0.0328125
0 0.266 0.52265625 0.03333333333333333 0.0328125
0 0.26266666666666666 0.5625 0.037333333333333336 0.03125
0 0.5466666666666666 0.82109375 0.03866666666666667 0.034375
0 0.308 0.74375 0.036 0.0328125
0 0.18666666666666668 0.87890625 0.034666666666666665 0.034375
0 0.18866666666666668 0.8421875 0.036 0.0359375
0 0.7726666666666666 0.7234375 0.036 0.0328125
0 0.602 0.8234375 0.037333333333333336 0.034375
0 0.088 0.66171875 0.037333333333333336 0.034375
0 0.15066666666666667 0.59296875 0.03333333333333333 0.0328125
0 0.35533333333333333 0.84921875 0.036 0.0359375
0 0.144 0.69921875 0.036 0.0328125
0 0.08266666666666667 0.76953125 0.037333333333333336 0.034375
0 0.456 0.778125 0.025333333333333333 0.021875
0 0.49 0.2734375 0.030666666666666665 0.03125
0 0.4886666666666667 0.3046875 0.02666666666666667 0.025
0 0.558 0.67890625 0.037333333333333336 0.034375
0 0.19066666666666668 0.80625 0.034666666666666665 0.0328125
0 0.4166666666666667 0.7078125 0.034666666666666665 0.0328125
0 0.25866666666666666 0.63515625 0.03333333333333333 0.0328125
0 0.07466666666666667 0.87890625 0.036 0.034375
0 0.13866666666666666 0.76796875 0.034666666666666665 0.0359375
0 0.7613333333333333 0.8671875 0.036 0.0359375
0 0.7946666666666666 0.40625 0.036 0.0390625
0 0.862 0.2265625 0.037333333333333336 0.034375
0 0.24466666666666667 0.8453125 0.036 0.0359375
0 0.4246666666666667 0.60390625 0.036 0.034375
0 0.6553333333333333 0.825 0.037333333333333336 0.0359375
0 0.41133333333333333 0.8171875 0.034666666666666665 0.0359375
0 0.6573333333333333 0.78984375 0.037333333333333336 0.034375
0 0.214 0.45234375 0.03333333333333333 0.034375
0 0.43 0.53203125 0.034666666666666665 0.03125
0 0.31933333333333336 0.5640625 0.036 0.0359375
0 0.09933333333333333 0.51484375 0.037333333333333336 0.0375
0 0.248 0.81171875 0.034666666666666665 0.0328125
0 0.42 0.6734375 0.036 0.0328125
0 0.35733333333333334 0.81328125 0.034666666666666665 0.0359375
0 0.19333333333333333 0.77109375 0.034666666666666665 0.034375
0 0.552 0.753125 0.03866666666666667 0.0359375
0 0.42333333333333334 0.6390625 0.034666666666666665 0.0359375
0 0.598 0.859375 0.037333333333333336 0.034375
0 0.47533333333333333 0.459375 0.030666666666666665 0.034375
0 0.5446666666666666 0.8546875 0.036 0.0359375
0 0.606 0.75234375 0.036 0.0359375
0 0.7353333333333333 0.4703125 0.034666666666666665 0.03125
0 0.614 0.6453125 0.036 0.034375
0 0.6606666666666666 0.7546875 0.037333333333333336 0.0359375
0 0.5046666666666667 0.64140625 0.036 0.0328125
0 0.202 0.6328125 0.034666666666666665 0.0328125
0 0.09333333333333334 0.5921875 0.03866666666666667 0.0359375
0 0.7793333333333333 0.61640625 0.032 0.034375
0 0.5106666666666667 0.5703125 0.034666666666666665 0.034375
0 0.10933333333333334 0.3734375 0.037333333333333336 0.0359375
0 0.136 0.8046875 0.034666666666666665 0.034375
0 0.394 0.31484375 0.036 0.0390625
0 0.19933333333333333 0.6671875 0.034666666666666665 0.0359375
0 0.196 0.7375 0.036 0.0328125
0 0.20733333333333334 0.55859375 0.03333333333333333 0.03125
0 0.852 0.36875 0.036 0.03125
0 0.114 0.30078125 0.037333333333333336 0.0375
0 0.6086666666666667 0.71640625 0.037333333333333336 0.0359375
0 0.322 0.5265625 0.034666666666666665 0.0359375
0 0.724 0.6515625 0.034666666666666665 0.034375
0 0.36866666666666664 0.6734375 0.034666666666666665 0.0359375
0 0.5546666666666666 0.71484375 0.036 0.0375
0 0.7826666666666666 0.58046875 0.037333333333333336 0.034375
0 0.252 0.7359375 0.036 0.0375
0 0.604 0.78828125 0.036 0.0328125
0 0.414 0.78125 0.034666666666666665 0.0328125
0 0.20933333333333334 0.52421875 0.036 0.0375
0 0.09666666666666666 0.55546875 0.034666666666666665 0.0375
0 0.8506666666666667 0.4046875 0.036 0.0375
0 0.364 0.73828125 0.03866666666666667 0.0359375
0 0.37066666666666664 0.63828125 0.03333333333333333 0.034375
0 0.15733333333333333 0.4859375 0.036 0.03125
0 0.37533333333333335 0.56328125 0.036 0.0375
0 0.25666666666666665 0.67109375 0.037333333333333336 0.0359375
0 0.31666666666666665 0.6015625 0.036 0.0359375
0 0.30933333333333335 0.70625 0.034666666666666665 0.0359375
0 0.7386666666666667 0.4375 0.03333333333333333 0.03125
0 0.22266666666666668 0.3453125 0.034666666666666665 0.0328125
0 0.5213333333333333 0.4265625 0.03866666666666667 0.0375
0 0.672 0.57734375 0.034666666666666665 0.034375
0 0.516 0.50078125 0.037333333333333336 0.0359375
0 0.386 0.425 0.036 0.0375
0 0.332 0.38671875 0.036 0.034375
0 0.39066666666666666 0.35234375 0.034666666666666665 0.0359375
0 0.32666666666666666 0.45625 0.034666666666666665 0.0359375
0 0.38066666666666665 0.496875 0.036 0.034375
0 0.334 0.35 0.036 0.0359375
0 0.43466666666666665 0.46171875 0.034666666666666665 0.034375
0 0.582 0.321875 0.034666666666666665 0.034375
0 0.5666666666666667 0.53671875 0.037333333333333336 0.0375
0 0.6246666666666667 0.503125 0.036 0.034375
0 0.7426666666666667 0.365625 0.03333333333333333 0.0375
0 0.26866666666666666 0.48984375 0.032 0.0328125
0 0.6826666666666666 0.4328125 0.036 0.0359375
0 0.6886666666666666 0.3625 0.034666666666666665 0.0359375
0 0.58 0.35703125 0.032 0.0328125
0 0.22133333333333333 0.38125 0.037333333333333336 0.0359375
0 0.27666666666666667 0.38359375 0.036 0.0359375
0 0.6633333333333333 0.71875 0.037333333333333336 0.0359375
0 0.524 0.39140625 0.036 0.0328125
0 0.6313333333333333 0.396875 0.036 0.034375
0 0.324 0.4921875 0.034666666666666665 0.0328125
0 0.8 0.33046875 0.04 0.040625
0 0.8553333333333333 0.33203125 0.037333333333333336 0.0390625
0 0.44 0.390625 0.03333333333333333 0.0359375
0 0.2733333333333333 0.4203125 0.037333333333333336 0.0375
0 0.21266666666666667 0.48828125 0.034666666666666665 0.034375
0 0.43733333333333335 0.42578125 0.036 0.034375
0 0.572 0.4640625 0.037333333333333336 0.0359375
0 0.5773333333333334 0.39453125 0.034666666666666665 0.0359375
0 0.528 0.3203125 0.04 0.040625