0 0.9066666666666666 0.71499176276771 0.023333333333333334 0.03130148270181219
0 0.5088888888888888 0.4011532125205931 0.04777777777777778 0.042833607907743
0 0.5077777777777778 0.3039538714991763 0.04555555555555556 0.03789126853377265
0 0.5077777777777778 0.36902800658978585 0.044444444444444446 0.029654036243822075
0 0.5072222222222222 0.23393739703459637 0.04777777777777778 0.03459637561779242
0 0.5722222222222222 0.9003294892915981 0.024444444444444446 0.03459637561779242
0 0.52 0.771004942339374 0.021111111111111112 0.03459637561779242
0 0.3011111111111111 0.7125205930807249 0.034444444444444444 0.047775947281713346
0 0.8822222222222222 0.8393739703459637 0.023333333333333334 0.03789126853377265
0 0.105 0.7421746293245469 0.022222222222222223 0.03789126853377265
0 0.10444444444444445 0.7825370675453048 0.024444444444444446 0.039538714991762765
0 0.1461111111111111 0.3657331136738056 0.035555555555555556 0.04612850082372323
0 0.5727777777777778 0.942339373970346 0.023333333333333334 0.029654036243822075
0 0.31444444444444447 0.8805601317957167 0.024444444444444446 0.03789126853377265
0 0.5061111111111111 0.2677100494233937 0.04555555555555556 0.044481054365733116
0 0.9061111111111111 0.757001647446458 0.024444444444444446 0.03789126853377265
0 0.5072222222222222 0.16639209225700163 0.04888888888888889 0.04118616144975288
0 0.9333333333333333 0.7586490939044481 0.023333333333333334 0.03459637561779242
0 0.5066666666666667 0.20098846787479407 0.04555555555555556 0.042833607907743
0 0.5083333333333333 0.3344316309719934 0.044444444444444446 0.042833607907743
0 0.6222222222222222 0.6565074135090609 0.024444444444444446 0.03789126853377265
0 0.9072222222222223 0.799835255354201 0.022222222222222223 0.03459637561779242
0 0.9333333333333333 0.7174629324546952 0.023333333333333334 0.03459637561779242
0 0.9061111111111111 0.6762767710049423 0.023333333333333334 0.036243822075782535
0 0.88 0.4670510708401977 0.021111111111111112 0.03459637561779242
0 0.9316666666666666 0.6754530477759473 0.021111111111111112 0.032948929159802305
0 0.5716666666666667 0.8163097199341022 0.022222222222222223 0.03789126853377265
0 0.9333333333333333 0.800658978583196 0.023333333333333334 0.036243822075782535
0 0.9333333333333333 0.841845140032949 0.025555555555555557 0.039538714991762765
0 0.5466666666666666 0.7726523887973641 0.021111111111111112 0.036243822075782535
0 0.8822222222222222 0.800658978583196 0.023333333333333334 0.032948929159802305
0 0.5466666666666666 0.9390444810543658 0.022222222222222223 0.036243822075782535
0 0.8555555555555555 0.7981878088962109 0.021111111111111112 0.036243822075782535
0 0.9061111111111111 0.46787479406919275 0.02 0.03459637561779242
0 0.9316666666666666 0.6350906095551895 0.023333333333333334 0.03459637561779242
0 0.8794444444444445 0.5906095551894563 0.024444444444444446 0.03789126853377265
0 0.9311111111111111 0.47034596375617793 0.023333333333333334 0.03459637561779242
0 0.9316666666666666 0.5914332784184514 0.024444444444444446 0.032948929159802305
0 0.9066666666666666 0.6334431630971994 0.022222222222222223 0.036243822075782535
0 0.5066666666666667 0.556013179571664 0.03111111111111111 0.03789126853377265
0 0.5466666666666666 0.899505766062603 0.022222222222222223 0.032948929159802305
0 0.5722222222222222 0.7759472817133443 0.021111111111111112 0.036243822075782535
0 0.5461111111111111 0.814662273476112 0.024444444444444446 0.03459637561779242
0 0.19722222222222222 0.24382207578253706 0.035555555555555556 0.036243822075782535
0 0.88 0.5065897858319605 0.023333333333333334 0.03789126853377265
0 0.57 0.4415156507413509 0.023333333333333334 0.03459637561779242
0 0.9066666666666666 0.5090609555189456 0.021111111111111112 0.03789126853377265
0 0.57 0.5658978583196046 0.024444444444444446 0.04118616144975288
0 0.6744444444444444 0.4514003294892916 0.021111111111111112 0.032948929159802305
0 0.4688888888888889 0.3056013179571664 0.021111111111111112 0.039538714991762765
0 0.9305555555555556 0.5098846787479407 0.022222222222222223 0.03459637561779242
0 0.9322222222222222 0.5510708401976936 0.023333333333333334 0.03789126853377265
0 0.9066666666666666 0.5494233937397035 0.021111111111111112 0.032948929159802305
0 0.4438888888888889 0.30477759472817134 0.022222222222222223 0.03789126853377265
0 0.6222222222222222 0.4472817133443163 0.021111111111111112 0.03459637561779242
0 0.5572222222222222 0.7347611202635914 0.03777777777777778 0.044481054365733116
0 0.31333333333333335 0.7940691927512356 0.022222222222222223 0.036243822075782535
0 0.4038888888888889 0.34596375617792424 0.035555555555555556 0.039538714991762765
0 0.28833333333333333 0.7948929159802306 0.024444444444444446 0.03789126853377265
0 0.3138888888888889 0.8393739703459637 0.023333333333333334 0.03789126853377265
0 0.9072222222222223 0.5906095551894563 0.022222222222222223 0.036243822075782535
0 0.6738888888888889 0.49093904448105435 0.022222222222222223 0.036243822075782535
0 0.145 0.3228995057660626 0.035555555555555556 0.042833607907743
0 0.2877777777777778 0.8360790774299836 0.022222222222222223 0.036243822075782535
0 0.3527777777777778 0.6771004942339374 0.035555555555555556 0.04118616144975288
0 0.5727777777777778 0.8607907742998353 0.024444444444444446 0.03789126853377265
0 0.5466666666666666 0.8599670510708401 0.023333333333333334 0.036243822075782535
0 0.5966666666666667 0.6112026359143328 0.022222222222222223 0.03459637561779242
0 0.5972222222222222 0.48517298187808894 0.022222222222222223 0.032948929159802305
0 0.8805555555555555 0.5469522240527183 0.024444444444444446 0.036243822075782535
0 0.8555555555555555 0.5444810543657331 0.021111111111111112 0.036243822075782535
0 0.8555555555555555 0.46375617792421747 0.023333333333333334 0.036243822075782535
0 0.6494444444444445 0.4901153212520593 0.022222222222222223 0.03459637561779242
0 0.8672222222222222 0.7545304777594728 0.035555555555555556 0.047775947281713346
0 0.19777777777777777 0.2833607907742998 0.03666666666666667 0.042833607907743
0 0.5972222222222222 0.443163097199341 0.022222222222222223 0.03789126853377265
0 0.28833333333333333 0.7537067545304778 0.022222222222222223 0.03459637561779242
0 0.7122222222222222 0.6565074135090609 0.034444444444444444 0.047775947281713346
0 0.3138888888888889 0.757001647446458 0.022222222222222223 0.03459637561779242
0 0.09277777777777778 0.6556836902800659 0.03777777777777778 0.042833607907743
0 0.8666666666666667 0.6688632619439868 0.03333333333333333 0.047775947281713346
0 0.9183333333333333 0.42751235584843494 0.03777777777777778 0.044481054365733116
0 0.1461111111111111 0.2833607907742998 0.03333333333333333 0.04612850082372323
0 0.855 0.5041186161449753 0.022222222222222223 0.03789126853377265
0 0.6488888888888888 0.44810543657331137 0.023333333333333334 0.039538714991762765
0 0.9172222222222223 0.385502471169687 0.035555555555555556 0.04612850082372323
0 0.09277777777777778 0.2784184514003295 0.03777777777777778 0.051070840197693576
0 0.5983333333333334 0.57166392092257 0.023333333333333334 0.03459637561779242
0 0.09222222222222222 0.6968698517298187 0.04 0.04942339373970346
0 0.19666666666666666 0.19769357495881384 0.03666666666666667 0.05930807248764415
0 0.09277777777777778 0.3212520593080725 0.035555555555555556 0.044481054365733116
0 0.09277777777777778 0.6112026359143328 0.04 0.05271828665568369
0 0.6622222222222223 0.700164744645799 0.034444444444444444 0.042833607907743
0 0.7638888888888888 0.414332784184514 0.035555555555555556 0.044481054365733116
0 0.4038888888888889 0.3871499176276771 0.03666666666666667 0.04942339373970346
0 0.8133333333333334 0.2932454695222405 0.03333333333333333 0.044481054365733116
0 0.8666666666666667 0.7125205930807249 0.034444444444444444 0.04612850082372323
0 0.3011111111111111 0.6729818780889621 0.034444444444444444 0.04118616144975288
0 0.7122222222222222 0.7462932454695222 0.035555555555555556 0.04942339373970346
0 0.5711111111111111 0.48517298187808894 0.023333333333333334 0.039538714991762765
0 0.6216666666666667 0.5313014827018122 0.022222222222222223 0.03459637561779242
0 0.6227777777777778 0.6144975288303131 0.023333333333333334 0.039538714991762765
0 0.4038888888888889 0.6367380560131796 0.03333333333333333 0.047775947281713346
0 0.4027777777777778 0.7240527182866557 0.03333333333333333 0.047775947281713346
0 0.8138888888888889 0.2471169686985173 0.03666666666666667 0.054365733113673806
0 0.3522222222222222 0.7166392092257001 0.03666666666666667 0.047775947281713346
0 0.455 0.6836902800658978 0.03111111111111111 0.04118616144975288
0 0.6611111111111111 0.3649093904448105 0.03222222222222222 0.044481054365733116
0 0.5977777777777777 0.5271828665568369 0.023333333333333334 0.03789126853377265
0 0.3 0.6268533772652389 0.03666666666666667 0.054365733113673806
0 0.6616666666666666 0.7413509060955519 0.03666666666666667 0.04942339373970346
0 0.8138888888888889 0.33607907742998355 0.03222222222222222 0.044481054365733116
0 0.5066666666666667 0.4728171334431631 0.042222222222222223 0.04612850082372323
0 0.7127777777777777 0.7009884678747941 0.03333333333333333 0.047775947281713346
0 0.9172222222222223 0.34102141680395387 0.03777777777777778 0.04942339373970346
0 0.4038888888888889 0.6795716639209226 0.03333333333333333 0.047775947281713346
0 0.7638888888888888 0.371499176276771 0.035555555555555556 0.047775947281713346
0 0.3 0.3805601317957166 0.034444444444444444 0.044481054365733116
0 0.6605555555555556 0.6565074135090609 0.03666666666666667 0.051070840197693576
0 0.3011111111111111 0.2932454695222405 0.034444444444444444 0.047775947281713346
0 0.24888888888888888 0.7100494233937397 0.03666666666666667 0.047775947281713346
0 0.5583333333333333 0.6482701812191104 0.035555555555555556 0.04942339373970346
0 0.09277777777777778 0.36326194398682043 0.03888888888888889 0.04942339373970346
0 0.8655555555555555 0.42504118616144976 0.034444444444444444 0.044481054365733116
0 0.24833333333333332 0.2883031301482702 0.03333333333333333 0.047775947281713346
0 0.6227777777777778 0.48846787479406917 0.022222222222222223 0.03459637561779242
0 0.7116666666666667 0.40939044481054365 0.03777777777777778 0.054365733113673806
0 0.19722222222222222 0.3270181219110379 0.03777777777777778 0.047775947281713346
0 0.8155555555555556 0.3772652388797364 0.03666666666666667 0.047775947281713346
0 0.5588888888888889 0.6943986820428336 0.034444444444444444 0.04612850082372323
0 0.7105555555555556 0.3270181219110379 0.03666666666666667 0.051070840197693576
0 0.8661111111111112 0.33772652388797364 0.034444444444444444 0.047775947281713346
0 0.45555555555555555 0.728171334431631 0.03777777777777778 0.04942339373970346
0 0.24888888888888888 0.6672158154859967 0.034444444444444444 0.044481054365733116
0 0.3527777777777778 0.38632619439868204 0.035555555555555556 0.04612850082372323
0 0.3522222222222222 0.6317957166392092 0.03666666666666667 0.05271828665568369
0 0.5066666666666667 0.5164744645799012 0.03777777777777778 0.04612850082372323
0 0.6611111111111111 0.32042833607907745 0.03666666666666667 0.051070840197693576
0 0.45555555555555555 0.6383855024711697 0.03666666666666667 0.051070840197693576
0 0.7633333333333333 0.3319604612850082 0.03111111111111111 0.042833607907743
0 0.14555555555555555 0.23887973640856672 0.035555555555555556 0.04942339373970346
0 0.61 0.4028006589785832 0.034444444444444444 0.04612850082372323
0 0.5588888888888889 0.35914332784184516 0.034444444444444444 0.04118616144975288
0 0.3522222222222222 0.29654036243822074 0.034444444444444444 0.047775947281713346
0 0.6611111111111111 0.40691927512355847 0.035555555555555556 0.04942339373970346
0 0.24888888888888888 0.6219110378912686 0.03888888888888889 0.05271828665568369
0 0.61 0.3171334431630972 0.034444444444444444 0.04612850082372323
0 0.3522222222222222 0.34102141680395387 0.034444444444444444 0.047775947281713346
0 0.8661111111111112 0.38138385502471167 0.035555555555555556 0.04612850082372323
0 0.3 0.3369028006589786 0.034444444444444444 0.04612850082372323
0 0.5594444444444444 0.400329489291598 0.035555555555555556 0.047775947281713346
0 0.5588888888888889 0.31466227347611203 0.03666666666666667 0.051070840197693576
0 0.24833333333333332 0.3319604612850082 0.03333333333333333 0.04612850082372323
0 0.6105555555555555 0.36079077429983525 0.035555555555555556 0.044481054365733116
0 0.4038888888888889 0.3014827018121911 0.03777777777777778 0.05271828665568369
0 0.2477777777777778 0.3747940691927512 0.03777777777777778 0.04942339373970346
0 0.7627777777777778 0.28747940691927515 0.03666666666666667 0.051070840197693576