0 0.07888888888888888 0.7807881773399015 0.025555555555555557 0.03940886699507389
0 0.0961111111111111 0.33004926108374383 0.04111111111111111 0.052545155993431854
0 0.5916666666666667 0.722495894909688 0.03777777777777778 0.047619047619047616
0 0.07666666666666666 0.4072249589490969 0.023333333333333334 0.041050903119868636
0 0.10166666666666667 0.41133004926108374 0.024444444444444446 0.041050903119868636
0 0.9205555555555556 0.46223316912972084 0.034444444444444444 0.04597701149425287
0 0.30833333333333335 0.28981937602627256 0.03888888888888889 0.04926108374384237
0 0.4083333333333333 0.3555008210180624 0.03888888888888889 0.04597701149425287
0 0.6388888888888888 0.7733990147783252 0.04 0.054187192118226604
0 0.7977777777777778 0.5582922824302134 0.022222222222222223 0.0361247947454844
0 0.39444444444444443 0.764367816091954 0.023333333333333334 0.03940886699507389
0 0.08 0.7397372742200329 0.025555555555555557 0.03940886699507389
0 0.5455555555555556 0.6699507389162561 0.03666666666666667 0.05747126436781609
0 0.31277777777777777 0.20525451559934318 0.03777777777777778 0.06239737274220033
0 0.056666666666666664 0.6945812807881774 0.024444444444444446 0.03776683087027915
0 0.52 0.22742200328407225 0.044444444444444446 0.047619047619047616
0 0.18222222222222223 0.7619047619047619 0.03 0.03940886699507389
0 0.3883333333333333 0.47372742200328405 0.025555555555555557 0.03940886699507389
0 0.6688888888888889 0.5311986863711001 0.024444444444444446 0.0361247947454844
0 0.41388888888888886 0.47865353037766833 0.025555555555555557 0.042692939244663386
0 0.6272222222222222 0.812807881773399 0.025555555555555557 0.03940886699507389
0 0.8222222222222222 0.5648604269293924 0.024444444444444446 0.03940886699507389
0 0.10166666666666667 0.24958949096880131 0.04 0.054187192118226604
0 0.18444444444444444 0.7233169129720853 0.027777777777777776 0.042692939244663386
0 0.825 0.5262725779967159 0.022222222222222223 0.0361247947454844
0 0.5138888888888888 0.3587848932676519 0.044444444444444446 0.047619047619047616
0 0.6644444444444444 0.6124794745484401 0.025555555555555557 0.0361247947454844
0 0.6655555555555556 0.5722495894909688 0.025555555555555557 0.041050903119868636
0 0.37 0.7569786535303776 0.024444444444444446 0.03776683087027915
0 0.3844444444444444 0.7208538587848933 0.035555555555555556 0.05090311986863711
0 0.24833333333333332 0.40229885057471265 0.03666666666666667 0.04433497536945813
0 0.05611111111111111 0.7339901477832512 0.025555555555555557 0.041050903119868636
0 0.6466666666666666 0.48357963875205257 0.023333333333333334 0.03940886699507389
0 0.5411111111111111 0.7134646962233169 0.03666666666666667 0.047619047619047616
0 0.07611111111111112 0.819376026272578 0.023333333333333334 0.041050903119868636
0 0.049444444444444444 0.8160919540229885 0.027777777777777776 0.041050903119868636
0 0.365 0.8415435139573071 0.023333333333333334 0.03940886699507389
0 0.07833333333333334 0.36617405582922824 0.024444444444444446 0.03940886699507389
0 0.7711111111111111 0.3464696223316913 0.03666666666666667 0.03940886699507389
0 0.052222222222222225 0.7725779967159278 0.025555555555555557 0.03940886699507389
0 0.6705555555555556 0.4909688013136289 0.024444444444444446 0.041050903119868636
0 0.08333333333333333 0.6995073891625616 0.024444444444444446 0.041050903119868636
0 0.39222222222222225 0.4318555008210181 0.027777777777777776 0.041050903119868636
0 0.5222222222222223 0.19293924466338258 0.04888888888888889 0.042692939244663386
0 0.4172222222222222 0.4376026272577997 0.024444444444444446 0.03776683087027915
0 0.8683333333333333 0.44991789819376027 0.03666666666666667 0.042692939244663386
0 0.7138888888888889 0.4178981937602627 0.03666666666666667 0.03776683087027915
0 0.6194444444444445 0.9318555008210181 0.025555555555555557 0.03940886699507389
0 0.9244444444444444 0.38013136288998356 0.03888888888888889 0.041050903119868636
0 0.49833333333333335 0.5738916256157636 0.03222222222222222 0.04597701149425287
0 0.6233333333333333 0.8522167487684729 0.023333333333333334 0.041050903119868636
0 0.71 0.5 0.03777777777777778 0.042692939244663386
0 0.39222222222222225 0.8037766830870279 0.023333333333333334 0.0361247947454844
0 0.6216666666666667 0.8932676518883416 0.025555555555555557 0.03776683087027915
0 0.5161111111111111 0.2914614121510673 0.044444444444444446 0.047619047619047616
0 0.6422222222222222 0.9819376026272578 0.024444444444444446 0.0361247947454844
0 0.36777777777777776 0.8004926108374384 0.025555555555555557 0.042692939244663386
0 0.2544444444444444 0.32019704433497537 0.035555555555555556 0.03940886699507389
0 0.5383333333333333 0.7553366174055829 0.04 0.054187192118226604
0 0.5122222222222222 0.3916256157635468 0.044444444444444446 0.041050903119868636
0 0.04833333333333333 0.8587848932676518 0.02666666666666667 0.041050903119868636
0 0.6466666666666666 0.8973727422003284 0.024444444444444446 0.042692939244663386
0 0.07277777777777777 0.8645320197044335 0.024444444444444446 0.03940886699507389
0 0.51 0.41954022988505746 0.04666666666666667 0.04433497536945813
0 0.49777777777777776 0.7766830870279147 0.023333333333333334 0.031198686371100164
0 0.8638888888888889 0.5320197044334976 0.03888888888888889 0.0361247947454844
0 0.3055555555555556 0.33169129720853857 0.03888888888888889 0.04433497536945813
0 0.6488888888888888 0.8571428571428571 0.025555555555555557 0.03940886699507389
0 0.09888888888888889 0.2881773399014778 0.03666666666666667 0.04433497536945813
0 0.20222222222222222 0.3103448275862069 0.035555555555555556 0.04597701149425287
0 0.645 0.9376026272577996 0.025555555555555557 0.041050903119868636
0 0.6505555555555556 0.8160919540229885 0.023333333333333334 0.03940886699507389
0 0.5177777777777778 0.26108374384236455 0.04555555555555556 0.0361247947454844
0 0.3861111111111111 0.8858784893267652 0.02666666666666667 0.041050903119868636
0 0.515 0.32676518883415434 0.042222222222222223 0.03940886699507389
0 0.31 0.24958949096880131 0.035555555555555556 0.041050903119868636
0 0.17777777777777778 0.8423645320197044 0.027777777777777776 0.04433497536945813
0 0.10444444444444445 0.37438423645320196 0.025555555555555557 0.03776683087027915
0 0.6155555555555555 0.9753694581280788 0.024444444444444446 0.042692939244663386
0 0.4961111111111111 0.7947454844006568 0.03111111111111111 0.014778325123152709
0 0.5644444444444444 0.34318555008210183 0.03777777777777778 0.054187192118226604
0 0.5016666666666667 0.5344827586206896 0.04 0.05090311986863711
0 0.6661111111111111 0.36617405582922824 0.03666666666666667 0.05747126436781609
0 0.8733333333333333 0.36535303776683087 0.03777777777777778 0.05582922824302135
0 0.6161111111111112 0.3555008210180624 0.03777777777777778 0.05582922824302135
0 0.7183333333333334 0.33251231527093594 0.03777777777777778 0.05747126436781609
0 0.33555555555555555 0.6683087027914614 0.03888888888888889 0.052545155993431854
0 0.5594444444444444 0.4277504105090312 0.03888888888888889 0.052545155993431854
0 0.7733333333333333 0.3021346469622332 0.04 0.06239737274220033
0 0.8194444444444444 0.3981937602627258 0.04 0.059113300492610835
0 0.35333333333333333 0.38341543513957305 0.03666666666666667 0.052545155993431854
0 0.18055555555555555 0.6362889983579638 0.03777777777777778 0.04926108374384237
0 0.5038888888888889 0.4909688013136289 0.043333333333333335 0.052545155993431854
0 0.9277777777777778 0.33497536945812806 0.03888888888888889 0.060755336617405585
0 0.43555555555555553 0.7331691297208539 0.03888888888888889 0.052545155993431854
0 0.43944444444444447 0.6912972085385879 0.03666666666666667 0.05090311986863711
0 0.8138888888888889 0.4794745484400657 0.03666666666666667 0.05747126436781609
0 0.15388888888888888 0.2602627257799672 0.03888888888888889 0.052545155993431854
0 0.7627777777777778 0.4696223316912972 0.03888888888888889 0.052545155993431854
0 0.4627777777777778 0.32348111658456485 0.03888888888888889 0.052545155993431854
0 0.4111111111111111 0.31198686371100165 0.03888888888888889 0.05747126436781609
0 0.8711111111111111 0.41050903119868637 0.03666666666666667 0.05090311986863711
0 0.7683333333333333 0.38834154351395733 0.03666666666666667 0.05582922824302135
0 0.20055555555555554 0.3522167487684729 0.04 0.054187192118226604
0 0.14777777777777779 0.3399014778325123 0.03777777777777778 0.05090311986863711
0 0.1511111111111111 0.2996715927750411 0.04 0.04926108374384237
0 0.6088888888888889 0.4376026272577997 0.03888888888888889 0.05090311986863711
0 0.3327777777777778 0.7134646962233169 0.03888888888888889 0.054187192118226604
0 0.9172222222222223 0.5008210180623974 0.03777777777777778 0.05090311986863711
0 0.38666666666666666 0.6798029556650246 0.035555555555555556 0.05090311986863711
0 0.46055555555555555 0.3669950738916256 0.03666666666666667 0.047619047619047616
0 0.3388888888888889 0.625615763546798 0.035555555555555556 0.054187192118226604
0 0.18388888888888888 0.5927750410509032 0.03666666666666667 0.05582922824302135
0 0.6127777777777778 0.3981937602627258 0.03777777777777778 0.047619047619047616
0 0.5622222222222222 0.38752052545155996 0.03666666666666667 0.047619047619047616
0 0.45666666666666667 0.4064039408866995 0.03777777777777778 0.052545155993431854
0 0.5966666666666667 0.6789819376026273 0.03666666666666667 0.05582922824302135
0 0.765 0.42857142857142855 0.03777777777777778 0.04597701149425287
0 0.7166666666666667 0.3784893267651888 0.035555555555555556 0.05090311986863711
0 0.25833333333333336 0.23809523809523808 0.03666666666666667 0.05582922824302135
0 0.44222222222222224 0.645320197044335 0.03777777777777778 0.054187192118226604
0 0.07777777777777778 0.5689655172413793 0.03777777777777778 0.05582922824302135
0 0.59 0.764367816091954 0.04 0.05582922824302135
0 0.17666666666666667 0.6789819376026273 0.03888888888888889 0.052545155993431854
0 0.66 0.44745484400656815 0.03888888888888889 0.05090311986863711
0 0.3605555555555556 0.3013136288998358 0.03777777777777778 0.054187192118226604
0 0.30277777777777776 0.3727422003284072 0.04 0.054187192118226604
0 0.13166666666666665 0.5821018062397373 0.03666666666666667 0.05582922824302135
0 0.6633333333333333 0.4088669950738916 0.03666666666666667 0.047619047619047616
0 0.8666666666666667 0.49014778325123154 0.03777777777777778 0.054187192118226604
0 0.12777777777777777 0.6264367816091954 0.03666666666666667 0.05090311986863711
0 0.7116666666666667 0.45648604269293924 0.03777777777777778 0.054187192118226604
0 0.205 0.27011494252873564 0.03666666666666667 0.052545155993431854
0 0.07555555555555556 0.6133004926108374 0.04 0.05090311986863711
0 0.9227777777777778 0.4187192118226601 0.03777777777777778 0.052545155993431854
0 0.3894444444444444 0.6354679802955665 0.034444444444444444 0.054187192118226604
0 0.07222222222222222 0.6576354679802956 0.04 0.054187192118226604
0 0.2561111111111111 0.2832512315270936 0.035555555555555556 0.05090311986863711
0 0.6444444444444445 0.5246305418719212 0.023333333333333334 0.042692939244663386
0 0.35777777777777775 0.3440065681444992 0.03666666666666667 0.047619047619047616
0 0.6433333333333333 0.7331691297208539 0.03666666666666667 0.047619047619047616
0 0.6455555555555555 0.6888341543513957 0.03666666666666667 0.05747126436781609
0 0.8005555555555556 0.5188834154351396 0.023333333333333334 0.0361247947454844
0 0.2511111111111111 0.3587848932676519 0.03666666666666667 0.052545155993431854
0 0.6411111111111111 0.5665024630541872 0.021111111111111112 0.03284072249589491
0 0.40555555555555556 0.39326765188834156 0.03888888888888889 0.047619047619047616
0 0.3894444444444444 0.8440065681444991 0.025555555555555557 0.041050903119868636
0 0.09777777777777778 0.4523809523809524 0.028888888888888888 0.042692939244663386
0 0.12444444444444444 0.6674876847290641 0.04 0.052545155993431854