0 0.795625 0.3583860759493671 0.025 0.03164556962025317
0 0.8275 0.757120253164557 0.04375 0.03955696202531646
0 0.485625 0.5545886075949367 0.025 0.02689873417721519
0 0.768125 0.4501582278481013 0.03625 0.03639240506329114
0 0.69875 0.8631329113924051 0.04125 0.04430379746835443
0 0.76 0.7420886075949367 0.02625 0.03322784810126582
0 0.689375 0.504746835443038 0.0275 0.03322784810126582
0 0.76875 0.3552215189873418 0.02625 0.03164556962025317
0 0.705 0.8322784810126582 0.04125 0.04430379746835443
0 0.76625 0.7112341772151899 0.0275 0.03322784810126582
0 0.285 0.370253164556962 0.0375 0.04272151898734177
0 0.844375 0.39794303797468356 0.02625 0.03481012658227848
0 0.288125 0.3449367088607595 0.04 0.04746835443037975
0 0.4875 0.4810126582278481 0.0325 0.03164556962025317
0 0.71 0.7974683544303798 0.04 0.04113924050632911
0 0.694375 0.8947784810126582 0.0425 0.04272151898734177
0 0.824375 0.5268987341772152 0.0275 0.03639240506329114
0 0.715 0.509493670886076 0.025 0.03481012658227848
0 0.278125 0.40427215189873417 0.03875 0.04430379746835443
0 0.7275 0.7033227848101266 0.04 0.04430379746835443
0 0.5125 0.310126582278481 0.035 0.03955696202531646
0 0.82875 0.49287974683544306 0.02375 0.030063291139240507
0 0.758125 0.8401898734177216 0.04 0.04272151898734177
0 0.771875 0.6772151898734177 0.0275 0.03322784810126582
0 0.7625 0.48417721518987344 0.0425 0.04746835443037975
0 0.256875 0.5308544303797469 0.03875 0.03639240506329114
0 0.71625 0.7666139240506329 0.04 0.03955696202531646
0 0.763125 0.807753164556962 0.03625 0.03955696202531646
0 0.50375 0.375 0.03625 0.04588607594936709
0 0.706875 0.4754746835443038 0.04125 0.04113924050632911
0 0.05375 0.7539556962025317 0.03875 0.03955696202531646
0 0.51 0.3401898734177215 0.03625 0.03639240506329114
0 0.338125 0.37895569620253167 0.04 0.03955696202531646
0 0.751875 0.872626582278481 0.04125 0.04588607594936709
0 0.601875 0.7808544303797469 0.04 0.03955696202531646
0 0.76875 0.7745253164556962 0.035 0.04272151898734177
0 0.745 0.6740506329113924 0.0275 0.03481012658227848
0 0.13125 0.27848101265822783 0.04 0.04430379746835443
0 0.0825 0.564873417721519 0.0375 0.04272151898734177
0 0.058125 0.7215189873417721 0.0375 0.03955696202531646
0 0.1275 0.6352848101265823 0.035 0.0379746835443038
0 0.598125 0.4572784810126582 0.03875 0.04113924050632911
0 0.813125 0.5909810126582279 0.025 0.03322784810126582
0 0.8125 0.4264240506329114 0.025 0.03322784810126582
0 0.839375 0.692246835443038 0.04125 0.04272151898734177
0 0.808125 0.6210443037974683 0.02625 0.03322784810126582
0 0.77625 0.6479430379746836 0.0275 0.03322784810126582
0 0.5425 0.8045886075949367 0.04 0.03955696202531646
0 0.27375 0.435126582278481 0.0375 0.03955696202531646
0 0.87375 0.4723101265822785 0.03625 0.0379746835443038
0 0.7225 0.6384493670886076 0.02625 0.03481012658227848
0 0.83375 0.46281645569620256 0.02625 0.03481012658227848
0 0.113125 0.37658227848101267 0.04125 0.04113924050632911
0 0.844375 0.6606012658227848 0.04125 0.04272151898734177
0 0.721875 0.7357594936708861 0.04 0.04430379746835443
0 0.83375 0.7246835443037974 0.0425 0.04588607594936709
0 0.068125 0.6574367088607594 0.03875 0.03955696202531646
0 0.5375 0.8346518987341772 0.04125 0.04113924050632911
0 0.854375 0.5988924050632911 0.03375 0.03955696202531646
0 0.75 0.6431962025316456 0.0275 0.03322784810126582
0 0.755 0.6115506329113924 0.0275 0.03164556962025317
0 0.589375 0.8465189873417721 0.04 0.03955696202531646
0 0.164375 0.4161392405063291 0.03625 0.0379746835443038
0 0.0625 0.6906645569620253 0.03875 0.03955696202531646
0 0.393125 0.7143987341772152 0.03875 0.03955696202531646
0 0.610625 0.7183544303797469 0.04 0.04430379746835443
0 0.5475 0.7729430379746836 0.04 0.04272151898734177
0 0.1925 0.5822784810126582 0.04 0.04272151898734177
0 0.323125 0.803006329113924 0.04 0.04113924050632911
0 0.269375 0.7935126582278481 0.04 0.04272151898734177
0 0.60375 0.4272151898734177 0.04 0.04272151898734177
0 0.373125 0.8425632911392406 0.0375 0.04113924050632911
0 0.264375 0.8251582278481012 0.0425 0.04272151898734177
0 0.179375 0.32199367088607594 0.0375 0.04113924050632911
0 0.6275 0.622626582278481 0.04 0.04113924050632911
0 0.4575 0.3322784810126582 0.04 0.04430379746835443
0 0.879375 0.439873417721519 0.04 0.04430379746835443
0 0.154375 0.4786392405063291 0.0375 0.03955696202531646
0 0.22375 0.7191455696202531 0.03875 0.04113924050632911
0 0.20375 0.5205696202531646 0.04 0.04113924050632911
0 0.339375 0.7072784810126582 0.04 0.0379746835443038
0 0.561875 0.6795886075949367 0.0375 0.03955696202531646
0 0.17625 0.6795886075949367 0.04 0.04272151898734177
0 0.175 0.3512658227848101 0.03875 0.0379746835443038
0 0.39875 0.6835443037974683 0.0375 0.0379746835443038
0 0.34875 0.31566455696202533 0.04125 0.04588607594936709
0 0.3875 0.41930379746835444 0.0375 0.03955696202531646
0 0.409375 0.620253164556962 0.03875 0.03955696202531646
0 0.318125 0.8346518987341772 0.0425 0.04272151898734177
0 0.08875 0.5332278481012658 0.04 0.04113924050632911
0 0.279375 0.7302215189873418 0.0425 0.04746835443037975
0 0.864375 0.5348101265822784 0.03875 0.03955696202531646
0 0.6525 0.46439873417721517 0.0375 0.0379746835443038
0 0.556875 0.7096518987341772 0.04 0.04272151898734177
0 0.16875 0.3852848101265823 0.0375 0.04113924050632911
0 0.3 0.6012658227848101 0.04 0.04430379746835443
0 0.131875 0.6052215189873418 0.04 0.04113924050632911
0 0.490625 0.7950949367088608 0.0375 0.03955696202531646
0 0.6375 0.5609177215189873 0.035 0.03955696202531646
0 0.3175 0.507120253164557 0.03875 0.04113924050632911
0 0.235 0.6574367088607594 0.03875 0.03955696202531646
0 0.571875 0.6139240506329114 0.0375 0.0379746835443038
0 0.52 0.6068037974683544 0.03625 0.0379746835443038
0 0.37 0.5166139240506329 0.0375 0.03955696202531646
0 0.22875 0.3615506329113924 0.03875 0.03955696202531646
0 0.499375 0.7318037974683544 0.0375 0.03955696202531646
0 0.430625 0.4920886075949367 0.03875 0.04113924050632911
0 0.335 0.7373417721518988 0.04 0.04113924050632911
0 0.710625 0.5411392405063291 0.02875 0.03481012658227848
0 0.56625 0.6455696202531646 0.04 0.04272151898734177
0 0.544375 0.4485759493670886 0.0375 0.0379746835443038
0 0.099375 0.4699367088607595 0.04125 0.04272151898734177
0 0.859375 0.5664556962025317 0.04125 0.04272151898734177
0 0.5775 0.5846518987341772 0.03875 0.0379746835443038
0 0.65875 0.43433544303797467 0.03875 0.03955696202531646
0 0.711875 0.4454113924050633 0.03875 0.04113924050632911
0 0.664375 0.40348101265822783 0.04 0.04272151898734177
0 0.209375 0.8164556962025317 0.04375 0.04272151898734177
0 0.494375 0.7634493670886076 0.0375 0.03955696202531646
0 0.23375 0.3299050632911392 0.03875 0.03955696202531646
0 0.36 0.5775316455696202 0.03875 0.0379746835443038
0 0.3825 0.7784810126582279 0.04125 0.04430379746835443
0 0.718125 0.4137658227848101 0.03875 0.03955696202531646
0 0.31125 0.5395569620253164 0.04 0.04113924050632911
0 0.223125 0.3939873417721519 0.03875 0.04430379746835443
0 0.251875 0.5593354430379747 0.04 0.04272151898734177
0 0.365 0.5466772151898734 0.03875 0.03955696202531646
0 0.60875 0.39556962025316456 0.04 0.04113924050632911
0 0.40375 0.6526898734177216 0.04 0.04272151898734177
0 0.325625 0.4430379746835443 0.04 0.04272151898734177
0 0.3225 0.47468354430379744 0.03875 0.04113924050632911
0 0.66875 0.3694620253164557 0.03875 0.04272151898734177
0 0.20875 0.4889240506329114 0.03875 0.03955696202531646
0 0.355625 0.6091772151898734 0.0375 0.04272151898734177
0 0.29 0.6661392405063291 0.04 0.04272151898734177
0 0.246875 0.5933544303797469 0.03875 0.04113924050632911
0 0.143125 0.5419303797468354 0.03625 0.03955696202531646
0 0.214375 0.7840189873417721 0.04 0.04272151898734177
0 0.4025 0.32436708860759494 0.04125 0.04588607594936709
0 0.641875 0.5284810126582279 0.03625 0.0379746835443038
0 0.72875 0.34889240506329117 0.03875 0.04272151898734177
0 0.391875 0.3900316455696203 0.04125 0.04113924050632911
0 0.485 0.8267405063291139 0.0375 0.04113924050632911
0 0.344375 0.6764240506329114 0.0375 0.04113924050632911
0 0.295625 0.6337025316455697 0.04125 0.04113924050632911
0 0.26875 0.46677215189873417 0.04 0.04113924050632911
0 0.284375 0.6985759493670886 0.04125 0.04113924050632911
0 0.44 0.43037974683544306 0.03875 0.04113924050632911
0 0.514375 0.6384493670886076 0.0375 0.04272151898734177
0 0.186875 0.615506329113924 0.03875 0.04272151898734177
0 0.148125 0.5102848101265823 0.03875 0.04113924050632911
0 0.381875 0.4509493670886076 0.03625 0.04113924050632911
0 0.555625 0.3860759493670886 0.03875 0.0379746835443038
0 0.32875 0.7705696202531646 0.0425 0.04746835443037975
0 0.588125 0.5205696202531646 0.03875 0.03955696202531646
0 0.24125 0.6257911392405063 0.03875 0.04113924050632911
0 0.396875 0.3599683544303797 0.04 0.04272151898734177
0 0.51 0.6700949367088608 0.03875 0.04113924050632911
0 0.646875 0.49604430379746833 0.03625 0.04113924050632911
0 0.723125 0.3813291139240506 0.03875 0.03955696202531646
0 0.26375 0.49920886075949367 0.04 0.04430379746835443
0 0.53875 0.4802215189873418 0.03625 0.03955696202531646
0 0.5925 0.4889240506329114 0.04 0.04272151898734177
0 0.53 0.5427215189873418 0.0375 0.0379746835443038
0 0.55 0.4177215189873418 0.03875 0.04272151898734177
0 0.37625 0.48417721518987344 0.03875 0.04272151898734177
0 0.583125 0.5537974683544303 0.04 0.04272151898734177
0 0.213125 0.4572784810126582 0.0375 0.04272151898734177
0 0.61375 0.3599683544303797 0.0425 0.04746835443037975
0 0.53375 0.5134493670886076 0.03625 0.03955696202531646
0 0.420625 0.5585443037974683 0.0375 0.04113924050632911
0 0.425 0.5253164556962026 0.03875 0.04113924050632911
0 0.45125 0.3670886075949367 0.04 0.04272151898734177
0 0.445625 0.3995253164556962 0.0375 0.0379746835443038
0 0.56125 0.35205696202531644 0.0425 0.0490506329113924
0 0.525625 0.5751582278481012 0.03875 0.04272151898734177
0 0.181875 0.6479430379746836 0.03875 0.0379746835443038
0 0.343125 0.34889240506329117 0.04 0.04272151898734177
0 0.73375 0.5759493670886076 0.02625 0.03955696202531646
0 0.61625 0.6859177215189873 0.03875 0.0379746835443038
0 0.1225 0.6685126582278481 0.04 0.04430379746835443
0 0.595625 0.8125 0.04 0.04430379746835443
0 0.84875 0.6289556962025317 0.0375 0.03955696202531646
0 0.75625 0.5181962025316456 0.04 0.0379746835443038
0 0.15875 0.44699367088607594 0.0375 0.04113924050632911
0 0.3775 0.8109177215189873 0.03875 0.0379746835443038
0 0.116875 0.7009493670886076 0.04 0.04113924050632911
0 0.48375 0.5759493670886076 0.02375 0.02689873417721519
0 0.476875 0.6162974683544303 0.0225 0.02531645569620253
0 0.475 0.634493670886076 0.02125 0.022151898734177215
0 0.220625 0.7507911392405063 0.0375 0.04113924050632911
0 0.60625 0.7507911392405063 0.03875 0.03955696202531646
0 0.293125 0.307753164556962 0.0375 0.04272151898734177
0 0.11125 0.7318037974683544 0.04125 0.04113924050632911
0 0.498125 0.4098101265822785 0.03875 0.04430379746835443
0 0.21875 0.4240506329113924 0.03625 0.03639240506329114
0 0.12 0.34335443037974683 0.04125 0.04430379746835443
0 0.185 0.28718354430379744 0.0375 0.04113924050632911
0 0.89 0.37420886075949367 0.04 0.04430379746835443
0 0.239375 0.29667721518987344 0.03875 0.04113924050632911
0 0.0775 0.5957278481012658 0.0375 0.03955696202531646
0 0.198125 0.5514240506329114 0.03875 0.03955696202531646
0 0.83875 0.4311708860759494 0.02625 0.03322784810126582
0 0.774375 0.4224683544303797 0.035 0.04113924050632911
0 0.483125 0.5063291139240507 0.03625 0.03639240506329114
0 0.479375 0.5965189873417721 0.0225 0.028481012658227847
0 0.78 0.38686708860759494 0.04 0.03955696202531646
0 0.44125 0.7634493670886076 0.0375 0.03481012658227848
0 0.1025 0.7966772151898734 0.0425 0.04430379746835443
0 0.0725 0.6281645569620253 0.04 0.04113924050632911
0 0.7825 0.6162974683544303 0.02625 0.03481012658227848
0 0.104375 0.4375 0.0425 0.04272151898734177
0 0.819375 0.5593354430379747 0.02625 0.0379746835443038
0 0.274375 0.7618670886075949 0.04 0.03955696202531646
0 0.751875 0.5466772151898734 0.03875 0.03639240506329114
0 0.7275 0.6083860759493671 0.0275 0.03481012658227848
0 0.819375 0.3947784810126582 0.02625 0.03639240506329114
0 0.683125 0.5356012658227848 0.0275 0.03639240506329114
0 0.108125 0.40585443037974683 0.0425 0.04272151898734177
0 0.156875 0.8069620253164557 0.04125 0.04272151898734177
0 0.38875 0.7460443037974683 0.04 0.04113924050632911
0 0.049375 0.7871835443037974 0.04625 0.04746835443037975
0 0.505 0.7009493670886076 0.03625 0.0379746835443038
0 0.170625 0.7112341772151899 0.04 0.04113924050632911
0 0.138125 0.5743670886075949 0.03875 0.04272151898734177
0 0.531875 0.867879746835443 0.04125 0.04430379746835443
0 0.6325 0.5917721518987342 0.0375 0.0379746835443038
0 0.23 0.6882911392405063 0.03625 0.04113924050632911
0 0.801875 0.4897151898734177 0.0275 0.03481012658227848
0 0.125 0.31091772151898733 0.04125 0.04272151898734177
0 0.349375 0.6431962025316456 0.035 0.0379746835443038
0 0.161875 0.7745253164556962 0.04 0.04272151898734177
0 0.885 0.40822784810126583 0.03875 0.03955696202531646
0 0.305625 0.5704113924050633 0.03875 0.0379746835443038
0 0.16625 0.7420886075949367 0.03875 0.0379746835443038
0 0.331875 0.4098101265822785 0.04125 0.04430379746835443
0 0.553125 0.740506329113924 0.0375 0.03955696202531646
0 0.435 0.46281645569620256 0.03875 0.0379746835443038
0 0.869375 0.5015822784810127 0.0375 0.04113924050632911
0 0.7975 0.5213607594936709 0.025 0.03481012658227848
0 0.479375 0.8583860759493671 0.03625 0.0379746835443038
0 0.76125 0.5822784810126582 0.03 0.03955696202531646
0 0.415 0.5901898734177216 0.0375 0.0379746835443038
0 0.786875 0.5854430379746836 0.0275 0.03481012658227848
0 0.6225 0.6534810126582279 0.04 0.04430379746835443
0 0.585625 0.877373417721519 0.03625 0.03955696202531646
0 0.806875 0.46044303797468356 0.025 0.03164556962025317
0 0.791875 0.553006329113924 0.0275 0.03481012658227848
0 0.1075 0.7650316455696202 0.04125 0.04272151898734177
0 0.094375 0.5015822784810127 0.03875 0.04113924050632911