0 0.715 0.12026359143327842 0.04666666666666667 0.057660626029654036
0 0.8661111111111112 0.07990115321252059 0.044444444444444446 0.054365733113673806
0 0.2594444444444444 0.20840197693574958 0.044444444444444446 0.057660626029654036
0 0.43277777777777776 0.29654036243822074 0.03888888888888889 0.047775947281713346
0 0.8194444444444444 0.7487644151565074 0.04111111111111111 0.051070840197693576
0 0.8127777777777778 0.7051070840197694 0.043333333333333335 0.054365733113673806
0 0.6083333333333333 0.10790774299835255 0.043333333333333335 0.05930807248764415
0 0.175 0.3319604612850082 0.043333333333333335 0.054365733113673806
0 0.8755555555555555 0.770181219110379 0.04111111111111111 0.05271828665568369
0 0.4038888888888889 0.4382207578253707 0.04111111111111111 0.05271828665568369
0 0.7233333333333334 0.16639209225700163 0.042222222222222223 0.054365733113673806
0 0.6933333333333334 0.3056013179571664 0.043333333333333335 0.054365733113673806
0 0.7427777777777778 0.5947281713344317 0.04111111111111111 0.051070840197693576
0 0.4161111111111111 0.5172981878088962 0.03888888888888889 0.05271828665568369
0 0.6155555555555555 0.4596375617792422 0.03888888888888889 0.051070840197693576
0 0.6644444444444444 0.13756177924217464 0.04 0.057660626029654036
0 0.6172222222222222 0.15403624382207579 0.03888888888888889 0.04942339373970346
0 0.6877777777777778 0.2652388797364086 0.04 0.04942339373970346
0 0.38222222222222224 0.313838550247117 0.04 0.04942339373970346
0 0.7083333333333334 0.38879736408566723 0.03888888888888889 0.047775947281713346
0 0.6094444444444445 0.4200988467874794 0.03888888888888889 0.04942339373970346
0 0.7144444444444444 0.42915980230642503 0.043333333333333335 0.05601317957166392
0 0.36777777777777776 0.2273476112026359 0.044444444444444446 0.05601317957166392
0 0.8505555555555555 0.3039538714991763 0.043333333333333335 0.054365733113673806
0 0.7944444444444444 0.27924217462932455 0.03888888888888889 0.051070840197693576
0 0.835 0.2215815485996705 0.03888888888888889 0.051070840197693576
0 0.78 0.19604612850082373 0.03888888888888889 0.04942339373970346
0 0.7361111111111112 0.5535420098846787 0.04111111111111111 0.05271828665568369
0 0.7222222222222222 0.471993410214168 0.04111111111111111 0.05271828665568369
0 0.44722222222222224 0.38138385502471167 0.04 0.04942339373970346
0 0.7577777777777778 0.3731466227347611 0.03888888888888889 0.051070840197693576
0 0.8555555555555555 0.6482701812191104 0.04111111111111111 0.051070840197693576
0 0.2677777777777778 0.2545304777594728 0.04 0.051070840197693576
0 0.7927777777777778 0.5815485996705108 0.04111111111111111 0.05271828665568369
0 0.7861111111111111 0.5403624382207578 0.04111111111111111 0.051070840197693576
0 0.27555555555555555 0.2981878088962109 0.04111111111111111 0.054365733113673806
0 0.5311111111111111 0.26935749588138386 0.04111111111111111 0.054365733113673806
0 0.3605555555555556 0.1787479406919275 0.04555555555555556 0.06260296540362438
0 0.5677777777777778 0.16803953871499178 0.04 0.04942339373970346
0 0.16722222222222222 0.28171334431630973 0.044444444444444446 0.06260296540362438
0 0.5816666666666667 0.2545304777594728 0.04 0.051070840197693576
0 0.765 0.4135090609555189 0.03888888888888889 0.04942339373970346
0 0.8622222222222222 0.6911037891268533 0.042222222222222223 0.05271828665568369
0 0.21722222222222223 0.2685337726523888 0.03888888888888889 0.05271828665568369
0 0.22444444444444445 0.3130148270181219 0.04 0.051070840197693576
0 0.5111111111111111 0.13591433278418452 0.043333333333333335 0.057660626029654036
0 0.7011111111111111 0.3484349258649094 0.03777777777777778 0.051070840197693576
0 0.5083333333333333 0.44233937397034595 0.05 0.057660626029654036
0 0.5888888888888889 0.2957166392092257 0.04111111111111111 0.051070840197693576
0 0.8066666666666666 0.6647446457990115 0.04111111111111111 0.051070840197693576
0 0.63 0.23805601317957167 0.03888888888888889 0.04612850082372323
0 0.33944444444444444 0.37067545304777594 0.04111111111111111 0.057660626029654036
0 0.44 0.33772652388797364 0.04111111111111111 0.05271828665568369
0 0.31833333333333336 0.23887973640856672 0.04 0.05271828665568369
0 0.7494444444444445 0.6367380560131796 0.043333333333333335 0.054365733113673806
0 0.8572222222222222 0.34596375617792424 0.042222222222222223 0.05271828665568369
0 0.2311111111111111 0.35502471169686983 0.04 0.051070840197693576
0 0.7372222222222222 0.24958813838550248 0.04111111111111111 0.05271828665568369
0 0.8005555555555556 0.32042833607907745 0.04 0.04942339373970346
0 0.7877777777777778 0.23805601317957167 0.03888888888888889 0.04942339373970346
0 0.8222222222222222 0.1416803953871499 0.04 0.04942339373970346
0 0.7733333333333333 0.15321252059308071 0.03888888888888889 0.051070840197693576
0 0.41833333333333333 0.21087314662273476 0.042222222222222223 0.057660626029654036
0 0.7722222222222223 0.4538714991762768 0.03888888888888889 0.04942339373970346
0 0.4255555555555556 0.25617792421746294 0.04 0.047775947281713346
0 0.8427777777777777 0.2627677100494234 0.03888888888888889 0.04942339373970346
0 0.7988888888888889 0.6227347611202636 0.042222222222222223 0.051070840197693576
0 0.745 0.2932454695222405 0.043333333333333335 0.054365733113673806
0 0.8422222222222222 0.5650741350906096 0.043333333333333335 0.05601317957166392
0 0.815 0.09555189456342669 0.043333333333333335 0.060955518945634266
0 0.33166666666666667 0.3270181219110379 0.03777777777777778 0.047775947281713346
0 0.37555555555555553 0.27182866556836904 0.043333333333333335 0.054365733113673806
0 0.5594444444444444 0.12108731466227347 0.043333333333333335 0.060955518945634266
0 0.32555555555555554 0.28500823723228996 0.03666666666666667 0.051070840197693576
0 0.6516666666666666 0.36326194398682043 0.04 0.051070840197693576
0 0.5244444444444445 0.22405271828665568 0.043333333333333335 0.05601317957166392
0 0.6016666666666667 0.37808896210873144 0.04111111111111111 0.05271828665568369
0 0.7661111111111111 0.10873146622734761 0.042222222222222223 0.05601317957166392
0 0.595 0.33525535420098845 0.04 0.051070840197693576
0 0.6238888888888889 0.19686985172981877 0.04111111111111111 0.054365733113673806
0 0.5744444444444444 0.2100494233937397 0.044444444444444446 0.057660626029654036
0 0.5172222222222222 0.18204283360790774 0.03888888888888889 0.051070840197693576
0 0.49777777777777776 0.36820428336079075 0.04888888888888889 0.044481054365733116
0 0.49277777777777776 0.3393739703459638 0.04666666666666667 0.04118616144975288
0 0.57 0.7413509060955519 0.03 0.03130148270181219
0 0.5666666666666667 0.7182866556836903 0.03222222222222222 0.032948929159802305
0 0.9283333333333333 0.45634266886326197 0.04111111111111111 0.05271828665568369
0 0.515 0.48352553542009885 0.044444444444444446 0.042833607907743
0 0.47 0.8517298187808896 0.03888888888888889 0.04942339373970346
0 0.6383333333333333 0.2800658978583196 0.04111111111111111 0.05601317957166392
0 0.4761111111111111 0.8904448105436573 0.04 0.05271828665568369
0 0.0811111111111111 0.3986820428336079 0.04 0.04612850082372323
0 0.45 0.7273476112026359 0.03888888888888889 0.044481054365733116
0 0.935 0.4950576606260296 0.04111111111111111 0.051070840197693576
0 0.46444444444444444 0.8121911037891268 0.04111111111111111 0.05271828665568369
0 0.09333333333333334 0.48352553542009885 0.04666666666666667 0.054365733113673806
0 0.08611111111111111 0.43739703459637563 0.042222222222222223 0.05271828665568369
0 0.4716666666666667 0.20593080724876442 0.04777777777777778 0.03789126853377265
0 0.9416666666666667 0.5387149917627677 0.043333333333333335 0.054365733113673806
0 0.215 0.5782537067545305 0.04111111111111111 0.04942339373970346
0 0.9044444444444445 0.6342668863261944 0.04111111111111111 0.051070840197693576
0 0.8488888888888889 0.6087314662273476 0.04111111111111111 0.05271828665568369
0 0.8872222222222222 0.20922570016474465 0.043333333333333335 0.054365733113673806
0 0.8633333333333333 0.385502471169687 0.04 0.04942339373970346
0 0.45222222222222225 0.42257001647446457 0.03888888888888889 0.047775947281713346
0 0.7627777777777778 0.7191103789126854 0.042222222222222223 0.054365733113673806
0 0.88 0.1655683690280066 0.04111111111111111 0.051070840197693576
0 0.31166666666666665 0.8550247116968699 0.04111111111111111 0.05271828665568369
0 0.2511111111111111 0.4794069192751236 0.03888888888888889 0.051070840197693576
0 0.7294444444444445 0.20840197693574958 0.04 0.047775947281713346
0 0.1322222222222222 0.3871499176276771 0.04 0.051070840197693576
0 0.7788888888888889 0.49670510708401977 0.043333333333333335 0.05601317957166392
0 0.68 0.2257001647446458 0.04 0.04942339373970346
0 0.48833333333333334 0.30477759472817134 0.04777777777777778 0.05271828665568369
0 0.815 0.40362438220757824 0.03888888888888889 0.051070840197693576
0 0.2577777777777778 0.5197693574958814 0.04 0.051070840197693576
0 0.8705555555555555 0.42751235584843494 0.043333333333333335 0.054365733113673806
0 0.9111111111111111 0.6754530477759473 0.04111111111111111 0.05271828665568369
0 0.8733333333333333 0.12355848434925865 0.04 0.05271828665568369
0 0.23722222222222222 0.39456342668863265 0.03888888888888889 0.04942339373970346
0 0.28055555555555556 0.3401976935749588 0.03777777777777778 0.047775947281713346
0 0.47555555555555556 0.23805601317957167 0.04888888888888889 0.051070840197693576
0 0.41 0.16392092257001648 0.04111111111111111 0.054365733113673806
0 0.4305555555555556 0.6029654036243822 0.04555555555555556 0.054365733113673806
0 0.6222222222222222 0.5 0.04111111111111111 0.04942339373970346
0 0.21055555555555555 0.22405271828665568 0.043333333333333335 0.05601317957166392
0 0.45666666666666667 0.7677100494233937 0.044444444444444446 0.054365733113673806
0 0.8072222222222222 0.3616144975288303 0.04 0.051070840197693576
0 0.3055555555555556 0.8121911037891268 0.04666666666666667 0.054365733113673806
0 0.2916666666666667 0.728171334431631 0.042222222222222223 0.05271828665568369
0 0.18722222222222223 0.4126853377265239 0.04 0.04942339373970346
0 0.24388888888888888 0.43492586490939045 0.04 0.05271828665568369
0 0.27166666666666667 0.6037891268533773 0.04 0.051070840197693576
0 0.42333333333333334 0.5593080724876441 0.042222222222222223 0.051070840197693576
0 0.2783333333333333 0.6441515650741351 0.04111111111111111 0.05271828665568369
0 0.6733333333333333 0.18616144975288304 0.03888888888888889 0.051070840197693576
0 0.6444444444444445 0.32207578253706753 0.04 0.04612850082372323
0 0.7288888888888889 0.514003294892916 0.04 0.04942339373970346
0 0.7516666666666667 0.33278418451400327 0.03777777777777778 0.04612850082372323
0 0.9222222222222223 0.4159802306425041 0.04111111111111111 0.051070840197693576
0 0.06 0.26688632619439867 0.043333333333333335 0.054365733113673806
0 0.10777777777777778 0.5642504118616145 0.04 0.04612850082372323
0 0.07388888888888889 0.35831960461285006 0.043333333333333335 0.05271828665568369
0 0.06722222222222222 0.3130148270181219 0.044444444444444446 0.05930807248764415
0 0.955 0.6210873146622735 0.04555555555555556 0.054365733113673806
0 0.10277777777777777 0.5255354200988468 0.044444444444444446 0.051070840197693576
0 0.8933333333333333 0.2471169686985173 0.04111111111111111 0.04612850082372323
0 0.8272222222222222 0.7899505766062603 0.042222222222222223 0.05271828665568369
0 0.9488888888888889 0.5774299835255354 0.044444444444444446 0.054365733113673806
0 0.48333333333333334 0.9349258649093904 0.043333333333333335 0.05601317957166392
0 0.3322222222222222 0.9761120263591433 0.042222222222222223 0.047775947281713346
0 0.9627777777777777 0.6622734761120264 0.043333333333333335 0.04942339373970346
0 0.9066666666666666 0.3311367380560132 0.04 0.04612850082372323
0 0.9177777777777778 0.7166392092257001 0.03888888888888889 0.04612850082372323
0 0.46 0.13838550247116968 0.051111111111111114 0.04942339373970346
0 0.46555555555555556 0.17298187808896212 0.04777777777777778 0.047775947281713346
0 0.4361111111111111 0.642504118616145 0.042222222222222223 0.04942339373970346
0 0.8788888888888889 0.4686985172981878 0.04111111111111111 0.051070840197693576
0 0.39666666666666667 0.39621087314662273 0.04111111111111111 0.05271828665568369
0 0.10944444444444444 0.25205930807248766 0.04555555555555556 0.057660626029654036
0 0.9766666666666667 0.7454695222405272 0.043333333333333335 0.051070840197693576
0 0.6422222222222222 0.6252059308072487 0.03888888888888889 0.051070840197693576
0 0.115 0.6079077429983526 0.044444444444444446 0.054365733113673806
0 0.7833333333333333 0.8459637561779242 0.044444444444444446 0.054365733113673806
0 0.4811111111111111 0.2726523887973641 0.04777777777777778 0.042833607907743
0 0.9705555555555555 0.7034596375617792 0.044444444444444446 0.054365733113673806
0 0.98 0.7883031301482701 0.04 0.05601317957166392
0 0.6288888888888889 0.5395387149917628 0.04111111111111111 0.04942339373970346
0 0.6494444444444445 0.6663920922570017 0.043333333333333335 0.054365733113673806
0 0.325 0.9357495881383855 0.043333333333333335 0.05271828665568369
0 0.6555555555555556 0.7067545304777595 0.043333333333333335 0.054365733113673806
0 0.9 0.2899505766062603 0.043333333333333335 0.060955518945634266
0 0.3194444444444444 0.8953871499176277 0.04 0.047775947281713346
0 0.20833333333333334 0.5387149917627677 0.04111111111111111 0.051070840197693576
0 0.8333333333333334 0.8327841845140033 0.043333333333333335 0.054365733113673806
0 0.22111111111111112 0.6202635914332785 0.04 0.051070840197693576
0 0.8816666666666667 0.8179571663920923 0.043333333333333335 0.05930807248764415
0 0.40944444444444444 0.4769357495881384 0.04 0.04612850082372323
0 0.9316666666666666 0.8023064250411862 0.044444444444444446 0.057660626029654036
0 0.9144444444444444 0.371499176276771 0.044444444444444446 0.05601317957166392
0 0.3888888888888889 0.35584843492586493 0.03777777777777778 0.04942339373970346
0 0.7755555555555556 0.8031301482701813 0.04 0.051070840197693576
0 0.12444444444444444 0.3443163097199341 0.043333333333333335 0.054365733113673806
0 0.44333333333333336 0.6869851729818781 0.043333333333333335 0.057660626029654036
0 0.755 0.6779242174629324 0.03888888888888889 0.04942339373970346
0 0.8983333333333333 0.5939044481054365 0.04 0.04612850082372323
0 0.8844444444444445 0.5115321252059308 0.043333333333333335 0.054365733113673806
0 0.11777777777777777 0.2990115321252059 0.04555555555555556 0.054365733113673806
0 0.19444444444444445 0.4514003294892916 0.04111111111111111 0.051070840197693576
0 0.8277777777777777 0.4818780889621087 0.044444444444444446 0.054365733113673806
0 0.20222222222222222 0.4958813838550247 0.044444444444444446 0.05601317957166392
0 0.29833333333333334 0.770181219110379 0.04111111111111111 0.051070840197693576
0 0.7705555555555555 0.7611202635914333 0.04 0.04942339373970346
0 0.8688888888888889 0.7306425041186162 0.03888888888888889 0.04612850082372323
0 0.8911111111111111 0.5527182866556837 0.03888888888888889 0.051070840197693576
0 0.8577777777777778 0.03377265238879736 0.043333333333333335 0.05930807248764415
0 0.925 0.7561779242174629 0.042222222222222223 0.05271828665568369
0 0.8216666666666667 0.443163097199341 0.04 0.04942339373970346
0 0.285 0.685337726523888 0.04 0.04942339373970346
0 0.265 0.5617792421746294 0.04 0.051070840197693576
0 0.6361111111111111 0.5807248764415156 0.044444444444444446 0.05601317957166392
0 0.1811111111111111 0.3731466227347611 0.04 0.047775947281713346
0 0.835 0.5238879736408567 0.04 0.04942339373970346
0 0.8288888888888889 0.18204283360790774 0.03777777777777778 0.04612850082372323