0 0.21944444444444444 0.3092105263157895 0.04 0.05098684210526316
0 0.27444444444444444 0.8478618421052632 0.03777777777777778 0.047697368421052634
0 0.8288888888888889 0.6398026315789473 0.04 0.05098684210526316
0 0.07111111111111111 0.3881578947368421 0.03888888888888889 0.047697368421052634
0 0.5777777777777777 0.7384868421052632 0.03666666666666667 0.047697368421052634
0 0.8616666666666667 0.4605263157894737 0.04111111111111111 0.054276315789473686
0 0.9127777777777778 0.4498355263157895 0.04 0.05263157894736842
0 0.8105555555555556 0.47368421052631576 0.03777777777777778 0.05098684210526316
0 0.14222222222222222 0.5814144736842105 0.04111111111111111 0.05098684210526316
0 0.8694444444444445 0.5444078947368421 0.03666666666666667 0.044407894736842105
0 0.8733333333333333 0.584703947368421 0.04111111111111111 0.05263157894736842
0 0.3811111111111111 0.36019736842105265 0.03666666666666667 0.05098684210526316
0 0.26611111111111113 0.25411184210526316 0.03888888888888889 0.05592105263157895
0 0.8244444444444444 0.5978618421052632 0.03666666666666667 0.047697368421052634
0 0.8361111111111111 0.21710526315789475 0.03888888888888889 0.047697368421052634
0 0.09666666666666666 0.6356907894736842 0.03777777777777778 0.046052631578947366
0 0.13722222222222222 0.5386513157894737 0.04 0.05098684210526316
0 0.6283333333333333 0.7269736842105263 0.04111111111111111 0.05263157894736842
0 0.9172222222222223 0.4901315789473684 0.03666666666666667 0.046052631578947366
0 0.8644444444444445 0.5041118421052632 0.03888888888888889 0.049342105263157895
0 0.8777777777777778 0.6282894736842105 0.04111111111111111 0.05098684210526316
0 0.48277777777777775 0.3182565789473684 0.04666666666666667 0.049342105263157895
0 0.6455555555555555 0.8922697368421053 0.043333333333333335 0.054276315789473686
0 0.6033333333333334 0.4777960526315789 0.04 0.049342105263157895
0 0.12222222222222222 0.37335526315789475 0.03666666666666667 0.044407894736842105
0 0.8761111111111111 0.11842105263157894 0.04 0.049342105263157895
0 0.38222222222222224 0.8675986842105263 0.04111111111111111 0.049342105263157895
0 0.8144444444444444 0.5139802631578947 0.03666666666666667 0.044407894736842105
0 0.43722222222222223 0.8955592105263158 0.03777777777777778 0.05098684210526316
0 0.39055555555555554 0.4407894736842105 0.03666666666666667 0.044407894736842105
0 0.16833333333333333 0.3207236842105263 0.03666666666666667 0.049342105263157895
0 0.17166666666666666 0.8717105263157895 0.03666666666666667 0.044407894736842105
0 0.8872222222222222 0.20559210526315788 0.03888888888888889 0.049342105263157895
0 0.4072222222222222 0.6085526315789473 0.03888888888888889 0.049342105263157895
0 0.365 0.7039473684210527 0.03888888888888889 0.05098684210526316
0 0.24555555555555555 0.5608552631578947 0.03888888888888889 0.049342105263157895
0 0.8994444444444445 0.3248355263157895 0.03777777777777778 0.047697368421052634
0 0.47444444444444445 0.2532894736842105 0.04777777777777778 0.049342105263157895
0 0.6244444444444445 0.6842105263157895 0.04 0.05098684210526316
0 0.46944444444444444 0.18832236842105263 0.04888888888888889 0.046052631578947366
0 0.5855555555555556 0.821546052631579 0.03777777777777778 0.047697368421052634
0 0.7466666666666667 0.36101973684210525 0.035555555555555556 0.044407894736842105
0 0.18444444444444444 0.984375 0.04111111111111111 0.03125
0 0.5694444444444444 0.6554276315789473 0.03888888888888889 0.046052631578947366
0 0.42833333333333334 0.8108552631578947 0.035555555555555556 0.047697368421052634
0 0.6411111111111111 0.850328947368421 0.03777777777777778 0.047697368421052634
0 0.3861111111111111 0.9070723684210527 0.04 0.047697368421052634
0 0.8922222222222222 0.7467105263157895 0.03888888888888889 0.05263157894736842
0 0.09277777777777778 0.5929276315789473 0.04 0.05263157894736842
0 0.08833333333333333 0.5526315789473685 0.03777777777777778 0.047697368421052634
0 0.1761111111111111 0.40707236842105265 0.03888888888888889 0.05098684210526316
0 0.7388888888888889 0.2779605263157895 0.04 0.049342105263157895
0 0.46555555555555556 0.15378289473684212 0.04777777777777778 0.04276315789473684
0 0.18055555555555555 0.953125 0.042222222222222223 0.046052631578947366
0 0.5522222222222222 0.4925986842105263 0.03888888888888889 0.047697368421052634
0 0.8961111111111111 0.28536184210526316 0.04 0.049342105263157895
0 0.8827777777777778 0.6694078947368421 0.04111111111111111 0.049342105263157895
0 0.4872222222222222 0.3536184210526316 0.04555555555555556 0.04276315789473684
0 0.47944444444444445 0.28536184210526316 0.044444444444444446 0.04276315789473684
0 0.5405555555555556 0.7458881578947368 0.028888888888888888 0.04111842105263158
0 0.9011111111111111 0.8322368421052632 0.04111111111111111 0.05098684210526316
0 0.1288888888888889 0.9654605263157895 0.03888888888888889 0.05263157894736842
0 0.4711111111111111 0.21957236842105263 0.04777777777777778 0.039473684210526314
0 0.8966666666666666 0.790296052631579 0.03888888888888889 0.05098684210526316
0 0.11777777777777777 0.8421052631578947 0.04 0.03289473684210526
0 0.5561111111111111 0.5296052631578947 0.03888888888888889 0.03453947368421053
0 0.8877777777777778 0.7080592105263158 0.03666666666666667 0.04111842105263158
0 0.8438888888888889 0.29851973684210525 0.03888888888888889 0.03125
0 0.5005555555555555 0.5008223684210527 0.043333333333333335 0.039473684210526314
0 0.12555555555555556 0.9251644736842105 0.04 0.046052631578947366
0 0.14666666666666667 0.6241776315789473 0.03888888888888889 0.05098684210526316
0 0.6327777777777778 0.7689144736842105 0.04111111111111111 0.054276315789473686
0 0.49 0.3832236842105263 0.04555555555555556 0.046052631578947366
0 0.5822222222222222 0.7796052631578947 0.03666666666666667 0.049342105263157895
0 0.42444444444444446 0.7697368421052632 0.034444444444444444 0.04276315789473684
0 0.37 0.7442434210526315 0.03888888888888889 0.047697368421052634
0 0.06277777777777778 0.30098684210526316 0.042222222222222223 0.0625
0 0.8916666666666667 0.2450657894736842 0.04 0.049342105263157895
0 0.6366666666666667 0.8116776315789473 0.04111111111111111 0.049342105263157895
0 0.5911111111111111 0.8643092105263158 0.04 0.05098684210526316
0 0.15 0.6644736842105263 0.03888888888888889 0.047697368421052634
0 0.07555555555555556 0.4276315789473684 0.042222222222222223 0.05263157894736842
0 0.8566666666666667 0.4185855263157895 0.03666666666666667 0.046052631578947366
0 0.5727777777777778 0.6973684210526315 0.035555555555555556 0.049342105263157895
0 0.5388888888888889 0.37006578947368424 0.03777777777777778 0.047697368421052634
0 0.8711111111111111 0.07154605263157894 0.04111111111111111 0.05921052631578947
0 0.1361111111111111 0.9917763157894737 0.04 0.01644736842105263
0 0.31666666666666665 0.24095394736842105 0.03777777777777778 0.054276315789473686
0 0.565 0.6151315789473685 0.04111111111111111 0.05263157894736842
0 0.3438888888888889 0.4942434210526316 0.03888888888888889 0.05098684210526316
0 0.3211111111111111 0.2870065789473684 0.03888888888888889 0.049342105263157895
0 0.7844444444444445 0.22697368421052633 0.03888888888888889 0.05263157894736842
0 0.5772222222222222 0.23190789473684212 0.03888888888888889 0.05098684210526316
0 0.5727777777777778 0.18914473684210525 0.04 0.05263157894736842
0 0.39555555555555555 0.48273026315789475 0.03888888888888889 0.05098684210526316
0 0.2611111111111111 0.7236842105263158 0.04 0.049342105263157895
0 0.33944444444444444 0.45230263157894735 0.03666666666666667 0.049342105263157895
0 0.17222222222222222 0.3651315789473684 0.03777777777777778 0.049342105263157895
0 0.7977777777777778 0.3503289473684211 0.03888888888888889 0.05098684210526316
0 0.33055555555555555 0.3692434210526316 0.04111111111111111 0.05263157894736842
0 0.82 0.5550986842105263 0.04 0.054276315789473686
0 0.6272222222222222 0.2236842105263158 0.03777777777777778 0.05098684210526316
0 0.6183333333333333 0.1299342105263158 0.03888888888888889 0.054276315789473686
0 0.8016666666666666 0.39144736842105265 0.03888888888888889 0.05263157894736842
0 0.15444444444444444 0.7064144736842105 0.042222222222222223 0.05263157894736842
0 0.8477777777777777 0.3355263157894737 0.04111111111111111 0.054276315789473686
0 0.78 0.18503289473684212 0.03777777777777778 0.047697368421052634
0 0.6127777777777778 0.5608552631578947 0.04 0.05098684210526316
0 0.32666666666666666 0.328125 0.03888888888888889 0.05098684210526316
0 0.5433333333333333 0.4087171052631579 0.03777777777777778 0.047697368421052634
0 0.41444444444444445 0.17434210526315788 0.03888888888888889 0.054276315789473686
0 0.26666666666666666 0.765625 0.04 0.049342105263157895
0 0.6233333333333333 0.1768092105263158 0.04111111111111111 0.054276315789473686
0 0.17666666666666667 0.9120065789473685 0.04111111111111111 0.05263157894736842
0 0.7422222222222222 0.3223684210526316 0.04 0.05263157894736842
0 0.3572222222222222 0.6192434210526315 0.04 0.05098684210526316
0 0.11 0.24424342105263158 0.043333333333333335 0.05098684210526316
0 0.33555555555555555 0.4095394736842105 0.03666666666666667 0.046052631578947366
0 0.27555555555555555 0.3404605263157895 0.04 0.05263157894736842
0 0.10277777777777777 0.7171052631578947 0.04 0.05263157894736842
0 0.6783333333333333 0.21052631578947367 0.04 0.05098684210526316
0 0.125 0.4144736842105263 0.03888888888888889 0.05263157894736842
0 0.5483333333333333 0.4498355263157895 0.03888888888888889 0.05098684210526316
0 0.8316666666666667 0.17351973684210525 0.04 0.05263157894736842
0 0.2411111111111111 0.5172697368421053 0.04111111111111111 0.054276315789473686
0 0.12111111111111111 0.881578947368421 0.042222222222222223 0.054276315789473686
0 0.2238888888888889 0.3519736842105263 0.04 0.05263157894736842
0 0.16333333333333333 0.790296052631579 0.04111111111111111 0.049342105263157895
0 0.08388888888888889 0.5098684210526315 0.04 0.05098684210526316
0 0.4033333333333333 0.5682565789473685 0.04 0.05263157894736842
0 0.8816666666666667 0.16200657894736842 0.04111111111111111 0.05263157894736842
0 0.7888888888888889 0.27055921052631576 0.03888888888888889 0.05098684210526316
0 0.3472222222222222 0.5361842105263158 0.03777777777777778 0.05098684210526316
0 0.21 0.22121710526315788 0.042222222222222223 0.054276315789473686
0 0.25722222222222224 0.6833881578947368 0.035555555555555556 0.046052631578947366
0 0.7511111111111111 0.40213815789473684 0.03888888888888889 0.054276315789473686
0 0.3738888888888889 0.27631578947368424 0.03888888888888889 0.05098684210526316
0 0.9211111111111111 0.5320723684210527 0.04 0.054276315789473686
0 0.3527777777777778 0.578125 0.04 0.049342105263157895
0 0.5677777777777778 0.14226973684210525 0.04 0.054276315789473686
0 0.27055555555555555 0.8075657894736842 0.03777777777777778 0.047697368421052634
0 0.11888888888888889 0.3305921052631579 0.03888888888888889 0.05263157894736842
0 0.8261111111111111 0.1299342105263158 0.04111111111111111 0.05263157894736842
0 0.28 0.8889802631578947 0.04111111111111111 0.05263157894736842
0 0.11333333333333333 0.803453947368421 0.04111111111111111 0.054276315789473686
0 0.25333333333333335 0.6422697368421053 0.04 0.049342105263157895
0 0.56 0.569078947368421 0.04 0.05263157894736842
0 0.6733333333333333 0.16776315789473684 0.03888888888888889 0.05263157894736842
0 0.3788888888888889 0.8248355263157895 0.04111111111111111 0.05263157894736842
0 0.16777777777777778 0.8322368421052632 0.04 0.05098684210526316
0 0.8516666666666667 0.37911184210526316 0.03888888888888889 0.049342105263157895
0 0.15944444444444444 0.7491776315789473 0.04 0.05098684210526316
0 0.5944444444444444 0.39555921052631576 0.04 0.05098684210526316
0 0.23277777777777778 0.4342105263157895 0.04111111111111111 0.054276315789473686
0 0.49666666666666665 0.4555921052631579 0.044444444444444446 0.05592105263157895
0 0.535 0.328125 0.03777777777777778 0.049342105263157895
0 0.06777777777777778 0.3470394736842105 0.04 0.047697368421052634
0 0.7305555555555555 0.1981907894736842 0.03888888888888889 0.05263157894736842
0 0.6077777777777778 0.5189144736842105 0.04111111111111111 0.05098684210526316
0 0.10888888888888888 0.7598684210526315 0.04 0.05098684210526316
0 0.41555555555555557 0.6907894736842105 0.03666666666666667 0.049342105263157895
0 0.08 0.46875 0.03888888888888889 0.047697368421052634
0 0.3988888888888889 0.524671052631579 0.04 0.05098684210526316
0 0.5861111111111111 0.31661184210526316 0.035555555555555556 0.046052631578947366
0 0.6 0.43832236842105265 0.04111111111111111 0.049342105263157895
0 0.6161111111111112 0.6019736842105263 0.04 0.05098684210526316
0 0.735 0.23848684210526316 0.03777777777777778 0.046052631578947366
0 0.215 0.265625 0.042222222222222223 0.05263157894736842
0 0.16444444444444445 0.27631578947368424 0.03777777777777778 0.054276315789473686
0 0.37333333333333335 0.7828947368421053 0.04 0.049342105263157895
0 0.13111111111111112 0.45805921052631576 0.03888888888888889 0.05263157894736842
0 0.6194444444444445 0.6439144736842105 0.03888888888888889 0.05098684210526316
0 0.5911111111111111 0.3560855263157895 0.03777777777777778 0.047697368421052634
0 0.8405555555555555 0.26069078947368424 0.042222222222222223 0.05756578947368421
0 0.8222222222222222 0.08388157894736842 0.04 0.054276315789473686
0 0.4211111111111111 0.7310855263157895 0.03888888888888889 0.05098684210526316
0 0.11444444444444445 0.2870065789473684 0.04111111111111111 0.05263157894736842
0 0.7255555555555555 0.15378289473684212 0.03888888888888889 0.054276315789473686
0 0.3611111111111111 0.662828947368421 0.03777777777777778 0.047697368421052634
0 0.28055555555555556 0.3815789473684211 0.04 0.05098684210526316
0 0.2877777777777778 0.9745065789473685 0.044444444444444446 0.05098684210526316
0 0.2833333333333333 0.9317434210526315 0.042222222222222223 0.05098684210526316
0 0.7933333333333333 0.3100328947368421 0.03777777777777778 0.046052631578947366
0 0.22777777777777777 0.3930921052631579 0.03666666666666667 0.046052631578947366
0 0.44222222222222224 0.9391447368421053 0.04111111111111111 0.05263157894736842
0 0.7761111111111111 0.14144736842105263 0.03888888888888889 0.054276315789473686
0 0.09944444444444445 0.6759868421052632 0.03888888888888889 0.047697368421052634
0 0.39 0.9481907894736842 0.04111111111111111 0.05592105263157895
0 0.7205555555555555 0.11019736842105263 0.03888888888888889 0.054276315789473686
0 0.38555555555555554 0.40131578947368424 0.03666666666666667 0.049342105263157895
0 0.7555555555555555 0.4473684210526316 0.03888888888888889 0.05263157894736842
0 0.43222222222222223 0.8519736842105263 0.03666666666666667 0.049342105263157895
0 0.4116666666666667 0.6488486842105263 0.03777777777777778 0.047697368421052634
0 0.1338888888888889 0.49917763157894735 0.03666666666666667 0.047697368421052634
0 0.42388888888888887 0.2631578947368421 0.03666666666666667 0.046052631578947366
0 0.9033333333333333 0.3675986842105263 0.03888888888888889 0.05098684210526316
0 0.26944444444444443 0.29851973684210525 0.04 0.047697368421052634
0 0.9072222222222223 0.4095394736842105 0.04 0.049342105263157895
0 0.23722222222222222 0.4777960526315789 0.03888888888888889 0.046052631578947366
0 0.24944444444444444 0.6011513157894737 0.04 0.05263157894736842
0 0.8061111111111111 0.4317434210526316 0.03777777777777778 0.046052631578947366
0 0.5311111111111111 0.28207236842105265 0.04 0.05592105263157895
0 0.36777777777777776 0.23190789473684212 0.04111111111111111 0.05592105263157895
0 0.6683333333333333 0.12088815789473684 0.042222222222222223 0.05592105263157895
0 0.37777777777777777 0.31743421052631576 0.03777777777777778 0.047697368421052634
0 0.3638888888888889 0.1825657894736842 0.042222222222222223 0.05592105263157895
0 0.41944444444444445 0.21957236842105263 0.04111111111111111 0.05263157894736842
0 0.5816666666666667 0.2754934210526316 0.03888888888888889 0.05098684210526316