0 0.37833333333333335 0.5164473684210527 0.028888888888888888 0.04111842105263158
0 0.34833333333333333 0.484375 0.028888888888888888 0.04276315789473684
0 0.2677777777777778 0.29523026315789475 0.043333333333333335 0.0625
0 0.08666666666666667 0.4432565789473684 0.043333333333333335 0.05756578947368421
0 0.7605555555555555 0.6537828947368421 0.043333333333333335 0.05756578947368421
0 0.19833333333333333 0.7425986842105263 0.04555555555555556 0.06414473684210527
0 0.46166666666666667 0.5353618421052632 0.028888888888888888 0.04111842105263158
0 0.09555555555555556 0.48519736842105265 0.043333333333333335 0.05263157894736842
0 0.8927777777777778 0.31661184210526316 0.03111111111111111 0.044407894736842105
0 0.8038888888888889 0.34210526315789475 0.03777777777777778 0.05263157894736842
0 0.45166666666666666 0.49588815789473684 0.027777777777777776 0.04111842105263158
0 0.47833333333333333 0.48519736842105265 0.03 0.039473684210526314
0 0.45055555555555554 0.4136513157894737 0.042222222222222223 0.05098684210526316
0 0.4461111111111111 0.662828947368421 0.04111111111111111 0.05263157894736842
0 0.4938888888888889 0.5641447368421053 0.03 0.04111842105263158
0 0.3561111111111111 0.40213815789473684 0.027777777777777776 0.039473684210526314
0 0.35555555555555557 0.5238486842105263 0.02666666666666667 0.03782894736842105
0 0.5911111111111111 0.32730263157894735 0.042222222222222223 0.05098684210526316
0 0.3327777777777778 0.40789473684210525 0.02666666666666667 0.04111842105263158
0 0.4861111111111111 0.5254934210526315 0.03 0.04111842105263158
0 0.3477777777777778 0.3618421052631579 0.03 0.044407894736842105
0 0.325 0.3675986842105263 0.028888888888888888 0.04276315789473684
0 0.8994444444444445 0.3536184210526316 0.027777777777777776 0.03782894736842105
0 0.47555555555555556 0.2738486842105263 0.05333333333333334 0.05756578947368421
0 0.74 0.28207236842105265 0.042222222222222223 0.05098684210526316
0 0.37166666666666665 0.4777960526315789 0.02666666666666667 0.03782894736842105
0 0.46944444444444444 0.4473684210526316 0.03 0.04276315789473684
0 0.8811111111111111 0.19325657894736842 0.04111111111111111 0.054276315789473686
0 0.49 0.3379934210526316 0.04888888888888889 0.054276315789473686
0 0.3622222222222222 0.43832236842105265 0.025555555555555557 0.03782894736842105
0 0.7883333333333333 0.7261513157894737 0.03 0.044407894736842105
0 0.5144444444444445 0.9424342105263158 0.028888888888888888 0.04111842105263158
0 0.8872222222222222 0.23355263157894737 0.042222222222222223 0.05098684210526316
0 0.48444444444444446 0.78125 0.02666666666666667 0.04111842105263158
0 0.14666666666666667 0.7582236842105263 0.04777777777777778 0.0625
0 0.46055555555555555 0.7894736842105263 0.03 0.04111842105263158
0 0.5 0.8618421052631579 0.02666666666666667 0.04111842105263158
0 0.21388888888888888 0.8289473684210527 0.044444444444444446 0.05592105263157895
0 0.68 0.2532894736842105 0.043333333333333335 0.05756578947368421
0 0.1638888888888889 0.8462171052631579 0.04666666666666667 0.06085526315789474
0 0.445 0.45476973684210525 0.02666666666666667 0.03618421052631579
0 0.5761111111111111 0.2450657894736842 0.042222222222222223 0.047697368421052634
0 0.51 0.7730263157894737 0.027777777777777776 0.039473684210526314
0 0.28444444444444444 0.37993421052631576 0.043333333333333335 0.05592105263157895
0 0.47555555555555556 0.865953947368421 0.028888888888888888 0.03782894736842105
0 0.27666666666666667 0.3404605263157895 0.042222222222222223 0.047697368421052634
0 0.9166666666666666 0.30838815789473684 0.028888888888888888 0.04111842105263158
0 0.5327777777777778 0.7648026315789473 0.027777777777777776 0.04276315789473684
0 0.4572222222222222 0.17763157894736842 0.057777777777777775 0.054276315789473686
0 0.9238888888888889 0.34375 0.025555555555555557 0.03782894736842105
0 0.15444444444444444 0.8026315789473685 0.04555555555555556 0.05756578947368421
0 0.7888888888888889 0.2631578947368421 0.04111111111111111 0.044407894736842105
0 0.465 0.21134868421052633 0.05444444444444444 0.05098684210526316
0 0.8933333333333333 0.26973684210526316 0.04111111111111111 0.049342105263157895
0 0.385 0.5583881578947368 0.03222222222222222 0.04111842105263158
0 0.4911111111111111 0.9498355263157895 0.03 0.04111842105263158
0 0.7811111111111111 0.6891447368421053 0.027777777777777776 0.03782894736842105
0 0.5405555555555556 0.8075657894736842 0.03111111111111111 0.04111842105263158
0 0.2922222222222222 0.8881578947368421 0.03111111111111111 0.039473684210526314
0 0.49166666666666664 0.8182565789473685 0.027777777777777776 0.03618421052631579
0 0.7466666666666667 0.3182565789473684 0.04 0.05263157894736842
0 0.7655555555555555 0.7351973684210527 0.028888888888888888 0.04111842105263158
0 0.8288888888888889 0.20723684210526316 0.04 0.054276315789473686
0 0.7572222222222222 0.6949013157894737 0.027777777777777776 0.04111842105263158
0 0.4672222222222222 0.8264802631578947 0.03111111111111111 0.039473684210526314
0 0.2838888888888889 0.8478618421052632 0.03 0.04276315789473684
0 0.5416666666666666 0.33963815789473684 0.04111111111111111 0.044407894736842105
0 0.20555555555555555 0.787828947368421 0.042222222222222223 0.05592105263157895
0 0.5022222222222222 0.3996710526315789 0.051111111111111114 0.047697368421052634
0 0.53 0.5493421052631579 0.03888888888888889 0.05098684210526316
0 0.8216666666666667 0.16940789473684212 0.04 0.04276315789473684
0 0.48333333333333334 0.30756578947368424 0.052222222222222225 0.047697368421052634
0 0.49666666666666665 0.3717105263157895 0.051111111111111114 0.049342105263157895
0 0.8438888888888889 0.28289473684210525 0.043333333333333335 0.06414473684210527
0 0.5077777777777778 0.9037828947368421 0.028888888888888888 0.03782894736842105
0 0.5788888888888889 0.7360197368421053 0.027777777777777776 0.03289473684210526
0 0.8366666666666667 0.24424342105263158 0.04 0.044407894736842105
0 0.47055555555555556 0.24424342105263158 0.052222222222222225 0.044407894736842105
0 0.48333333333333334 0.9095394736842105 0.028888888888888888 0.04111842105263158
0 0.5833333333333334 0.7574013157894737 0.024444444444444446 0.027960526315789474
0 0.20222222222222222 0.49506578947368424 0.04555555555555556 0.06085526315789474
0 0.3844444444444444 0.3519736842105263 0.043333333333333335 0.05756578947368421
0 0.5261111111111111 0.2582236842105263 0.044444444444444446 0.05921052631578947
0 0.10222222222222223 0.5254934210526315 0.04555555555555556 0.05921052631578947
0 0.7733333333333333 0.18174342105263158 0.043333333333333335 0.05921052631578947
0 0.4066666666666667 0.7245065789473685 0.042222222222222223 0.054276315789473686
0 0.18555555555555556 0.4128289473684211 0.044444444444444446 0.05921052631578947
0 0.2361111111111111 0.3988486842105263 0.043333333333333335 0.05756578947368421
0 0.43333333333333335 0.3338815789473684 0.044444444444444446 0.05921052631578947
0 0.15333333333333332 0.5115131578947368 0.044444444444444446 0.05921052631578947
0 0.49666666666666665 0.6463815789473685 0.043333333333333335 0.05756578947368421
0 0.3972222222222222 0.6800986842105263 0.043333333333333335 0.06085526315789474
0 0.4011111111111111 0.4292763157894737 0.04111111111111111 0.05263157894736842
0 0.415 0.7648026315789473 0.04111111111111111 0.054276315789473686
0 0.22666666666666666 0.3560855263157895 0.043333333333333335 0.05756578947368421
0 0.8111111111111111 0.6365131578947368 0.044444444444444446 0.05756578947368421
0 0.6405555555555555 0.3100328947368421 0.042222222222222223 0.05592105263157895
0 0.515 0.46875 0.04666666666666667 0.05756578947368421
0 0.7433333333333333 0.5707236842105263 0.043333333333333335 0.05756578947368421
0 0.7522222222222222 0.6118421052631579 0.04111111111111111 0.054276315789473686
0 0.5044444444444445 0.6907894736842105 0.042222222222222223 0.05263157894736842
0 0.6888888888888889 0.29605263157894735 0.043333333333333335 0.054276315789473686
0 0.14444444444444443 0.4712171052631579 0.043333333333333335 0.05592105263157895
0 0.5483333333333333 0.37664473684210525 0.044444444444444446 0.05756578947368421
0 0.6961111111111111 0.33881578947368424 0.044444444444444446 0.05921052631578947
0 0.5672222222222222 0.20065789473684212 0.044444444444444446 0.06414473684210527
0 0.2927777777777778 0.421875 0.042222222222222223 0.05098684210526316
0 0.7944444444444444 0.5526315789473685 0.044444444444444446 0.05921052631578947
0 0.8133333333333334 0.12417763157894737 0.04555555555555556 0.06578947368421052
0 0.8027777777777778 0.5962171052631579 0.043333333333333335 0.054276315789473686
0 0.13666666666666666 0.4276315789473684 0.043333333333333335 0.05756578947368421
0 0.1922222222222222 0.45394736842105265 0.043333333333333335 0.05263157894736842
0 0.3 0.4613486842105263 0.043333333333333335 0.054276315789473686
0 0.5572222222222222 0.42023026315789475 0.042222222222222223 0.05263157894736842
0 0.4633333333333333 0.7475328947368421 0.043333333333333335 0.05592105263157895
0 0.5355555555555556 0.3026315789473684 0.042222222222222223 0.054276315789473686
0 0.5988888888888889 0.36430921052631576 0.043333333333333335 0.05592105263157895
0 0.5122222222222222 0.7302631578947368 0.044444444444444446 0.05756578947368421
0 0.5827777777777777 0.2845394736842105 0.043333333333333335 0.05592105263157895
0 0.7311111111111112 0.2393092105263158 0.044444444444444446 0.05921052631578947
0 0.5216666666666666 0.5106907894736842 0.04666666666666667 0.054276315789473686
0 0.44222222222222224 0.37417763157894735 0.042222222222222223 0.05263157894736842
0 0.7811111111111111 0.22615131578947367 0.04111111111111111 0.054276315789473686
0 0.2477777777777778 0.7269736842105263 0.043333333333333335 0.05921052631578947
0 0.3933333333333333 0.39144736842105265 0.04 0.047697368421052634
0 0.2633333333333333 0.8116776315789473 0.04555555555555556 0.05592105263157895
0 0.6472222222222223 0.3511513157894737 0.043333333333333335 0.05263157894736842
0 0.6327777777777778 0.2680921052631579 0.044444444444444446 0.05756578947368421
0 0.4533333333333333 0.7055921052631579 0.03888888888888889 0.054276315789473686
0 0.34055555555555556 0.4449013157894737 0.027777777777777776 0.03782894736842105
0 0.7955555555555556 0.3001644736842105 0.042222222222222223 0.05098684210526316
0 0.2561111111111111 0.7713815789473685 0.044444444444444446 0.05592105263157895