0 0.6927777777777778 0.7054455445544554 0.021111111111111112 0.03135313531353135
0 0.08888888888888889 0.6212871287128713 0.035555555555555556 0.041254125412541254
0 0.08833333333333333 0.7863036303630363 0.034444444444444444 0.037953795379537955
0 0.7188888888888889 0.7879537953795379 0.022222222222222223 0.034653465346534656
0 0.5644444444444444 0.9183168316831684 0.022222222222222223 0.03135313531353135
0 0.5033333333333333 0.20874587458745875 0.044444444444444446 0.028052805280528052
0 0.5672222222222222 0.8308580858085809 0.01888888888888889 0.03135313531353135
0 0.5661111111111111 0.8737623762376238 0.021111111111111112 0.028052805280528052
0 0.08777777777777777 0.7483498349834984 0.03777777777777778 0.041254125412541254
0 0.5394444444444444 0.8737623762376238 0.021111111111111112 0.03135313531353135
0 0.6033333333333334 0.33085808580858084 0.03333333333333333 0.041254125412541254
0 0.24333333333333335 0.4513201320132013 0.028888888888888888 0.037953795379537955
0 0.5394444444444444 0.7879537953795379 0.021111111111111112 0.03135313531353135
0 0.08888888888888889 0.6633663366336634 0.035555555555555556 0.039603960396039604
0 0.5661111111111111 0.7079207920792079 0.021111111111111112 0.033003300330033
0 0.9116666666666666 0.5783828382838284 0.034444444444444444 0.034653465346534656
0 0.6927777777777778 0.7425742574257426 0.021111111111111112 0.0297029702970297
0 0.9094444444444445 0.3333333333333333 0.034444444444444444 0.0429042904290429
0 0.54 0.7054455445544554 0.02 0.034653465346534656
0 0.08833333333333333 0.9174917491749175 0.03666666666666667 0.0462046204620462
0 0.08833333333333333 0.7062706270627063 0.03666666666666667 0.0462046204620462
0 0.29555555555555557 0.49422442244224424 0.03333333333333333 0.041254125412541254
0 0.13944444444444445 0.5387788778877888 0.034444444444444444 0.04455445544554455
0 0.19055555555555556 0.58003300330033 0.034444444444444444 0.034653465346534656
0 0.19111111111111112 0.7054455445544554 0.035555555555555556 0.041254125412541254
0 0.08944444444444444 0.2004950495049505 0.034444444444444444 0.04455445544554455
0 0.5027777777777778 0.17491749174917492 0.04111111111111111 0.039603960396039604
0 0.6944444444444444 0.5371287128712872 0.022222222222222223 0.03135313531353135
0 0.7188888888888889 0.7475247524752475 0.022222222222222223 0.033003300330033
0 0.8583333333333333 0.33003300330033003 0.03 0.039603960396039604
0 0.7188888888888889 0.7021452145214522 0.022222222222222223 0.034653465346534656
0 0.5388888888888889 0.7483498349834984 0.022222222222222223 0.03135313531353135
0 0.08944444444444444 0.5396039603960396 0.03222222222222222 0.036303630363036306
0 0.08777777777777777 0.8275577557755776 0.035555555555555556 0.041254125412541254
0 0.7577777777777778 0.24174917491749176 0.03333333333333333 0.034653465346534656
0 0.13944444444444445 0.5783828382838284 0.03222222222222222 0.041254125412541254
0 0.08722222222222223 0.8721122112211221 0.03666666666666667 0.04455445544554455
0 0.45111111111111113 0.4141914191419142 0.035555555555555556 0.039603960396039604
0 0.19111111111111112 0.6196369636963697 0.03111111111111111 0.041254125412541254
0 0.7183333333333334 0.6204620462046204 0.021111111111111112 0.036303630363036306
0 0.6916666666666667 0.6212871287128713 0.025555555555555557 0.034653465346534656
0 0.6927777777777778 0.6617161716171617 0.021111111111111112 0.036303630363036306
0 0.6927777777777778 0.5775577557755776 0.021111111111111112 0.036303630363036306
0 0.19166666666666668 0.4141914191419142 0.034444444444444444 0.0462046204620462
0 0.14055555555555554 0.6221122112211221 0.034444444444444444 0.0462046204620462
0 0.7177777777777777 0.5387788778877888 0.02 0.034653465346534656
0 0.08944444444444444 0.5792079207920792 0.034444444444444444 0.0429042904290429
0 0.9094444444444445 0.2887788778877888 0.034444444444444444 0.0462046204620462
0 0.7055555555555556 0.33003300330033003 0.03333333333333333 0.0429042904290429
0 0.86 0.49834983498349833 0.03333333333333333 0.0429042904290429
0 0.9127777777777778 0.7920792079207921 0.03222222222222222 0.039603960396039604
0 0.8077777777777778 0.37293729372937295 0.03333333333333333 0.0462046204620462
0 0.29555555555555557 0.4546204620462046 0.03111111111111111 0.041254125412541254
0 0.24388888888888888 0.4141914191419142 0.03222222222222222 0.036303630363036306
0 0.08944444444444444 0.32755775577557755 0.034444444444444444 0.04455445544554455
0 0.8083333333333333 0.3292079207920792 0.03222222222222222 0.041254125412541254
0 0.5666666666666667 0.7475247524752475 0.022222222222222223 0.033003300330033
0 0.7194444444444444 0.6625412541254125 0.021111111111111112 0.03135313531353135
0 0.2966666666666667 0.24257425742574257 0.03111111111111111 0.036303630363036306
0 0.5533333333333333 0.6204620462046204 0.03333333333333333 0.0429042904290429
0 0.7055555555555556 0.4966996699669967 0.035555555555555556 0.0429042904290429
0 0.5038888888888889 0.3424092409240924 0.042222222222222223 0.033003300330033
0 0.5027777777777778 0.2747524752475248 0.043333333333333335 0.03135313531353135
0 0.5044444444444445 0.37541254125412543 0.044444444444444446 0.034653465346534656
0 0.5033333333333333 0.14026402640264027 0.042222222222222223 0.033003300330033
0 0.9133333333333333 0.9232673267326733 0.03333333333333333 0.04455445544554455
0 0.45166666666666666 0.3292079207920792 0.03222222222222222 0.037953795379537955
0 0.9133333333333333 0.7491749174917491 0.03111111111111111 0.041254125412541254
0 0.9122222222222223 0.7079207920792079 0.035555555555555556 0.0429042904290429
0 0.5038888888888889 0.30775577557755773 0.04111111111111111 0.037953795379537955
0 0.5027777777777778 0.4909240924092409 0.04111111111111111 0.028052805280528052
0 0.5138888888888888 0.7252475247524752 0.021111111111111112 0.02145214521452145
0 0.5655555555555556 0.7863036303630363 0.02 0.024752475247524754
0 0.9105555555555556 0.19636963696369636 0.03666666666666667 0.026402640264026403
0 0.5527777777777778 0.4933993399339934 0.03666666666666667 0.026402640264026403
0 0.9111111111111111 0.49504950495049505 0.035555555555555556 0.026402640264026403
0 0.8605555555555555 0.5338283828382838 0.03666666666666667 0.024752475247524754
0 0.86 0.41254125412541254 0.03333333333333333 0.019801980198019802
0 0.5133333333333333 0.745049504950495 0.02 0.024752475247524754
0 0.54 0.8267326732673267 0.02 0.033003300330033
0 0.7072222222222222 0.8737623762376238 0.034444444444444444 0.041254125412541254
0 0.9105555555555556 0.45544554455445546 0.03666666666666667 0.0462046204620462
0 0.09055555555555556 0.15181518151815182 0.034444444444444444 0.052805280528052806
0 0.6544444444444445 0.9174917491749175 0.035555555555555556 0.0462046204620462
0 0.9116666666666666 0.5379537953795379 0.034444444444444444 0.04950495049504951
0 0.7183333333333334 0.5792079207920792 0.021111111111111112 0.036303630363036306
0 0.655 0.8737623762376238 0.03222222222222222 0.041254125412541254
0 0.7061111111111111 0.9174917491749175 0.034444444444444444 0.0462046204620462
0 0.86 0.5775577557755776 0.03333333333333333 0.04950495049504951
0 0.7572222222222222 0.3688118811881188 0.034444444444444444 0.04455445544554455
0 0.08833333333333333 0.49834983498349833 0.034444444444444444 0.0462046204620462
0 0.9138888888888889 0.8778877887788779 0.034444444444444444 0.0462046204620462
0 0.2966666666666667 0.2838283828382838 0.03111111111111111 0.0429042904290429
0 0.9105555555555556 0.41171617161716173 0.034444444444444444 0.041254125412541254
0 0.24444444444444444 0.15181518151815182 0.03333333333333333 0.04950495049504951
0 0.705 0.2433993399339934 0.03666666666666667 0.037953795379537955
0 0.6538888888888889 0.7896039603960396 0.034444444444444444 0.037953795379537955
0 0.7577777777777778 0.32673267326732675 0.03111111111111111 0.036303630363036306
0 0.9122222222222223 0.6658415841584159 0.035555555555555556 0.041254125412541254
0 0.08944444444444444 0.2854785478547855 0.034444444444444444 0.039603960396039604
0 0.5027777777777778 0.44884488448844884 0.04111111111111111 0.0462046204620462
0 0.24333333333333335 0.49422442244224424 0.035555555555555556 0.04455445544554455
0 0.19055555555555556 0.6633663366336634 0.03222222222222222 0.0429042904290429
0 0.19111111111111112 0.4966996699669967 0.03111111111111111 0.039603960396039604
0 0.655 0.41336633663366334 0.03222222222222222 0.04455445544554455
0 0.91 0.37293729372937295 0.03333333333333333 0.039603960396039604
0 0.91 0.24092409240924093 0.035555555555555556 0.04950495049504951
0 0.5527777777777778 0.5354785478547854 0.034444444444444444 0.04455445544554455
0 0.8072222222222222 0.24752475247524752 0.03222222222222222 0.0429042904290429
0 0.5027777777777778 0.24174917491749176 0.04555555555555556 0.041254125412541254
0 0.19111111111111112 0.45792079207920794 0.03333333333333333 0.041254125412541254
0 0.5533333333333333 0.41089108910891087 0.03111111111111111 0.039603960396039604
0 0.9127777777777778 0.8325082508250825 0.034444444444444444 0.041254125412541254
0 0.6561111111111111 0.83003300330033 0.034444444444444444 0.0429042904290429
0 0.7066666666666667 0.83003300330033 0.03333333333333333 0.0462046204620462
0 0.24388888888888888 0.5387788778877888 0.034444444444444444 0.041254125412541254
0 0.5533333333333333 0.5783828382838284 0.03333333333333333 0.037953795379537955
0 0.2972222222222222 0.19884488448844884 0.034444444444444444 0.04455445544554455
0 0.19166666666666668 0.19801980198019803 0.034444444444444444 0.0429042904290429
0 0.9105555555555556 0.1551155115511551 0.034444444444444444 0.04950495049504951
0 0.45166666666666666 0.2863036303630363 0.034444444444444444 0.04785478547854786
0 0.655 0.4546204620462046 0.03222222222222222 0.037953795379537955
0 0.5522222222222222 0.6658415841584159 0.035555555555555556 0.041254125412541254
0 0.8605555555555555 0.6237623762376238 0.034444444444444444 0.0462046204620462
0 0.29555555555555557 0.41336633663366334 0.03333333333333333 0.041254125412541254
0 0.8077777777777778 0.2887788778877888 0.03111111111111111 0.039603960396039604
0 0.09 0.3704620462046205 0.03333333333333333 0.041254125412541254
0 0.8572222222222222 0.28795379537953797 0.03666666666666667 0.04455445544554455
0 0.6044444444444445 0.2871287128712871 0.035555555555555556 0.0462046204620462
0 0.705 0.41336633663366334 0.034444444444444444 0.041254125412541254
0 0.7055555555555556 0.2854785478547855 0.03333333333333333 0.0462046204620462
0 0.655 0.5379537953795379 0.03222222222222222 0.0429042904290429
0 0.24333333333333335 0.19966996699669967 0.03333333333333333 0.0462046204620462
0 0.2966666666666667 0.15346534653465346 0.035555555555555556 0.0462046204620462
0 0.1411111111111111 0.15346534653465346 0.035555555555555556 0.0462046204620462
0 0.1922222222222222 0.3259075907590759 0.03333333333333333 0.041254125412541254
0 0.2966666666666667 0.32755775577557755 0.03333333333333333 0.04455445544554455
0 0.7577777777777778 0.1542904290429043 0.03333333333333333 0.04785478547854786
0 0.8088888888888889 0.1551155115511551 0.03333333333333333 0.04950495049504951
0 0.19111111111111112 0.5387788778877888 0.035555555555555556 0.04785478547854786
0 0.7055555555555556 0.1542904290429043 0.035555555555555556 0.04785478547854786
0 0.19277777777777777 0.24257425742574257 0.034444444444444444 0.0462046204620462
0 0.6538888888888889 0.7070957095709571 0.034444444444444444 0.037953795379537955
0 0.1411111111111111 0.2887788778877888 0.03333333333333333 0.0429042904290429
0 0.86 0.6674917491749175 0.035555555555555556 0.04455445544554455
0 0.9122222222222223 0.6212871287128713 0.035555555555555556 0.04785478547854786
0 0.08888888888888889 0.24422442244224424 0.035555555555555556 0.039603960396039604
0 0.7055555555555556 0.20132013201320131 0.035555555555555556 0.0429042904290429
0 0.1922222222222222 0.3712871287128713 0.03333333333333333 0.0462046204620462
0 0.14055555555555554 0.3712871287128713 0.03222222222222222 0.0429042904290429
0 0.40055555555555555 0.19966996699669967 0.034444444444444444 0.0462046204620462
0 0.40055555555555555 0.15099009900990099 0.034444444444444444 0.04785478547854786
0 0.14 0.3292079207920792 0.035555555555555556 0.041254125412541254
0 0.08944444444444444 0.45544554455445546 0.03222222222222222 0.039603960396039604
0 0.3488888888888889 0.15264026402640263 0.035555555555555556 0.05115511551155116
0 0.14055555555555554 0.19801980198019803 0.03666666666666667 0.0429042904290429
0 0.6033333333333334 0.37293729372937295 0.03333333333333333 0.0429042904290429
0 0.655 0.2854785478547855 0.034444444444444444 0.0429042904290429
0 0.14 0.45627062706270627 0.035555555555555556 0.041254125412541254
0 0.5527777777777778 0.24504950495049505 0.03222222222222222 0.041254125412541254
0 0.5544444444444444 0.2854785478547855 0.03111111111111111 0.039603960396039604
0 0.09 0.41254125412541254 0.03333333333333333 0.0429042904290429
0 0.19277777777777777 0.2863036303630363 0.03222222222222222 0.041254125412541254
0 0.2961111111111111 0.3712871287128713 0.034444444444444444 0.0429042904290429
0 0.7572222222222222 0.20214521452145215 0.034444444444444444 0.04785478547854786
0 0.6544444444444445 0.3704620462046205 0.03111111111111111 0.041254125412541254
0 0.7577777777777778 0.28465346534653463 0.03333333333333333 0.04455445544554455
0 0.24333333333333335 0.2433993399339934 0.03111111111111111 0.041254125412541254
0 0.6544444444444445 0.49587458745874585 0.03333333333333333 0.04455445544554455
0 0.3472222222222222 0.32838283828382836 0.03222222222222222 0.0429042904290429
0 0.14055555555555554 0.4975247524752475 0.034444444444444444 0.041254125412541254
0 0.655 0.6237623762376238 0.03222222222222222 0.039603960396039604
0 0.5538888888888889 0.20132013201320131 0.034444444444444444 0.0462046204620462
0 0.655 0.32838283828382836 0.034444444444444444 0.0429042904290429
0 0.5533333333333333 0.15181518151815182 0.035555555555555556 0.04950495049504951
0 0.8088888888888889 0.20214521452145215 0.03333333333333333 0.04785478547854786
0 0.14 0.41336633663366334 0.035555555555555556 0.04455445544554455
0 0.86 0.4521452145214521 0.035555555555555556 0.04950495049504951
0 0.24444444444444444 0.32755775577557755 0.03111111111111111 0.041254125412541254
0 0.3488888888888889 0.20132013201320131 0.035555555555555556 0.0429042904290429
0 0.8605555555555555 0.37541254125412543 0.03222222222222222 0.04785478547854786
0 0.3477777777777778 0.2871287128712871 0.03333333333333333 0.0429042904290429
0 0.5527777777777778 0.452970297029703 0.03666666666666667 0.04455445544554455
0 0.34833333333333333 0.2433993399339934 0.034444444444444444 0.041254125412541254
0 0.7044444444444444 0.3721122112211221 0.035555555555555556 0.041254125412541254
0 0.45166666666666666 0.3696369636963696 0.034444444444444444 0.0462046204620462
0 0.7055555555555556 0.45544554455445546 0.035555555555555556 0.0429042904290429
0 0.19277777777777777 0.15346534653465346 0.034444444444444444 0.0462046204620462
0 0.6544444444444445 0.7491749174917491 0.035555555555555556 0.0429042904290429
0 0.24333333333333335 0.3712871287128713 0.035555555555555556 0.0462046204620462
0 0.14 0.2433993399339934 0.03333333333333333 0.04785478547854786
0 0.24333333333333335 0.2854785478547855 0.03333333333333333 0.0429042904290429
0 0.655 0.5816831683168316 0.034444444444444444 0.04455445544554455
0 0.5533333333333333 0.3696369636963696 0.03333333333333333 0.0429042904290429
0 0.5533333333333333 0.32673267326732675 0.03333333333333333 0.0429042904290429
0 0.6544444444444445 0.6666666666666666 0.03333333333333333 0.0429042904290429