0 0.08944444444444444 0.7274220032840722 0.04111111111111111 0.05747126436781609
0 0.5038888888888889 0.5377668308702791 0.044444444444444446 0.054187192118226604
0 0.5894444444444444 0.3645320197044335 0.04 0.05582922824302135
0 0.5966666666666667 0.3251231527093596 0.042222222222222223 0.05747126436781609
0 0.17444444444444446 0.5533661740558292 0.04 0.059113300492610835
0 0.24555555555555555 0.458128078817734 0.043333333333333335 0.059113300492610835
0 0.6127777777777778 0.23891625615763548 0.042222222222222223 0.060755336617405585
0 0.21611111111111111 0.6165845648604269 0.042222222222222223 0.05747126436781609
0 0.6038888888888889 0.2848932676518883 0.043333333333333335 0.060755336617405585
0 0.26666666666666666 0.33825944170771755 0.042222222222222223 0.059113300492610835
0 0.8572222222222222 0.6683087027914614 0.04 0.05582922824302135
0 0.20944444444444443 0.6559934318555009 0.042222222222222223 0.05747126436781609
0 0.28888888888888886 0.21921182266009853 0.042222222222222223 0.060755336617405585
0 0.2038888888888889 0.3949096880131363 0.042222222222222223 0.05747126436781609
0 0.4672222222222222 0.43596059113300495 0.043333333333333335 0.06239737274220033
0 0.5822222222222222 0.40476190476190477 0.042222222222222223 0.059113300492610835
0 0.3383333333333333 0.5451559934318555 0.04111111111111111 0.05582922824302135
0 0.665 0.5320197044334976 0.04111111111111111 0.05582922824302135
0 0.6538888888888889 0.3078817733990148 0.042222222222222223 0.06403940886699508
0 0.12444444444444444 0.5287356321839081 0.03888888888888889 0.05747126436781609
0 0.13833333333333334 0.4490968801313629 0.04111111111111111 0.059113300492610835
0 0.09666666666666666 0.6880131362889984 0.04111111111111111 0.05747126436781609
0 0.6722222222222223 0.49261083743842365 0.04111111111111111 0.05582922824302135
0 0.8216666666666667 0.5656814449917899 0.042222222222222223 0.05747126436781609
0 0.6161111111111112 0.8095238095238095 0.042222222222222223 0.059113300492610835
0 0.6238888888888889 0.7676518883415435 0.042222222222222223 0.059113300492610835
0 0.7022222222222222 0.33004926108374383 0.043333333333333335 0.06239737274220033
0 0.38166666666666665 0.3078817733990148 0.04111111111111111 0.05747126436781609
0 0.11055555555555556 0.6083743842364532 0.042222222222222223 0.05747126436781609
0 0.56 0.5213464696223317 0.043333333333333335 0.06239737274220033
0 0.23166666666666666 0.23645320197044334 0.04111111111111111 0.05582922824302135
0 0.36666666666666664 0.38834154351395733 0.042222222222222223 0.060755336617405585
0 0.575 0.44499178981937604 0.03777777777777778 0.054187192118226604
0 0.22333333333333333 0.2766830870279146 0.04111111111111111 0.059113300492610835
0 0.16 0.6338259441707718 0.04111111111111111 0.059113300492610835
0 0.24666666666666667 0.7569786535303776 0.04111111111111111 0.05747126436781609
0 0.23833333333333334 0.4975369458128079 0.03777777777777778 0.05582922824302135
0 0.8633333333333333 0.6280788177339901 0.04111111111111111 0.05747126436781609
0 0.19666666666666666 0.7339901477832512 0.042222222222222223 0.05747126436781609
0 0.18833333333333332 0.1724137931034483 0.042222222222222223 0.06403940886699508
0 0.8105555555555556 0.3374384236453202 0.043333333333333335 0.06403940886699508
0 0.2538888888888889 0.7167487684729064 0.04 0.05582922824302135
0 0.21611111111111111 0.31773399014778325 0.03777777777777778 0.05582922824302135
0 0.5533333333333333 0.5632183908045977 0.042222222222222223 0.05747126436781609
0 0.2238888888888889 0.5755336617405583 0.04 0.059113300492610835
0 0.6944444444444444 0.3727422003284072 0.043333333333333335 0.06403940886699508
0 0.6794444444444444 0.45320197044334976 0.043333333333333335 0.05747126436781609
0 0.3238888888888889 0.6231527093596059 0.042222222222222223 0.05747126436781609
0 0.5038888888888889 0.23399014778325122 0.042222222222222223 0.059113300492610835
0 0.1527777777777778 0.6732348111658456 0.04111111111111111 0.054187192118226604
0 0.3461111111111111 0.506568144499179 0.042222222222222223 0.05747126436781609
0 0.28055555555555556 0.2594417077175698 0.03777777777777778 0.05582922824302135
0 0.21 0.3563218390804598 0.04 0.054187192118226604
0 0.6377777777777778 0.3899835796387521 0.03888888888888889 0.05582922824302135
0 0.8083333333333333 0.6469622331691297 0.042222222222222223 0.059113300492610835
0 0.6883333333333334 0.7134646962233169 0.043333333333333335 0.059113300492610835
0 0.8366666666666667 0.48932676518883417 0.04111111111111111 0.05582922824302135
0 0.8161111111111111 0.6059113300492611 0.042222222222222223 0.05747126436781609
0 0.19666666666666666 0.43267651888341546 0.04 0.052545155993431854
0 0.3888888888888889 0.5689655172413793 0.03888888888888889 0.05582922824302135
0 0.7711111111111111 0.5451559934318555 0.042222222222222223 0.060755336617405585
0 0.7227777777777777 0.5172413793103449 0.042222222222222223 0.059113300492610835
0 0.9588888888888889 0.40804597701149425 0.04111111111111111 0.059113300492610835
0 0.4955555555555556 0.27832512315270935 0.04111111111111111 0.06239737274220033
0 0.18888888888888888 0.47126436781609193 0.04 0.05747126436781609
0 0.5238888888888888 0.4244663382594417 0.05 0.05582922824302135
0 0.5294444444444445 0.39408866995073893 0.04777777777777778 0.047619047619047616
0 0.3527777777777778 0.4663382594417077 0.04 0.05582922824302135
0 0.27444444444444444 0.6026272577996716 0.03888888888888889 0.05747126436781609
0 0.8011111111111111 0.38013136288998356 0.04 0.059113300492610835
0 0.9 0.42857142857142855 0.04111111111111111 0.05747126436781609
0 0.43944444444444447 0.2947454844006568 0.042222222222222223 0.05747126436781609
0 0.6166666666666667 0.5090311986863711 0.04 0.05747126436781609
0 0.7016666666666667 0.6330049261083743 0.042222222222222223 0.05747126436781609
0 0.20333333333333334 0.6954022988505747 0.03888888888888889 0.054187192118226604
0 0.2388888888888889 0.19458128078817735 0.042222222222222223 0.06239737274220033
0 0.40944444444444444 0.45320197044334976 0.03888888888888889 0.05582922824302135
0 0.9011111111111111 0.7323481116584565 0.042222222222222223 0.05747126436781609
0 0.8777777777777778 0.548440065681445 0.04111111111111111 0.05747126436781609
0 0.8294444444444444 0.8243021346469622 0.044444444444444446 0.06239737274220033
0 0.8427777777777777 0.44745484400656815 0.042222222222222223 0.059113300492610835
0 0.5938888888888889 0.9277504105090312 0.042222222222222223 0.060755336617405585
0 0.9083333333333333 0.3842364532019704 0.043333333333333335 0.06403940886699508
0 0.715 0.5582922824302134 0.043333333333333335 0.059113300492610835
0 0.10388888888888889 0.6486042692939245 0.04111111111111111 0.05582922824302135
0 0.18222222222222223 0.5114942528735632 0.03888888888888889 0.05582922824302135
0 0.325 0.32348111658456485 0.043333333333333335 0.060755336617405585
0 0.6577777777777778 0.8711001642036125 0.042222222222222223 0.059113300492610835
0 0.16722222222222222 0.5919540229885057 0.03888888888888889 0.052545155993431854
0 0.7433333333333333 0.39901477832512317 0.04111111111111111 0.05747126436781609
0 0.42333333333333334 0.3735632183908046 0.042222222222222223 0.05747126436781609
0 0.4738888888888889 0.39408866995073893 0.04 0.05582922824302135
0 0.30333333333333334 0.4433497536945813 0.04 0.054187192118226604
0 0.1527777777777778 0.37192118226600984 0.04 0.05582922824302135
0 0.26055555555555554 0.38013136288998356 0.04 0.05747126436781609
0 0.3111111111111111 0.7036124794745484 0.04 0.05582922824302135
0 0.78 0.5008210180623974 0.04555555555555556 0.060755336617405585
0 0.935 0.535303776683087 0.04111111111111111 0.05747126436781609
0 0.7516666666666667 0.35467980295566504 0.04555555555555556 0.06403940886699508
0 0.1388888888888889 0.1469622331691297 0.042222222222222223 0.05747126436781609
0 0.6444444444444445 0.6486042692939245 0.04111111111111111 0.059113300492610835
0 0.9066666666666666 0.6921182266009852 0.04 0.05582922824302135
0 0.7366666666666667 0.4376026272577997 0.03777777777777778 0.054187192118226604
0 0.30333333333333334 0.7438423645320197 0.042222222222222223 0.05747126436781609
0 0.5033333333333333 0.8374384236453202 0.04111111111111111 0.05747126436781609
0 0.6588888888888889 0.5730706075533661 0.04111111111111111 0.059113300492610835
0 0.9427777777777778 0.4917898193760263 0.04111111111111111 0.060755336617405585
0 0.6372222222222222 0.6896551724137931 0.04 0.05582922824302135
0 0.4172222222222222 0.41461412151067323 0.04 0.05582922824302135
0 0.2827777777777778 0.5607553366174056 0.042222222222222223 0.059113300492610835
0 0.3883333333333333 0.2651888341543514 0.04111111111111111 0.060755336617405585
0 0.6738888888888889 0.7898193760262726 0.04111111111111111 0.059113300492610835
0 0.48055555555555557 0.3555008210180624 0.034444444444444444 0.052545155993431854
0 0.35944444444444446 0.42857142857142855 0.03888888888888889 0.052545155993431854
0 0.3327777777777778 0.8850574712643678 0.044444444444444446 0.06239737274220033
0 0.31777777777777777 0.6625615763546798 0.04 0.05582922824302135
0 0.2677777777777778 0.6420361247947455 0.03888888888888889 0.054187192118226604
0 0.5683333333333334 0.48111658456486045 0.03777777777777778 0.052545155993431854
0 0.09555555555555556 0.38834154351395733 0.04111111111111111 0.05582922824302135
0 0.5111111111111111 0.4917898193760263 0.04888888888888889 0.06568144499178982
0 0.1461111111111111 0.409688013136289 0.04 0.054187192118226604
0 0.37444444444444447 0.6469622331691297 0.03777777777777778 0.05582922824302135
0 0.7877777777777778 0.45894909688013136 0.043333333333333335 0.059113300492610835
0 0.8372222222222222 0.784072249589491 0.043333333333333335 0.05747126436781609
0 0.18333333333333332 0.8144499178981938 0.042222222222222223 0.05747126436781609
0 0.8511111111111112 0.40229885057471265 0.042222222222222223 0.06568144499178982
0 0.44722222222222224 0.25287356321839083 0.042222222222222223 0.05747126436781609
0 0.26166666666666666 0.6781609195402298 0.03666666666666667 0.05090311986863711
0 0.5794444444444444 0.9893267651888341 0.042222222222222223 0.021346469622331693
0 0.46166666666666667 0.16666666666666666 0.04111111111111111 0.06239737274220033
0 0.76 0.3111658456486043 0.044444444444444446 0.060755336617405585
0 0.13111111111111112 0.48932676518883417 0.03777777777777778 0.05582922824302135
0 0.545 0.6026272577996716 0.042222222222222223 0.059113300492610835
0 0.2738888888888889 0.2996715927750411 0.03666666666666667 0.05090311986863711
0 0.15888888888888889 0.33251231527093594 0.03888888888888889 0.05582922824302135
0 0.8927777777777778 0.47044334975369456 0.04111111111111111 0.060755336617405585
0 0.39611111111111114 0.5295566502463054 0.03777777777777778 0.05582922824302135
0 0.8505555555555555 0.7060755336617406 0.04 0.05582922824302135
0 0.2827777777777778 0.8628899835796388 0.043333333333333335 0.060755336617405585
0 0.6877777777777778 0.4154351395730706 0.04111111111111111 0.05582922824302135
0 0.1338888888888889 0.7914614121510674 0.044444444444444446 0.06239737274220033
0 0.5377777777777778 0.6412151067323482 0.04111111111111111 0.054187192118226604
0 0.645 0.35139573070607555 0.03888888888888889 0.05582922824302135
0 0.14555555555555555 0.7118226600985221 0.03888888888888889 0.054187192118226604
0 0.16722222222222222 0.2914614121510673 0.04111111111111111 0.059113300492610835
0 0.8705555555555555 0.5886699507389163 0.04111111111111111 0.05747126436781609
0 0.3338888888888889 0.2824302134646962 0.043333333333333335 0.05747126436781609
0 0.645 0.9499178981937603 0.04111111111111111 0.05747126436781609
0 0.9138888888888889 0.6518883415435139 0.04 0.05582922824302135
0 0.6022222222222222 0.8850574712643678 0.04 0.05582922824302135
0 0.38166666666666665 0.6075533661740559 0.03888888888888889 0.05582922824302135
0 0.4872222222222222 0.3185550082101806 0.03666666666666667 0.05090311986863711
0 0.28944444444444445 0.8218390804597702 0.042222222222222223 0.05747126436781609
0 0.5311111111111111 0.680623973727422 0.042222222222222223 0.059113300492610835
0 0.23277777777777778 0.8390804597701149 0.042222222222222223 0.059113300492610835
0 0.8222222222222222 0.8661740558292282 0.042222222222222223 0.05747126436781609
0 0.29 0.5205254515599343 0.04111111111111111 0.05582922824302135
0 0.6316666666666667 0.7266009852216748 0.04111111111111111 0.054187192118226604
0 0.36 0.7249589490968801 0.04 0.054187192118226604
0 0.6516666666666666 0.9113300492610837 0.03888888888888889 0.054187192118226604
0 0.18944444444444444 0.7758620689655172 0.04 0.054187192118226604
0 0.6233333333333333 0.4696223316912972 0.03777777777777778 0.05090311986863711
0 0.31055555555555553 0.40476190476190477 0.04 0.05582922824302135
0 0.31722222222222224 0.3637110016420361 0.04111111111111111 0.05747126436781609
0 0.11833333333333333 0.2684729064039409 0.04111111111111111 0.05582922824302135
0 0.37333333333333335 0.34811165845648606 0.042222222222222223 0.05747126436781609
0 0.6944444444444444 0.674055829228243 0.042222222222222223 0.05747126436781609
0 0.18055555555555555 0.21428571428571427 0.04 0.05582922824302135
0 0.5233333333333333 0.7192118226600985 0.04 0.054187192118226604
0 0.8438888888888889 0.7446633825944171 0.042222222222222223 0.05747126436781609
0 0.17444444444444446 0.25287356321839083 0.03777777777777778 0.05582922824302135
0 0.8855555555555555 0.5098522167487685 0.03888888888888889 0.054187192118226604
0 0.6516666666666666 0.6116584564860427 0.04 0.052545155993431854
0 0.5166666666666667 0.7577996715927751 0.042222222222222223 0.05747126436781609
0 0.9216666666666666 0.6116584564860427 0.042222222222222223 0.05747126436781609
0 0.4027777777777778 0.48932676518883417 0.03666666666666667 0.052545155993431854
0 0.8288888888888889 0.5270935960591133 0.043333333333333335 0.059113300492610835
0 0.2311111111111111 0.535303776683087 0.03666666666666667 0.052545155993431854
0 0.2966666666666667 0.4819376026272578 0.03888888888888889 0.05582922824302135
0 0.11055555555555556 0.3078817733990148 0.04111111111111111 0.05747126436781609
0 0.495 0.8793103448275862 0.03888888888888889 0.05582922824302135
0 0.795 0.4211822660098522 0.03888888888888889 0.052545155993431854
0 0.11722222222222223 0.5681444991789819 0.04 0.05582922824302135
0 0.2538888888888889 0.42036124794745483 0.04 0.05090311986863711
0 0.7288888888888889 0.47619047619047616 0.04 0.05747126436781609
0 0.4533333333333333 0.21018062397372742 0.042222222222222223 0.059113300492610835
0 0.7938888888888889 0.9967159277504105 0.042222222222222223 0.006568144499178982
0 0.33944444444444444 0.8440065681444991 0.042222222222222223 0.05747126436781609
0 0.08944444444444444 0.4269293924466338 0.042222222222222223 0.05747126436781609
0 0.9288888888888889 0.5747126436781609 0.04111111111111111 0.054187192118226604
0 0.5361111111111111 0.3645320197044335 0.052222222222222225 0.06239737274220033
0 0.125 0.229064039408867 0.043333333333333335 0.060755336617405585
0 0.6088888888888889 0.8481116584564861 0.03777777777777778 0.05090311986863711
0 0.33166666666666667 0.5845648604269293 0.03777777777777778 0.054187192118226604
0 0.7077777777777777 0.5952380952380952 0.03888888888888889 0.05090311986863711
0 0.5872222222222222 0.9688013136288999 0.04 0.052545155993431854
0 0.815 0.9047619047619048 0.043333333333333335 0.059113300492610835
0 0.2961111111111111 0.7832512315270936 0.03888888888888889 0.05582922824302135
0 0.6811111111111111 0.7512315270935961 0.04 0.052545155993431854
0 0.3527777777777778 0.764367816091954 0.04111111111111111 0.05747126436781609
0 0.34 0.24302134646962234 0.03888888888888889 0.05582922824302135
0 0.34555555555555556 0.8037766830870279 0.03777777777777778 0.05582922824302135
0 0.10277777777777777 0.34893267651888343 0.043333333333333335 0.059113300492610835
0 0.51 0.7988505747126436 0.04 0.054187192118226604
0 0.13111111111111112 0.18801313628899835 0.042222222222222223 0.05747126436781609
0 0.9505555555555556 0.44991789819376027 0.04111111111111111 0.059113300492610835
0 0.8072222222222222 0.944991789819376 0.04 0.054187192118226604
0 0.6305555555555555 0.43267651888341546 0.042222222222222223 0.060755336617405585
0 0.48777777777777775 0.9187192118226601 0.04 0.05747126436781609
0 0.5466666666666666 0.29802955665024633 0.051111111111111114 0.06239737274220033
0 0.08277777777777778 0.7668308702791461 0.03888888888888889 0.05582922824302135
0 0.23944444444444443 0.7980295566502463 0.04111111111111111 0.05747126436781609
0 0.08722222222222223 0.5114942528735632 0.027777777777777776 0.04597701149425287
0 0.8005555555555556 0.9778325123152709 0.04 0.04433497536945813
0 0.36666666666666664 0.6880131362889984 0.04 0.05582922824302135
0 0.5644444444444444 0.20361247947454844 0.051111111111111114 0.054187192118226604
0 0.04833333333333333 0.577175697865353 0.027777777777777776 0.04433497536945813
0 0.05555555555555555 0.5369458128078818 0.03 0.04597701149425287
0 0.13944444444444445 0.7487684729064039 0.03777777777777778 0.052545155993431854
0 0.059444444444444446 0.6699507389162561 0.027777777777777776 0.042692939244663386
0 0.4816666666666667 0.9589490968801314 0.03777777777777778 0.05582922824302135
0 0.09388888888888888 0.4745484400656814 0.027777777777777776 0.042692939244663386
0 0.5577777777777778 0.2372742200328407 0.05 0.059113300492610835
0 0.06555555555555556 0.6305418719211823 0.027777777777777776 0.04597701149425287
0 0.04055555555555555 0.6182266009852216 0.028888888888888888 0.04597701149425287
0 0.02666666666666667 0.69376026272578 0.02666666666666667 0.04433497536945813
0 0.6383333333333333 0.9802955665024631 0.043333333333333335 0.03940886699507389
0 0.06833333333333333 0.45977011494252873 0.027777777777777776 0.042692939244663386
0 0.07277777777777777 0.5886699507389163 0.02666666666666667 0.041050903119868636
0 0.02 0.7389162561576355 0.028888888888888888 0.04926108374384237
0 0.03388888888888889 0.6559934318555009 0.02666666666666667 0.041050903119868636
0 0.04555555555555556 0.7504105090311987 0.028888888888888888 0.04926108374384237
0 0.43166666666666664 0.3341543513957307 0.04 0.05582922824302135
0 0.05277777777777778 0.7060755336617406 0.027777777777777776 0.042692939244663386
0 0.08055555555555556 0.5467980295566502 0.02666666666666667 0.041050903119868636
0 0.06222222222222222 0.4967159277504105 0.02666666666666667 0.041050903119868636
0 0.4722222222222222 0.7799671592775042 0.02666666666666667 0.041050903119868636
0 0.5416666666666666 0.33251231527093594 0.05 0.054187192118226604
0 0.665 0.8316912972085386 0.04 0.05582922824302135
0 0.5538888888888889 0.2676518883415435 0.051111111111111114 0.05090311986863711