0 0.7373333333333333 0.2953125 0.04133333333333333 0.046875
0 0.49733333333333335 0.40390625 0.03333333333333333 0.0375
0 0.49133333333333334 0.38125 0.028 0.021875
0 0.4593333333333333 0.2578125 0.03866666666666667 0.0421875
0 0.8353333333333334 0.67890625 0.042666666666666665 0.0453125
0 0.67 0.2421875 0.042666666666666665 0.0484375
0 0.9553333333333334 0.7109375 0.042666666666666665 0.04375
0 0.16333333333333333 0.6296875 0.044 0.0453125
0 0.772 0.4328125 0.034666666666666665 0.040625
0 0.7893333333333333 0.5015625 0.03866666666666667 0.0390625
0 0.21466666666666667 0.83828125 0.042666666666666665 0.0453125
0 0.5006666666666667 0.8234375 0.04666666666666667 0.053125
0 0.6393333333333333 0.8125 0.044 0.046875
0 0.4666666666666667 0.290625 0.034666666666666665 0.0375
0 0.7986666666666666 0.53515625 0.04133333333333333 0.0453125
0 0.912 0.5375 0.036 0.0421875
0 0.948 0.67734375 0.044 0.046875
0 0.492 0.78671875 0.044 0.046875
0 0.9053333333333333 0.72734375 0.042666666666666665 0.0453125
0 0.93 0.60859375 0.04 0.046875
0 0.8873333333333333 0.659375 0.042666666666666665 0.046875
0 0.8173333333333334 0.1578125 0.04133333333333333 0.04375
0 0.192 0.50859375 0.044 0.0515625
0 0.624 0.74375 0.04 0.0390625
0 0.8513333333333334 0.296875 0.04 0.0390625
0 0.964 0.7453125 0.044 0.046875
0 0.8786666666666667 0.62578125 0.04133333333333333 0.04375
0 0.9026666666666666 0.5015625 0.042666666666666665 0.0484375
0 0.5813333333333334 0.57265625 0.044 0.0453125
0 0.9133333333333333 0.7625 0.04533333333333334 0.0453125
0 0.8266666666666667 0.64296875 0.04533333333333334 0.046875
0 0.8966666666666666 0.69375 0.04533333333333334 0.046875
0 0.7013333333333334 0.83203125 0.044 0.040625
0 0.482 0.5265625 0.04 0.0421875
0 0.23333333333333334 0.9078125 0.042666666666666665 0.04375
0 0.3413333333333333 0.8734375 0.04133333333333333 0.0421875
0 0.3873333333333333 0.596875 0.042666666666666665 0.0484375
0 0.78 0.4671875 0.04133333333333333 0.0484375
0 0.746 0.32734375 0.03866666666666667 0.040625
0 0.7633333333333333 0.39921875 0.04133333333333333 0.04375
0 0.6666666666666666 0.69375 0.044 0.046875
0 0.9393333333333334 0.6421875 0.04133333333333333 0.04375
0 0.6146666666666667 0.7140625 0.044 0.046875
0 0.59 0.60859375 0.04133333333333333 0.0453125
0 0.6053333333333333 0.4484375 0.04 0.0421875
0 0.606 0.6765625 0.04533333333333334 0.05
0 0.19066666666666668 0.73359375 0.04533333333333334 0.0484375
0 0.8246666666666667 0.19140625 0.042666666666666665 0.0453125
0 0.684 0.76171875 0.044 0.0484375
0 0.6146666666666667 0.48359375 0.042666666666666665 0.05
0 0.6493333333333333 0.84921875 0.042666666666666665 0.0484375
0 0.2866666666666667 0.8890625 0.042666666666666665 0.04375
0 0.5253333333333333 0.7015625 0.04133333333333333 0.04375
0 0.5106666666666667 0.86015625 0.044 0.0453125
0 0.8506666666666667 0.7453125 0.044 0.0484375
0 0.8173333333333334 0.60859375 0.04533333333333334 0.046875
0 0.8513333333333334 0.51953125 0.044 0.046875
0 0.3 0.4734375 0.042666666666666665 0.0453125
0 0.8073333333333333 0.1203125 0.04533333333333334 0.053125
0 0.534 0.7359375 0.042666666666666665 0.046875
0 0.26866666666666666 0.82109375 0.042666666666666665 0.0453125
0 0.598 0.64296875 0.044 0.0453125
0 0.6933333333333334 0.79921875 0.044 0.0453125
0 0.35933333333333334 0.71796875 0.04133333333333333 0.0421875
0 0.394 0.85625 0.044 0.0453125
0 0.24333333333333335 0.71875 0.03866666666666667 0.0421875
0 0.24533333333333332 0.490625 0.04133333333333333 0.0453125
0 0.8606666666666667 0.55625 0.044 0.0453125
0 0.4573333333333333 0.6484375 0.044 0.046875
0 0.29733333333333334 0.69921875 0.042666666666666665 0.04375
0 0.7986666666666666 0.3140625 0.044 0.046875
0 0.8093333333333333 0.571875 0.044 0.05
0 0.44066666666666665 0.58046875 0.044 0.046875
0 0.834 0.45 0.04 0.0453125
0 0.432 0.546875 0.044 0.0453125
0 0.43 0.77109375 0.044 0.05
0 0.156 0.5953125 0.042666666666666665 0.046875
0 0.5966666666666667 0.415625 0.03866666666666667 0.04375
0 0.3273333333333333 0.35078125 0.04 0.04375
0 0.25066666666666665 0.975 0.04533333333333334 0.0390625
0 0.12133333333333333 0.453125 0.04133333333333333 0.04375
0 0.28 0.63046875 0.04 0.0421875
0 0.30533333333333335 0.734375 0.04133333333333333 0.04375
0 0.18333333333333332 0.4703125 0.04133333333333333 0.04375
0 0.446 0.1953125 0.034666666666666665 0.0375
0 0.49066666666666664 0.5625 0.042666666666666665 0.0484375
0 0.25466666666666665 0.52578125 0.04533333333333334 0.0484375
0 0.224 0.8734375 0.04533333333333334 0.05
0 0.2826666666666667 0.403125 0.044 0.0484375
0 0.72 0.22578125 0.04133333333333333 0.046875
0 0.2773333333333333 0.8546875 0.044 0.0453125
0 0.316 0.54375 0.042666666666666665 0.0453125
0 0.31333333333333335 0.76875 0.044 0.0484375
0 0.886 0.43359375 0.042666666666666665 0.046875
0 0.4246666666666667 0.5109375 0.04133333333333333 0.0453125
0 0.21866666666666668 0.3828125 0.04 0.046875
0 0.8333333333333334 0.22734375 0.042666666666666665 0.046875
0 0.4726666666666667 0.49140625 0.042666666666666665 0.05
0 0.35 0.68359375 0.044 0.0484375
0 0.226 0.64765625 0.044 0.046875
0 0.23533333333333334 0.68359375 0.044 0.0484375
0 0.20933333333333334 0.578125 0.042666666666666665 0.046875
0 0.5566666666666666 0.46875 0.04133333333333333 0.04375
0 0.5386666666666666 0.16953125 0.042666666666666665 0.0484375
0 0.86 0.328125 0.042666666666666665 0.0484375
0 0.3446666666666667 0.4234375 0.04133333333333333 0.04375
0 0.38066666666666665 0.33203125 0.04 0.046875
0 0.564 0.50390625 0.04133333333333333 0.046875
0 0.342 0.64921875 0.042666666666666665 0.0453125
0 0.54 0.40078125 0.03866666666666667 0.0453125
0 0.406 0.440625 0.044 0.0453125
0 0.35333333333333333 0.4578125 0.04133333333333333 0.04375
0 0.5626666666666666 0.2765625 0.04133333333333333 0.04375
0 0.16733333333333333 0.4 0.04133333333333333 0.0453125
0 0.2906666666666667 0.43828125 0.042666666666666665 0.0453125
0 0.334 0.6140625 0.044 0.0484375
0 0.22866666666666666 0.4203125 0.04133333333333333 0.04375
0 0.17533333333333334 0.43515625 0.042666666666666665 0.0484375
0 0.8426666666666667 0.26171875 0.042666666666666665 0.04375
0 0.36133333333333334 0.4921875 0.04 0.0421875
0 0.30666666666666664 0.5078125 0.042666666666666665 0.046875
0 0.18133333333333335 0.69921875 0.044 0.0484375
0 0.5306666666666666 0.365625 0.03866666666666667 0.0421875
0 0.5546666666666666 0.24296875 0.042666666666666665 0.0453125
0 0.13 0.4875 0.044 0.0484375
0 0.26266666666666666 0.56328125 0.04 0.0453125
0 0.2653333333333333 0.33203125 0.042666666666666665 0.04375
0 0.79 0.2796875 0.044 0.0453125
0 0.41533333333333333 0.475 0.04133333333333333 0.046875
0 0.548 0.43359375 0.04133333333333333 0.04375
0 0.23666666666666666 0.45390625 0.042666666666666665 0.046875
0 0.37133333333333335 0.528125 0.042666666666666665 0.05
0 0.484 0.36015625 0.04 0.04375
0 0.842 0.709375 0.04 0.0421875
0 0.21133333333333335 0.765625 0.029333333333333333 0.0328125
0 0.5886666666666667 0.7578125 0.028 0.0328125
0 0.4646666666666667 0.45625 0.04133333333333333 0.034375
0 0.394 0.63125 0.042666666666666665 0.046875
0 0.13933333333333334 0.525 0.044 0.05
0 0.6313333333333333 0.7765625 0.044 0.0484375
0 0.37733333333333335 0.78671875 0.044 0.046875
0 0.21733333333333332 0.6125 0.044 0.0453125
0 0.4033333333333333 0.890625 0.04533333333333334 0.046875
0 0.296 0.925 0.042666666666666665 0.05
0 0.632 0.55546875 0.044 0.0484375
0 0.5186666666666667 0.8921875 0.04533333333333334 0.046875
0 0.32266666666666666 0.80234375 0.042666666666666665 0.04375
0 0.658 0.66015625 0.04533333333333334 0.04375
0 0.34933333333333333 0.9078125 0.044 0.046875
0 0.5086666666666667 0.6328125 0.042666666666666665 0.0484375
0 0.466 0.68359375 0.044 0.046875
0 0.6 0.19140625 0.04133333333333333 0.0453125
0 0.8706666666666667 0.59296875 0.04533333333333334 0.046875
0 0.8766666666666667 0.39921875 0.044 0.046875
0 0.6753333333333333 0.725 0.042666666666666665 0.0453125
0 0.8946666666666667 0.46796875 0.04133333333333333 0.04375
0 0.38 0.5625 0.03866666666666667 0.040625
0 0.5513333333333333 0.8046875 0.042666666666666665 0.0484375
0 0.5613333333333334 0.8390625 0.042666666666666665 0.046875
0 0.38533333333333336 0.82265625 0.044 0.0453125
0 0.306 0.9625 0.04133333333333333 0.04375
0 0.868 0.36484375 0.044 0.0453125
0 0.256 0.29453125 0.044 0.05
0 0.11133333333333334 0.41640625 0.04 0.0484375
0 0.20666666666666667 0.80078125 0.04666666666666667 0.053125
0 0.484 0.75390625 0.042666666666666665 0.04375
0 0.6226666666666667 0.51953125 0.042666666666666665 0.0453125
0 0.5733333333333334 0.5390625 0.04133333333333333 0.04375
0 0.358 0.94140625 0.044 0.04375
0 0.73 0.26015625 0.03866666666666667 0.040625
0 0.26 0.78671875 0.042666666666666665 0.046875
0 0.41133333333333333 0.925 0.04533333333333334 0.0453125
0 0.9206666666666666 0.5734375 0.042666666666666665 0.0484375
0 0.332 0.8375 0.044 0.0515625
0 0.4746666666666667 0.71953125 0.04533333333333334 0.0484375
0 0.842 0.48515625 0.042666666666666665 0.0453125
0 0.5433333333333333 0.76953125 0.04133333333333333 0.04375
0 0.6406666666666667 0.59140625 0.04533333333333334 0.0484375
0 0.4033333333333333 0.6671875 0.04533333333333334 0.046875
0 0.45 0.61484375 0.04133333333333333 0.04375
0 0.42133333333333334 0.73515625 0.044 0.0453125
0 0.5693333333333334 0.8734375 0.042666666666666665 0.0453125
0 0.5906666666666667 0.15546875 0.044 0.0484375
0 0.172 0.66328125 0.04133333333333333 0.04375
0 0.4126666666666667 0.70078125 0.044 0.0453125
0 0.7553333333333333 0.36171875 0.044 0.05
0 0.5893333333333334 0.38203125 0.04133333333333333 0.04375
0 0.8166666666666667 0.38203125 0.042666666666666665 0.0453125
0 0.148 0.5625 0.042666666666666665 0.0453125
0 0.65 0.62578125 0.048 0.046875
0 0.252 0.75234375 0.04133333333333333 0.04375
0 0.3253333333333333 0.57734375 0.044 0.0453125
0 0.8606666666666667 0.78046875 0.04133333333333333 0.04375
0 0.8073333333333333 0.346875 0.042666666666666665 0.0453125
0 0.24266666666666667 0.94453125 0.04533333333333334 0.05
0 0.2713333333333333 0.59609375 0.04133333333333333 0.04375
0 0.20066666666666666 0.5453125 0.04 0.0421875
0 0.5166666666666667 0.6671875 0.042666666666666665 0.0453125
0 0.826 0.41640625 0.04133333333333333 0.04375
0 0.7726666666666666 0.2078125 0.04133333333333333 0.0484375
0 0.45066666666666666 0.2234375 0.034666666666666665 0.0375
0 0.36866666666666664 0.7515625 0.044 0.046875
0 0.5 0.596875 0.044 0.046875
0 0.45666666666666667 0.42421875 0.04 0.0421875
0 0.274 0.3671875 0.044 0.046875
0 0.2886666666666667 0.665625 0.044 0.046875
0 0.5213333333333333 0.33125 0.04 0.0453125
0 0.42933333333333334 0.3125 0.04133333333333333 0.04375
0 0.43933333333333335 0.35078125 0.042666666666666665 0.05
0 0.782 0.2453125 0.044 0.046875
0 0.44866666666666666 0.38984375 0.04133333333333333 0.046875
0 0.5813333333333334 0.3484375 0.042666666666666665 0.0453125
0 0.33666666666666667 0.38671875 0.042666666666666665 0.0484375
0 0.38866666666666666 0.3703125 0.042666666666666665 0.0453125
0 0.5473333333333333 0.2078125 0.044 0.0484375
0 0.3973333333333333 0.4046875 0.044 0.0453125
0 0.5126666666666667 0.29453125 0.042666666666666665 0.05
0 0.5713333333333334 0.31171875 0.044 0.05