0 0.6486666666666666 0.89296875 0.036 0.0328125
0 0.7573333333333333 0.85546875 0.037333333333333336 0.0359375
0 0.8673333333333333 0.71328125 0.036 0.0359375
0 0.502 0.26328125 0.03333333333333333 0.0328125
0 0.294 0.82109375 0.03866666666666667 0.0359375
0 0.8686666666666667 0.67734375 0.036 0.0328125
0 0.45866666666666667 0.67734375 0.032 0.0328125
0 0.12866666666666668 0.38046875 0.036 0.0359375
0 0.5033333333333333 0.1984375 0.030666666666666665 0.025
0 0.8673333333333333 0.5328125 0.03333333333333333 0.03125
0 0.5953333333333334 0.88984375 0.036 0.0328125
0 0.648 0.8578125 0.034666666666666665 0.0375
0 0.2946666666666667 0.89140625 0.037333333333333336 0.0359375
0 0.65 0.7140625 0.036 0.0375
0 0.6506666666666666 0.56875 0.034666666666666665 0.03125
0 0.34933333333333333 0.85546875 0.034666666666666665 0.0328125
0 0.34933333333333333 0.81953125 0.034666666666666665 0.0328125
0 0.406 0.89296875 0.036 0.0359375
0 0.5466666666666666 0.3125 0.034666666666666665 0.0375
0 0.87 0.425 0.03333333333333333 0.0375
0 0.54 0.85703125 0.034666666666666665 0.0359375
0 0.76 0.3875 0.032 0.034375
0 0.6506666666666666 0.3125 0.034666666666666665 0.040625
0 0.45866666666666667 0.85703125 0.034666666666666665 0.0359375
0 0.2946666666666667 0.63828125 0.032 0.0359375
0 0.7046666666666667 0.74921875 0.036 0.0328125
0 0.868 0.496875 0.034666666666666665 0.034375
0 0.18533333333333332 0.3421875 0.037333333333333336 0.040625
0 0.5426666666666666 0.71171875 0.037333333333333336 0.0390625
0 0.7033333333333334 0.85625 0.036 0.0375
0 0.406 0.8578125 0.03333333333333333 0.034375
0 0.8153333333333334 0.53359375 0.03333333333333333 0.0328125
0 0.4073333333333333 0.309375 0.03333333333333333 0.0375
0 0.24 0.30703125 0.032 0.0390625
0 0.296 0.49453125 0.034666666666666665 0.0359375
0 0.5953333333333334 0.784375 0.036 0.03125
0 0.23866666666666667 0.8546875 0.034666666666666665 0.034375
0 0.23866666666666667 0.603125 0.037333333333333336 0.034375
0 0.29333333333333333 0.675 0.034666666666666665 0.034375
0 0.594 0.8546875 0.036 0.0375
0 0.3506666666666667 0.71171875 0.037333333333333336 0.0359375
0 0.128 0.4578125 0.034666666666666665 0.034375
0 0.184 0.41796875 0.034666666666666665 0.0421875
0 0.12866666666666668 0.30703125 0.036 0.0359375
0 0.8133333333333334 0.7140625 0.034666666666666665 0.034375
0 0.76 0.60546875 0.034666666666666665 0.0328125
0 0.24 0.34453125 0.034666666666666665 0.0328125
0 0.542 0.78515625 0.03333333333333333 0.0359375
0 0.5426666666666666 0.67421875 0.034666666666666665 0.0328125
0 0.7066666666666667 0.60703125 0.037333333333333336 0.0359375
0 0.87 0.3140625 0.03333333333333333 0.034375
0 0.18466666666666667 0.528125 0.03866666666666667 0.0375
0 0.45866666666666667 0.821875 0.034666666666666665 0.034375
0 0.7586666666666667 0.78515625 0.037333333333333336 0.0359375
0 0.704 0.7859375 0.034666666666666665 0.034375
0 0.24 0.709375 0.034666666666666665 0.034375
0 0.596 0.56640625 0.034666666666666665 0.0328125
0 0.352 0.53046875 0.034666666666666665 0.0390625
0 0.5993333333333334 0.3109375 0.03333333333333333 0.034375
0 0.12866666666666668 0.41953125 0.03866666666666667 0.0390625
0 0.8153333333333334 0.49609375 0.036 0.0359375
0 0.12733333333333333 0.4953125 0.036 0.040625
0 0.816 0.31484375 0.034666666666666665 0.0390625
0 0.5433333333333333 0.56796875 0.03333333333333333 0.0328125
0 0.29733333333333334 0.421875 0.037333333333333336 0.0375
0 0.406 0.678125 0.036 0.034375
0 0.2946666666666667 0.78515625 0.037333333333333336 0.0359375
0 0.35 0.7484375 0.036 0.0375
0 0.814 0.67734375 0.036 0.0359375
0 0.3526666666666667 0.30859375 0.03333333333333333 0.0359375
0 0.7613333333333333 0.534375 0.034666666666666665 0.034375
0 0.6513333333333333 0.45859375 0.036 0.0359375
0 0.7606666666666667 0.56953125 0.036 0.0359375
0 0.5433333333333333 0.6390625 0.036 0.0375
0 0.5973333333333334 0.4234375 0.032 0.034375
0 0.45866666666666667 0.78515625 0.034666666666666665 0.0359375
0 0.7046666666666667 0.64296875 0.036 0.0359375
0 0.706 0.35 0.036 0.034375
0 0.5973333333333334 0.459375 0.034666666666666665 0.0375
0 0.6513333333333333 0.35 0.036 0.0375
0 0.7053333333333334 0.46015625 0.034666666666666665 0.0328125
0 0.45866666666666667 0.6421875 0.034666666666666665 0.034375
0 0.6486666666666666 0.7859375 0.036 0.0375
0 0.4066666666666667 0.53125 0.037333333333333336 0.0375
0 0.7066666666666667 0.3890625 0.034666666666666665 0.034375
0 0.46 0.42109375 0.034666666666666665 0.0390625
0 0.4066666666666667 0.60390625 0.037333333333333336 0.0359375
0 0.23933333333333334 0.4953125 0.036 0.0375
0 0.45866666666666667 0.60625 0.034666666666666665 0.034375
0 0.3526666666666667 0.346875 0.036 0.0375
0 0.296 0.384375 0.034666666666666665 0.034375
0 0.45866666666666667 0.56875 0.034666666666666665 0.0375
0 0.23933333333333334 0.6390625 0.036 0.0375
0 0.35133333333333333 0.56796875 0.03333333333333333 0.0359375
0 0.5966666666666667 0.496875 0.036 0.0375
0 0.23933333333333334 0.746875 0.036 0.040625
0 0.706 0.4953125 0.036 0.034375
0 0.544 0.49609375 0.034666666666666665 0.0359375
0 0.5446666666666666 0.34921875 0.03333333333333333 0.0359375
0 0.8153333333333334 0.42578125 0.036 0.0328125
0 0.7606666666666667 0.46171875 0.036 0.0359375
0 0.46 0.459375 0.034666666666666665 0.034375
0 0.4066666666666667 0.7859375 0.037333333333333336 0.0375
0 0.596 0.75 0.037333333333333336 0.0375
0 0.46 0.384375 0.034666666666666665 0.034375
0 0.596 0.675 0.037333333333333336 0.0375
0 0.46066666666666667 0.3484375 0.03333333333333333 0.034375
0 0.706 0.5703125 0.036 0.034375
0 0.406 0.459375 0.036 0.034375
0 0.352 0.3859375 0.034666666666666665 0.0375
0 0.76 0.67890625 0.037333333333333336 0.0390625
0 0.46066666666666667 0.31015625 0.036 0.0390625
0 0.706 0.53359375 0.036 0.0390625
0 0.6506666666666666 0.53359375 0.034666666666666665 0.0359375
0 0.5973333333333334 0.3484375 0.034666666666666665 0.0375
0 0.408 0.38515625 0.034666666666666665 0.0359375
0 0.5433333333333333 0.5328125 0.036 0.034375
0 0.29733333333333334 0.30703125 0.034666666666666665 0.0390625
0 0.6513333333333333 0.49609375 0.036 0.0359375
0 0.5446666666666666 0.38828125 0.03333333333333333 0.0390625
0 0.5973333333333334 0.3875 0.034666666666666665 0.0375
0 0.544 0.46015625 0.034666666666666665 0.0359375
0 0.868 0.5671875 0.034666666666666665 0.0375
0 0.5946666666666667 0.81796875 0.034666666666666665 0.0359375
0 0.7046666666666667 0.678125 0.03333333333333333 0.034375
0 0.868 0.60546875 0.037333333333333336 0.0359375
0 0.5426666666666666 0.603125 0.032 0.034375
0 0.5413333333333333 0.75 0.034666666666666665 0.034375
0 0.29533333333333334 0.45859375 0.036 0.0359375
0 0.23933333333333334 0.4578125 0.036 0.0375
0 0.8686666666666667 0.46171875 0.036 0.0328125
0 0.406 0.82265625 0.036 0.0359375
0 0.18466666666666667 0.56484375 0.036 0.0359375
0 0.3506666666666667 0.89296875 0.037333333333333336 0.0390625
0 0.7606666666666667 0.4984375 0.036 0.034375
0 0.34933333333333333 0.6765625 0.034666666666666665 0.034375
0 0.8146666666666667 0.6046875 0.034666666666666665 0.034375
0 0.2946666666666667 0.746875 0.037333333333333336 0.0375
0 0.23933333333333334 0.38125 0.036 0.0375
0 0.8153333333333334 0.46171875 0.03333333333333333 0.0359375
0 0.8673333333333333 0.6421875 0.036 0.034375
0 0.23933333333333334 0.7859375 0.036 0.034375
0 0.24 0.5328125 0.037333333333333336 0.0375
0 0.65 0.64140625 0.03333333333333333 0.0328125
0 0.45866666666666667 0.4953125 0.034666666666666665 0.034375
0 0.18466666666666667 0.49140625 0.036 0.0359375
0 0.296 0.346875 0.034666666666666665 0.0375
0 0.5953333333333334 0.6390625 0.03333333333333333 0.03125
0 0.4066666666666667 0.71484375 0.037333333333333336 0.0359375
0 0.23933333333333334 0.89140625 0.036 0.0390625
0 0.23933333333333334 0.56796875 0.036 0.0359375
0 0.18533333333333332 0.30625 0.037333333333333336 0.034375
0 0.5953333333333334 0.71328125 0.036 0.0359375
0 0.184 0.45703125 0.034666666666666665 0.0328125
0 0.2946666666666667 0.56875 0.037333333333333336 0.0375
0 0.34933333333333333 0.64140625 0.034666666666666665 0.0328125
0 0.35133333333333333 0.49375 0.036 0.034375
0 0.4066666666666667 0.56796875 0.034666666666666665 0.0359375
0 0.8146666666666667 0.3890625 0.037333333333333336 0.034375
0 0.65 0.3890625 0.03333333333333333 0.034375
0 0.6506666666666666 0.6765625 0.037333333333333336 0.0375
0 0.184 0.60390625 0.037333333333333336 0.0390625
0 0.76 0.42421875 0.034666666666666665 0.0359375
0 0.8153333333333334 0.35234375 0.036 0.0359375
0 0.814 0.56953125 0.036 0.0359375
0 0.3506666666666667 0.60390625 0.034666666666666665 0.0359375
0 0.8146666666666667 0.64140625 0.034666666666666665 0.0359375
0 0.45866666666666667 0.74921875 0.034666666666666665 0.0359375
0 0.504 0.24453125 0.028 0.00625
0 0.406 0.64140625 0.036 0.0359375
0 0.5446666666666666 0.425 0.03333333333333333 0.03125
0 0.7586666666666667 0.7171875 0.034666666666666665 0.034375
0 0.7053333333333334 0.425 0.034666666666666665 0.0375
0 0.34933333333333333 0.7859375 0.034666666666666665 0.034375
0 0.7613333333333333 0.35078125 0.034666666666666665 0.0359375
0 0.4593333333333333 0.53046875 0.036 0.0359375
0 0.6506666666666666 0.6046875 0.037333333333333336 0.0375
0 0.596 0.603125 0.034666666666666665 0.0375
0 0.598 0.53359375 0.036 0.0328125
0 0.4086666666666667 0.34765625 0.036 0.0359375
0 0.4066666666666667 0.49453125 0.034666666666666665 0.0359375
0 0.502 0.39921875 0.02266666666666667 0.0203125
0 0.5013333333333333 0.36875 0.032 0.034375
0 0.5013333333333333 0.42109375 0.029333333333333333 0.0234375
0 0.23866666666666667 0.81875 0.037333333333333336 0.034375
0 0.5046666666666667 0.78515625 0.02 0.0296875
0 0.7033333333333334 0.81953125 0.03333333333333333 0.0328125
0 0.7613333333333333 0.31484375 0.032 0.0328125
0 0.12866666666666668 0.34375 0.036 0.034375
0 0.8673333333333333 0.8578125 0.03866666666666667 0.034375
0 0.8673333333333333 0.82421875 0.036 0.0328125
0 0.24 0.41953125 0.034666666666666665 0.0390625
0 0.8666666666666667 0.8921875 0.037333333333333336 0.034375
0 0.704 0.7140625 0.037333333333333336 0.0375
0 0.8693333333333333 0.38828125 0.032 0.0359375
0 0.54 0.89296875 0.034666666666666665 0.0328125
0 0.6506666666666666 0.42109375 0.032 0.0296875
0 0.5406666666666666 0.82109375 0.03333333333333333 0.0359375
0 0.8673333333333333 0.7890625 0.036 0.0375
0 0.7073333333333334 0.31328125 0.03333333333333333 0.0328125
0 0.184 0.37890625 0.032 0.0328125
0 0.128 0.27109375 0.037333333333333336 0.0359375
0 0.12933333333333333 0.234375 0.034666666666666665 0.0375
0 0.504 0.2265625 0.029333333333333333 0.028125
0 0.7586666666666667 0.8921875 0.034666666666666665 0.034375
0 0.29533333333333334 0.6046875 0.036 0.03125
0 0.868 0.3515625 0.032 0.0375
0 0.5013333333333333 0.29453125 0.029333333333333333 0.0296875
0 0.8133333333333334 0.75 0.034666666666666665 0.0375
0 0.45866666666666667 0.8921875 0.034666666666666665 0.034375
0 0.45866666666666667 0.71328125 0.032 0.0359375
0 0.6493333333333333 0.821875 0.034666666666666665 0.03125
0 0.23933333333333334 0.675 0.03333333333333333 0.03125
0 0.868 0.7515625 0.037333333333333336 0.040625
0 0.296 0.53125 0.034666666666666665 0.0375
0 0.2946666666666667 0.85625 0.034666666666666665 0.03125
0 0.294 0.709375 0.036 0.034375
0 0.758 0.82109375 0.036 0.0328125
0 0.352 0.421875 0.034666666666666665 0.034375
0 0.704 0.89375 0.037333333333333336 0.034375
0 0.4053333333333333 0.75078125 0.034666666666666665 0.0328125
0 0.352 0.45859375 0.034666666666666665 0.0328125
0 0.7586666666666667 0.75078125 0.034666666666666665 0.0328125
0 0.76 0.63984375 0.034666666666666665 0.0359375
0 0.65 0.75 0.03333333333333333 0.034375
0 0.7606666666666667 0.2765625 0.03333333333333333 0.040625
0 0.4073333333333333 0.421875 0.036 0.0375