0 0.85875 0.685126582278481 0.04 0.04588607594936709
0 0.79375 0.7294303797468354 0.0375 0.04272151898734177
0 0.809375 0.9620253164556962 0.0375 0.04272151898734177
0 0.79 0.754746835443038 0.04125 0.05221518987341772
0 0.483125 0.634493670886076 0.0275 0.030063291139240507
0 0.755625 0.620253164556962 0.03875 0.03955696202531646
0 0.848125 0.7444620253164557 0.04 0.04588607594936709
0 0.466875 0.7294303797468354 0.02125 0.028481012658227847
0 0.43625 0.9058544303797469 0.025 0.03164556962025317
0 0.771875 0.8528481012658228 0.0375 0.04272151898734177
0 0.83625 0.8061708860759493 0.04125 0.04746835443037975
0 0.7675 0.8805379746835443 0.03625 0.03955696202531646
0 0.385 0.47468354430379744 0.03875 0.03955696202531646
0 0.124375 0.3259493670886076 0.0375 0.04272151898734177
0 0.81625 0.6068037974683544 0.03875 0.04272151898734177
0 0.469375 0.7096518987341772 0.02375 0.02689873417721519
0 0.84375 0.7745253164556962 0.04 0.04272151898734177
0 0.485 0.6147151898734177 0.02625 0.02531645569620253
0 0.815 0.9287974683544303 0.04 0.04430379746835443
0 0.8025 0.9841772151898734 0.04125 0.03164556962025317
0 0.82125 0.8987341772151899 0.04 0.03955696202531646
0 0.728125 0.4588607594936709 0.04375 0.055379746835443035
0 0.766875 0.5569620253164557 0.03875 0.04272151898734177
0 0.76125 0.5933544303797469 0.04125 0.0490506329113924
0 0.83125 0.8370253164556962 0.04 0.04272151898734177
0 0.119375 0.3583860759493671 0.03375 0.03481012658227848
0 0.7625 0.9137658227848101 0.04 0.04588607594936709
0 0.086875 0.5395569620253164 0.03875 0.03955696202531646
0 0.87 0.6210443037974683 0.03625 0.0379746835443038
0 0.38 0.49920886075949367 0.03875 0.04588607594936709
0 0.256875 0.5617088607594937 0.0375 0.04272151898734177
0 0.185 0.6360759493670886 0.0325 0.030063291139240507
0 0.44 0.8829113924050633 0.02625 0.030063291139240507
0 0.755625 0.9454113924050633 0.03875 0.04272151898734177
0 0.825625 0.8686708860759493 0.04125 0.04746835443037975
0 0.083125 0.569620253164557 0.03875 0.04272151898734177
0 0.231875 0.685126582278481 0.0375 0.04272151898734177
0 0.875 0.5917721518987342 0.03625 0.0379746835443038
0 0.049375 0.7563291139240507 0.0375 0.04272151898734177
0 0.195625 0.5767405063291139 0.0375 0.03639240506329114
0 0.05375 0.7262658227848101 0.03625 0.03955696202531646
0 0.811875 0.6360759493670886 0.0375 0.04272151898734177
0 0.59375 0.8939873417721519 0.03875 0.03639240506329114
0 0.88125 0.560126582278481 0.0425 0.04746835443037975
0 0.180625 0.3449367088607595 0.035 0.03481012658227848
0 0.744375 0.992879746835443 0.04 0.014240506329113924
0 0.778125 0.821993670886076 0.0425 0.04588607594936709
0 0.783125 0.7903481012658228 0.04 0.04430379746835443
0 0.740625 0.7112341772151899 0.0375 0.03955696202531646
0 0.37875 0.8259493670886076 0.035 0.03322784810126582
0 0.75 0.9762658227848101 0.04 0.04272151898734177
0 0.67125 0.46360759493670883 0.03625 0.04272151898734177
0 0.70375 0.6036392405063291 0.03625 0.03639240506329114
0 0.238125 0.6550632911392406 0.04 0.04746835443037975
0 0.43875 0.4897151898734177 0.04 0.04430379746835443
0 0.2725 0.47151898734177217 0.035 0.0379746835443038
0 0.06 0.694620253164557 0.0375 0.04272151898734177
0 0.2175 0.7761075949367089 0.03625 0.03955696202531646
0 0.22375 0.7460443037974683 0.03625 0.04113924050632911
0 0.70875 0.5743670886075949 0.03625 0.03955696202531646
0 0.65 0.5862341772151899 0.03875 0.03955696202531646
0 0.065625 0.6653481012658228 0.0375 0.04272151898734177
0 0.115 0.7112341772151899 0.0375 0.04272151898734177
0 0.26125 0.5316455696202531 0.03625 0.03955696202531646
0 0.319375 0.8401898734177216 0.0375 0.04272151898734177
0 0.29875 0.6384493670886076 0.04 0.04430379746835443
0 0.26 0.8560126582278481 0.04125 0.04272151898734177
0 0.654375 0.557753164556962 0.0375 0.04272151898734177
0 0.245 0.622626582278481 0.04125 0.04588607594936709
0 0.390625 0.4454113924050633 0.0425 0.04746835443037975
0 0.2725 0.7911392405063291 0.04 0.04272151898734177
0 0.599375 0.8631329113924051 0.03875 0.04113924050632911
0 0.57375 0.6930379746835443 0.03875 0.04272151898734177
0 0.28875 0.6993670886075949 0.0375 0.04272151898734177
0 0.20625 0.8393987341772152 0.04125 0.04588607594936709
0 0.180625 0.6669303797468354 0.04 0.0490506329113924
0 0.613125 0.4786392405063291 0.0375 0.04113924050632911
0 0.54125 0.877373417721519 0.03875 0.04272151898734177
0 0.519375 0.6764240506329114 0.035 0.03955696202531646
0 0.10375 0.4501582278481013 0.03875 0.04272151898734177
0 0.163125 0.43908227848101267 0.03875 0.04113924050632911
0 0.314375 0.8718354430379747 0.04 0.04430379746835443
0 0.16375 0.759493670886076 0.03875 0.04430379746835443
0 0.206875 0.5126582278481012 0.03875 0.03955696202531646
0 0.605 0.8306962025316456 0.03875 0.04272151898734177
0 0.33125 0.4549050632911392 0.0375 0.03955696202531646
0 0.57875 0.6613924050632911 0.03875 0.04430379746835443
0 0.32625 0.4833860759493671 0.03875 0.04272151898734177
0 0.691875 0.6637658227848101 0.04125 0.0490506329113924
0 0.589375 0.9232594936708861 0.04125 0.04588607594936709
0 0.335625 0.747626582278481 0.03875 0.04430379746835443
0 0.40125 0.7049050632911392 0.0375 0.04113924050632911
0 0.2175 0.4525316455696203 0.03875 0.04272151898734177
0 0.395625 0.7341772151898734 0.03875 0.04113924050632911
0 0.12 0.6811708860759493 0.04 0.04430379746835443
0 0.293125 0.6700949367088608 0.03875 0.04272151898734177
0 0.265625 0.8235759493670886 0.04 0.04588607594936709
0 0.108125 0.41930379746835444 0.03875 0.04430379746835443
0 0.745625 0.6819620253164557 0.04125 0.04588607594936709
0 0.314375 0.5482594936708861 0.04 0.04272151898734177
0 0.353125 0.6550632911392406 0.03625 0.0379746835443038
0 0.283125 0.40901898734177217 0.03875 0.04113924050632911
0 0.3425 0.3947784810126582 0.03875 0.04272151898734177
0 0.6275 0.7088607594936709 0.0375 0.04113924050632911
0 0.4025 0.37895569620253167 0.0375 0.04272151898734177
0 0.48 0.8939873417721519 0.04 0.04588607594936709
0 0.644375 0.6147151898734177 0.04125 0.04588607594936709
0 0.28875 0.379746835443038 0.03625 0.03955696202531646
0 0.34875 0.3623417721518987 0.0425 0.04588607594936709
0 0.358125 0.625 0.0375 0.04430379746835443
0 0.2225 0.4224683544303797 0.03875 0.04113924050632911
0 0.07125 0.6329113924050633 0.04125 0.04746835443037975
0 0.62125 0.7397151898734177 0.03875 0.04430379746835443
0 0.491875 0.8299050632911392 0.04 0.0490506329113924
0 0.601875 0.5371835443037974 0.03875 0.04272151898734177
0 0.485625 0.8631329113924051 0.03875 0.04272151898734177
0 0.125625 0.6487341772151899 0.04 0.04430379746835443
0 0.1675 0.4098101265822785 0.0375 0.04272151898734177
0 0.569375 0.7223101265822784 0.04 0.04272151898734177
0 0.19 0.6060126582278481 0.04 0.04746835443037975
0 0.450625 0.42800632911392406 0.035 0.0379746835443038
0 0.335625 0.4248417721518987 0.03875 0.04272151898734177
0 0.5625 0.7539556962025317 0.03875 0.04430379746835443
0 0.536875 0.5814873417721519 0.035 0.0379746835443038
0 0.395625 0.41060126582278483 0.04 0.04430379746835443
0 0.525 0.6431962025316456 0.03625 0.03955696202531646
0 0.346875 0.6867088607594937 0.03875 0.04588607594936709
0 0.59625 0.5704113924050633 0.04 0.04588607594936709
0 0.42375 0.5806962025316456 0.03875 0.04430379746835443
0 0.320625 0.5174050632911392 0.04 0.04430379746835443
0 0.174375 0.377373417721519 0.04 0.0490506329113924
0 0.53125 0.6123417721518988 0.03875 0.04430379746835443
0 0.61875 0.44699367088607594 0.04125 0.04746835443037975
0 0.200625 0.5450949367088608 0.0425 0.0490506329113924
0 0.563125 0.43037974683544306 0.0425 0.04746835443037975
0 0.36375 0.5925632911392406 0.04 0.04430379746835443
0 0.473125 0.6914556962025317 0.025 0.02531645569620253
0 0.48625 0.5411392405063291 0.04375 0.04113924050632911
0 0.47875 0.6542721518987342 0.02375 0.02689873417721519
0 0.509375 0.4129746835443038 0.035 0.02531645569620253
0 0.4375 0.814873417721519 0.035 0.03164556962025317
0 0.514375 0.3852848101265823 0.0425 0.0490506329113924
0 0.495625 0.49050632911392406 0.0375 0.04272151898734177
0 0.47625 0.6740506329113924 0.025 0.02531645569620253
0 0.50125 0.4588607594936709 0.04 0.04430379746835443
0 0.865 0.6534810126582279 0.04 0.04272151898734177
0 0.85375 0.7151898734177216 0.035 0.03639240506329114
0 0.50625 0.4311708860759494 0.0325 0.028481012658227847
0 0.483125 0.5640822784810127 0.035 0.030063291139240507
0 0.480625 0.5799050632911392 0.03 0.015822784810126583
0 0.434375 0.8306962025316456 0.03125 0.01740506329113924
0 0.385 0.7974683544303798 0.03875 0.04430379746835443
0 0.043125 0.7895569620253164 0.04125 0.04588607594936709
0 0.433125 0.5189873417721519 0.0375 0.04272151898734177
0 0.585 0.629746835443038 0.03875 0.04272151898734177
0 0.226875 0.7143987341772152 0.0375 0.04113924050632911
0 0.234375 0.36075949367088606 0.0375 0.03639240506329114
0 0.698125 0.6337025316455697 0.0375 0.03955696202531646
0 0.10875 0.742879746835443 0.03875 0.04113924050632911
0 0.325625 0.807753164556962 0.04 0.04430379746835443
0 0.735 0.7412974683544303 0.04125 0.05063291139240506
0 0.821875 0.5759493670886076 0.03625 0.03955696202531646
0 0.07625 0.5996835443037974 0.03625 0.0379746835443038
0 0.38875 0.7642405063291139 0.0375 0.04272151898734177
0 0.41125 0.6424050632911392 0.03625 0.03955696202531646
0 0.211875 0.8061708860759493 0.035 0.03955696202531646
0 0.8275 0.5450949367088608 0.03875 0.04588607594936709
0 0.773125 0.5284810126582279 0.04 0.04588607594936709
0 0.751875 0.6495253164556962 0.03875 0.04272151898734177
0 0.175 0.7001582278481012 0.03875 0.04113924050632911
0 0.1525 0.8235759493670886 0.0425 0.04588607594936709
0 0.11375 0.3876582278481013 0.0375 0.04272151898734177
0 0.330625 0.7776898734177216 0.03875 0.04272151898734177
0 0.366875 0.8892405063291139 0.04 0.04272151898734177
0 0.30375 0.6091772151898734 0.03625 0.0379746835443038
0 0.503125 0.7666139240506329 0.03875 0.04272151898734177
0 0.474375 0.9248417721518988 0.03875 0.0379746835443038
0 0.7125 0.5443037974683544 0.03875 0.04113924050632911
0 0.2775 0.7610759493670886 0.03625 0.03955696202531646
0 0.1475 0.5261075949367089 0.03625 0.03955696202531646
0 0.496875 0.7966772151898734 0.0325 0.03639240506329114
0 0.66 0.5292721518987342 0.03625 0.0379746835443038
0 0.5425 0.5514240506329114 0.03625 0.03955696202531646
0 0.59 0.6012658227848101 0.03625 0.03955696202531646
0 0.266875 0.49841772151898733 0.04 0.04430379746835443
0 0.099375 0.4778481012658228 0.0375 0.04113924050632911
0 0.1575 0.7919303797468354 0.03875 0.04430379746835443
0 0.36875 0.5617088607594937 0.0375 0.0379746835443038
0 0.5475 0.5229430379746836 0.03875 0.04272151898734177
0 0.609375 0.8006329113924051 0.0375 0.04272151898734177
0 0.283125 0.7310126582278481 0.03875 0.04430379746835443
0 0.16875 0.7294303797468354 0.03875 0.04430379746835443
0 0.428125 0.5498417721518988 0.03625 0.03955696202531646
0 0.103125 0.7745253164556962 0.04 0.04746835443037975
0 0.153125 0.49683544303797467 0.03375 0.0379746835443038
0 0.141875 0.5561708860759493 0.03875 0.04430379746835443
0 0.805 0.6669303797468354 0.03875 0.04272151898734177
0 0.529375 0.9406645569620253 0.0375 0.04272151898734177
0 0.5575 0.46281645569620256 0.04 0.03955696202531646
0 0.0925 0.5102848101265823 0.04 0.04430379746835443
0 0.25 0.5909810126582279 0.0375 0.04272151898734177
0 0.5075 0.7397151898734177 0.03875 0.04113924050632911
0 0.456875 0.3963607594936709 0.0425 0.04588607594936709
0 0.6075 0.5079113924050633 0.035 0.0379746835443038
0 0.371875 0.8568037974683544 0.04 0.04588607594936709
0 0.51375 0.7064873417721519 0.03875 0.04588607594936709
0 0.799375 0.6985759493670886 0.04 0.04588607594936709
0 0.615625 0.7705696202531646 0.0375 0.04272151898734177
0 0.131875 0.6194620253164557 0.035 0.0379746835443038
0 0.340625 0.7183544303797469 0.0375 0.04113924050632911
0 0.581875 0.9572784810126582 0.03875 0.04272151898734177
0 0.556875 0.7840189873417721 0.03625 0.0379746835443038
0 0.545 0.8481012658227848 0.03875 0.04272151898734177
0 0.535 0.9098101265822784 0.03875 0.04588607594936709
0 0.184375 0.31566455696202533 0.0375 0.04272151898734177
0 0.444375 0.4572784810126582 0.03625 0.03955696202531646
0 0.136875 0.5893987341772152 0.0375 0.04272151898734177
0 0.63875 0.6471518987341772 0.03875 0.04272151898734177
0 0.718125 0.5126582278481012 0.04 0.0490506329113924
0 0.2125 0.4833860759493671 0.04 0.04430379746835443
0 0.40625 0.6740506329113924 0.03875 0.04588607594936709
0 0.665 0.495253164556962 0.03875 0.04746835443037975
0 0.278125 0.439873417721519 0.04 0.04430379746835443
0 0.633125 0.6772151898734177 0.0375 0.04272151898734177
0 0.5525 0.4920886075949367 0.04 0.04430379746835443
0 0.24 0.33069620253164556 0.04 0.0490506329113924
0 0.37375 0.5316455696202531 0.03875 0.04430379746835443
0 0.309375 0.5783227848101266 0.04 0.04430379746835443
0 0.550625 0.8156645569620253 0.0375 0.04430379746835443
0 0.295 0.34572784810126583 0.04125 0.04588607594936709
0 0.22875 0.3916139240506329 0.03875 0.04588607594936709
0 0.4175 0.6115506329113924 0.03875 0.04272151898734177
0 0.1575 0.46677215189873417 0.0375 0.04272151898734177