0 0.53 0.7066993464052288 0.024444444444444446 0.027777777777777776
0 0.5277777777777778 0.6862745098039216 0.024444444444444446 0.032679738562091505
0 0.9172222222222223 0.5555555555555556 0.025555555555555557 0.03594771241830065
0 0.4988888888888889 0.45588235294117646 0.042222222222222223 0.04084967320261438
0 0.9111111111111111 0.18627450980392157 0.02666666666666667 0.04084967320261438
0 0.20777777777777778 0.7851307189542484 0.03888888888888889 0.049019607843137254
0 0.9105555555555556 0.4730392156862745 0.02666666666666667 0.042483660130718956
0 0.21388888888888888 0.8676470588235294 0.03666666666666667 0.0457516339869281
0 0.11277777777777778 0.9395424836601307 0.04111111111111111 0.05065359477124183
0 0.9433333333333334 0.5898692810457516 0.024444444444444446 0.03758169934640523
0 0.49277777777777776 0.34068627450980393 0.04111111111111111 0.0392156862745098
0 0.9338888888888889 0.6331699346405228 0.04 0.04738562091503268
0 0.6394444444444445 0.2549019607843137 0.03777777777777778 0.049019607843137254
0 0.9177777777777778 0.2647058823529412 0.02666666666666667 0.04084967320261438
0 0.10888888888888888 0.8995098039215687 0.04111111111111111 0.05392156862745098
0 0.9044444444444445 0.39215686274509803 0.024444444444444446 0.03431372549019608
0 0.9127777777777778 0.5147058823529411 0.024444444444444446 0.03758169934640523
0 0.6533333333333333 0.4199346405228758 0.03666666666666667 0.049019607843137254
0 0.9177777777777778 0.5972222222222222 0.02666666666666667 0.04084967320261438
0 0.17722222222222223 0.37826797385620914 0.03888888888888889 0.05065359477124183
0 0.20222222222222222 0.7058823529411765 0.042222222222222223 0.05718954248366013
0 0.115 0.9730392156862745 0.04 0.03758169934640523
0 0.9377777777777778 0.5081699346405228 0.024444444444444446 0.03431372549019608
0 0.9083333333333333 0.14787581699346405 0.025555555555555557 0.04084967320261438
0 0.21055555555555555 0.826797385620915 0.042222222222222223 0.06045751633986928
0 0.935 0.4665032679738562 0.023333333333333334 0.0392156862745098
0 0.20444444444444446 0.7483660130718954 0.03888888888888889 0.04738562091503268
0 0.9055555555555556 0.43300653594771243 0.023333333333333334 0.03758169934640523
0 0.9222222222222223 0.30718954248366015 0.027777777777777776 0.042483660130718956
0 0.9277777777777778 0.38480392156862747 0.023333333333333334 0.03594771241830065
0 0.8833333333333333 0.1527777777777778 0.024444444444444446 0.04084967320261438
0 0.09888888888888889 0.7769607843137255 0.04 0.05065359477124183
0 0.9411111111111111 0.5490196078431373 0.02666666666666667 0.04084967320261438
0 0.8966666666666666 0.3112745098039216 0.024444444444444446 0.0392156862745098
0 0.8361111111111111 0.7450980392156863 0.03888888888888889 0.05392156862745098
0 0.10111111111111111 0.8161764705882353 0.04111111111111111 0.05065359477124183
0 0.7261111111111112 0.6887254901960784 0.035555555555555556 0.0457516339869281
0 0.8927777777777778 0.27124183006535946 0.024444444444444446 0.0392156862745098
0 0.9311111111111111 0.4272875816993464 0.02666666666666667 0.042483660130718956
0 0.45944444444444443 0.6372549019607843 0.03666666666666667 0.049019607843137254
0 0.915 0.2246732026143791 0.025555555555555557 0.04084967320261438
0 0.925 0.34558823529411764 0.025555555555555557 0.03758169934640523
0 0.47833333333333333 0.17892156862745098 0.043333333333333335 0.042483660130718956
0 0.10555555555555556 0.8578431372549019 0.04111111111111111 0.05392156862745098
0 0.5522222222222222 0.44689542483660133 0.04111111111111111 0.05392156862745098
0 0.8288888888888889 0.6625816993464052 0.03666666666666667 0.04738562091503268
0 0.09111111111111111 0.6535947712418301 0.03888888888888889 0.05065359477124183
0 0.7405555555555555 0.18790849673202614 0.035555555555555556 0.04738562091503268
0 0.2361111111111111 0.4877450980392157 0.035555555555555556 0.049019607843137254
0 0.22111111111111112 0.2826797385620915 0.04111111111111111 0.049019607843137254
0 0.7238888888888889 0.6527777777777778 0.04 0.05065359477124183
0 0.32555555555555554 0.2540849673202614 0.03666666666666667 0.05065359477124183
0 0.56 0.5669934640522876 0.03777777777777778 0.049019607843137254
0 0.115 0.26552287581699346 0.03777777777777778 0.05392156862745098
0 0.24055555555555555 0.5285947712418301 0.03888888888888889 0.05228758169934641
0 0.27111111111111114 0.2238562091503268 0.04 0.05392156862745098
0 0.5627777777777778 0.6094771241830066 0.04111111111111111 0.05555555555555555
0 0.3227777777777778 0.20915032679738563 0.035555555555555556 0.05228758169934641
0 0.82 0.5400326797385621 0.035555555555555556 0.04738562091503268
0 0.7538888888888889 0.34967320261437906 0.03777777777777778 0.0457516339869281
0 0.6261111111111111 0.7606209150326797 0.042222222222222223 0.05228758169934641
0 0.7461111111111111 0.2687908496732026 0.03333333333333333 0.04738562091503268
0 0.29 0.47549019607843135 0.04 0.05065359477124183
0 0.11833333333333333 0.3104575163398693 0.04 0.05392156862745098
0 0.415 0.7295751633986928 0.03888888888888889 0.05228758169934641
0 0.6233333333333333 0.7173202614379085 0.04 0.05392156862745098
0 0.7661111111111111 0.5147058823529411 0.04 0.05228758169934641
0 0.6711111111111111 0.6658496732026143 0.042222222222222223 0.05228758169934641
0 0.21944444444444444 0.238562091503268 0.03777777777777778 0.05718954248366013
0 0.2833333333333333 0.39133986928104575 0.03888888888888889 0.05228758169934641
0 0.7738888888888888 0.5923202614379085 0.042222222222222223 0.05392156862745098
0 0.665 0.5816993464052288 0.035555555555555556 0.04738562091503268
0 0.8527777777777777 0.28513071895424835 0.03777777777777778 0.05065359477124183
0 0.29944444444444446 0.5947712418300654 0.03888888888888889 0.05228758169934641
0 0.6116666666666667 0.5547385620915033 0.03888888888888889 0.05228758169934641
0 0.7927777777777778 0.17565359477124182 0.03888888888888889 0.05392156862745098
0 0.41833333333333333 0.7720588235294118 0.04 0.05228758169934641
0 0.5994444444444444 0.3897058823529412 0.03666666666666667 0.0457516339869281
0 0.8116666666666666 0.41911764705882354 0.03666666666666667 0.05065359477124183
0 0.3461111111111111 0.5016339869281046 0.03777777777777778 0.05065359477124183
0 0.6438888888888888 0.2965686274509804 0.03888888888888889 0.05228758169934641
0 0.4022222222222222 0.5678104575163399 0.03888888888888889 0.05065359477124183
0 0.4305555555555556 0.22630718954248366 0.03777777777777778 0.05392156862745098
0 0.7138888888888889 0.5261437908496732 0.04 0.05228758169934641
0 0.25 0.6511437908496732 0.042222222222222223 0.05228758169934641
0 0.6888888888888889 0.20261437908496732 0.035555555555555556 0.049019607843137254
0 0.5416666666666666 0.3243464052287582 0.034444444444444444 0.04738562091503268
0 0.8022222222222222 0.2965686274509804 0.03888888888888889 0.05228758169934641
0 0.5833333333333334 0.18709150326797386 0.03777777777777778 0.05555555555555555
0 0.5333333333333333 0.19852941176470587 0.03888888888888889 0.05228758169934641
0 0.285 0.434640522875817 0.04 0.05392156862745098
0 0.7588888888888888 0.4338235294117647 0.04111111111111111 0.05065359477124183
0 0.8494444444444444 0.24428104575163398 0.03777777777777778 0.05065359477124183
0 0.8072222222222222 0.37826797385620914 0.03888888888888889 0.05065359477124183
0 0.3983333333333333 0.5269607843137255 0.04 0.05228758169934641
0 0.22444444444444445 0.32189542483660133 0.03888888888888889 0.05228758169934641
0 0.7627777777777778 0.4730392156862745 0.04111111111111111 0.05392156862745098
0 0.38666666666666666 0.3627450980392157 0.03777777777777778 0.049019607843137254
0 0.6861111111111111 0.16094771241830066 0.035555555555555556 0.05065359477124183
0 0.7755555555555556 0.636437908496732 0.042222222222222223 0.05392156862745098
0 0.8177777777777778 0.5008169934640523 0.03666666666666667 0.04738562091503268
0 0.6333333333333333 0.17401960784313725 0.03888888888888889 0.05392156862745098
0 0.22833333333333333 0.36437908496732024 0.03777777777777778 0.05065359477124183
0 0.5866666666666667 0.23039215686274508 0.03666666666666667 0.04738562091503268
0 0.7561111111111111 0.39052287581699346 0.03888888888888889 0.05555555555555555
0 0.445 0.43137254901960786 0.04111111111111111 0.05228758169934641
0 0.65 0.37745098039215685 0.03666666666666667 0.049019607843137254
0 0.6783333333333333 0.7426470588235294 0.04111111111111111 0.05555555555555555
0 0.5294444444444445 0.15441176470588236 0.04 0.05718954248366013
0 0.37777777777777777 0.24019607843137256 0.04 0.05555555555555555
0 0.6555555555555556 0.46078431372549017 0.03888888888888889 0.05065359477124183
0 0.38055555555555554 0.2834967320261438 0.04 0.05065359477124183
0 0.48388888888888887 0.24591503267973855 0.04555555555555556 0.04411764705882353
0 0.8588888888888889 0.36519607843137253 0.04111111111111111 0.058823529411764705
0 0.375 0.19444444444444445 0.03666666666666667 0.05392156862745098
0 0.08055555555555556 0.5318627450980392 0.04111111111111111 0.05228758169934641
0 0.33166666666666667 0.3349673202614379 0.03666666666666667 0.0457516339869281
0 0.4266666666666667 0.18218954248366012 0.035555555555555556 0.05228758169934641
0 0.07833333333333334 0.48937908496732024 0.04 0.05228758169934641
0 0.6172222222222222 0.636437908496732 0.03888888888888889 0.05228758169934641
0 0.2961111111111111 0.5522875816993464 0.03666666666666667 0.049019607843137254
0 0.47 0.7589869281045751 0.03888888888888889 0.05065359477124183
0 0.1661111111111111 0.25 0.04111111111111111 0.05555555555555555
0 0.30944444444444447 0.7181372549019608 0.04111111111111111 0.05065359477124183
0 0.4061111111111111 0.6086601307189542 0.03888888888888889 0.05228758169934641
0 0.24333333333333335 0.5694444444444444 0.04111111111111111 0.05065359477124183
0 0.4638888888888889 0.6772875816993464 0.03777777777777778 0.05065359477124183
0 0.23055555555555557 0.40522875816993464 0.035555555555555556 0.049019607843137254
0 0.12777777777777777 0.43137254901960786 0.04111111111111111 0.05065359477124183
0 0.7694444444444445 0.5547385620915033 0.04 0.049019607843137254
0 0.5694444444444444 0.6895424836601307 0.03888888888888889 0.05228758169934641
0 0.2738888888888889 0.26633986928104575 0.03666666666666667 0.049019607843137254
0 0.3022222222222222 0.636437908496732 0.03888888888888889 0.05065359477124183
0 0.6305555555555555 0.12745098039215685 0.04111111111111111 0.058823529411764705
0 0.2772222222222222 0.30800653594771243 0.034444444444444444 0.049019607843137254
0 0.4572222222222222 0.5955882352941176 0.03888888888888889 0.05555555555555555
0 0.6588888888888889 0.5008169934640523 0.03666666666666667 0.04738562091503268
0 0.6016666666666667 0.4297385620915033 0.03666666666666667 0.05228758169934641
0 0.6205555555555555 0.6764705882352942 0.04111111111111111 0.05065359477124183
0 0.73 0.7303921568627451 0.04111111111111111 0.05555555555555555
0 0.4961111111111111 0.41421568627450983 0.044444444444444446 0.05718954248366013
0 0.5538888888888889 0.48937908496732024 0.04 0.05065359477124183
0 0.7194444444444444 0.6111111111111112 0.04111111111111111 0.05392156862745098
0 0.6972222222222222 0.32516339869281047 0.04 0.05065359477124183
0 0.6683333333333333 0.6225490196078431 0.04111111111111111 0.05392156862745098
0 0.6816666666666666 0.11356209150326797 0.04111111111111111 0.06045751633986928
0 0.7505555555555555 0.3088235294117647 0.03888888888888889 0.05555555555555555
0 0.6077777777777778 0.511437908496732 0.04 0.05065359477124183
0 0.815 0.46078431372549017 0.04 0.05392156862745098
0 0.5794444444444444 0.13970588235294118 0.04 0.06045751633986928
0 0.6372222222222222 0.21568627450980393 0.04 0.05065359477124183
0 0.6916666666666667 0.24101307189542484 0.03888888888888889 0.05228758169934641
0 0.23333333333333334 0.44689542483660133 0.03888888888888889 0.05392156862745098
0 0.6944444444444444 0.2834967320261438 0.03888888888888889 0.05228758169934641
0 0.5927777777777777 0.3104575163398693 0.03888888888888889 0.05065359477124183
0 0.7016666666666667 0.36356209150326796 0.03777777777777778 0.049019607843137254
0 0.5966666666666667 0.35049019607843135 0.04 0.05065359477124183
0 0.5472222222222223 0.40604575163398693 0.03666666666666667 0.049019607843137254
0 0.43277777777777776 0.2696078431372549 0.03888888888888889 0.05065359477124183
0 0.3844444444444444 0.3227124183006536 0.03888888888888889 0.05065359477124183
0 0.7994444444444444 0.2549019607843137 0.03888888888888889 0.05228758169934641
0 0.3411111111111111 0.46078431372549017 0.03666666666666667 0.049019607843137254
0 0.4388888888888889 0.35130718954248363 0.04 0.05065359477124183
0 0.7111111111111111 0.4861111111111111 0.03888888888888889 0.05228758169934641
0 0.6055555555555555 0.4714052287581699 0.04111111111111111 0.05065359477124183
0 0.33444444444444443 0.3741830065359477 0.03777777777777778 0.05065359477124183
0 0.805 0.3382352941176471 0.03888888888888889 0.05065359477124183
0 0.5894444444444444 0.2704248366013072 0.04 0.05065359477124183
0 0.535 0.24183006535947713 0.03888888888888889 0.05392156862745098
0 0.7166666666666667 0.5686274509803921 0.04111111111111111 0.05228758169934641
0 0.3894444444444444 0.4035947712418301 0.03888888888888889 0.05228758169934641
0 0.7044444444444444 0.40522875816993464 0.03888888888888889 0.05392156862745098
0 0.6138888888888889 0.5964052287581699 0.04 0.05228758169934641
0 0.3377777777777778 0.41911764705882354 0.04 0.05392156862745098
0 0.33 0.2957516339869281 0.042222222222222223 0.05228758169934641
0 0.3933333333333333 0.4452614379084967 0.03888888888888889 0.05392156862745098
0 0.8472222222222222 0.2034313725490196 0.03333333333333333 0.04738562091503268
0 0.08444444444444445 0.5702614379084967 0.03888888888888889 0.04738562091503268
0 0.2644444444444444 0.8545751633986928 0.04 0.05065359477124183
0 0.9405555555555556 0.7181372549019608 0.042222222222222223 0.05392156862745098
0 0.32055555555555554 0.8799019607843137 0.03888888888888889 0.04738562091503268
0 0.27166666666666667 0.9379084967320261 0.04 0.05065359477124183
0 0.09388888888888888 0.6919934640522876 0.03888888888888889 0.05228758169934641
0 0.47444444444444445 0.11437908496732026 0.04555555555555556 0.0457516339869281
0 0.5783333333333334 0.8137254901960784 0.035555555555555556 0.05228758169934641
0 0.9366666666666666 0.6748366013071896 0.04111111111111111 0.05228758169934641
0 0.21722222222222223 0.9084967320261438 0.04111111111111111 0.05718954248366013
0 0.4761111111111111 0.14624183006535948 0.043333333333333335 0.0457516339869281
0 0.09666666666666666 0.7352941176470589 0.04111111111111111 0.05392156862745098
0 0.4272222222222222 0.8962418300653595 0.04 0.05718954248366013
0 0.2677777777777778 0.8954248366013072 0.04111111111111111 0.05555555555555555
0 0.2611111111111111 0.8145424836601307 0.04111111111111111 0.05228758169934641
0 0.185 0.5016339869281046 0.04 0.05228758169934641
0 0.8394444444444444 0.7892156862745098 0.043333333333333335 0.05392156862745098
0 0.47555555555555556 0.8398692810457516 0.03888888888888889 0.05555555555555555
0 0.4361111111111111 0.3088235294117647 0.03888888888888889 0.049019607843137254
0 0.42333333333333334 0.8537581699346405 0.03777777777777778 0.05065359477124183
0 0.9 0.35049019607843135 0.02666666666666667 0.04411764705882353
0 0.8861111111111111 0.19117647058823528 0.025555555555555557 0.04084967320261438
0 0.945 0.7589869281045751 0.04111111111111111 0.05228758169934641
0 0.25833333333333336 0.7736928104575164 0.04111111111111111 0.05228758169934641
0 0.685 0.829248366013072 0.04 0.05555555555555555
0 0.4777777777777778 0.8831699346405228 0.03888888888888889 0.05065359477124183
0 0.07277777777777777 0.4076797385620915 0.03777777777777778 0.049019607843137254
0 0.7827777777777778 0.04084967320261438 0.04 0.06209150326797386
0 0.31666666666666665 0.8415032679738562 0.04 0.049019607843137254
0 0.5744444444444444 0.7720588235294118 0.03333333333333333 0.04738562091503268
0 0.8266666666666667 0.6241830065359477 0.04 0.05065359477124183
0 0.7783333333333333 0.6764705882352942 0.03888888888888889 0.04738562091503268
0 0.4727777777777778 0.798202614379085 0.035555555555555556 0.04738562091503268
0 0.08833333333333333 0.6111111111111112 0.042222222222222223 0.05392156862745098
0 0.25555555555555554 0.7312091503267973 0.04 0.05228758169934641
0 0.4661111111111111 0.7173202614379085 0.03888888888888889 0.05065359477124183
0 0.8427777777777777 0.16094771241830066 0.03333333333333333 0.05555555555555555
0 0.6805555555555556 0.7867647058823529 0.04 0.05392156862745098
0 0.7955555555555556 0.21568627450980393 0.035555555555555556 0.0457516339869281
0 0.31166666666666665 0.7589869281045751 0.04 0.05065359477124183
0 0.3244444444444444 0.923202614379085 0.03888888888888889 0.058823529411764705
0 0.3511111111111111 0.5800653594771242 0.035555555555555556 0.04738562091503268
0 0.19555555555555557 0.6225490196078431 0.03888888888888889 0.05065359477124183
0 0.7883333333333333 0.8031045751633987 0.04111111111111111 0.05228758169934641
0 0.855 0.3235294117647059 0.034444444444444444 0.042483660130718956
0 0.5394444444444444 0.28431372549019607 0.03888888888888889 0.05555555555555555
0 0.28055555555555556 0.3488562091503268 0.03888888888888889 0.05228758169934641
0 0.06722222222222222 0.32107843137254904 0.03888888888888889 0.049019607843137254
0 0.22055555555555556 0.954248366013072 0.043333333333333335 0.05392156862745098
0 0.06388888888888888 0.28022875816993464 0.03888888888888889 0.05555555555555555
0 0.3488888888888889 0.5400326797385621 0.03222222222222222 0.0457516339869281
0 0.25333333333333335 0.6911764705882353 0.03888888888888889 0.05065359477124183
0 0.4116666666666667 0.6895424836601307 0.034444444444444444 0.04738562091503268
0 0.4538888888888889 0.5531045751633987 0.03777777777777778 0.04738562091503268
0 0.7327777777777778 0.7745098039215687 0.042222222222222223 0.05555555555555555
0 0.675 0.7026143790849673 0.03888888888888889 0.04738562091503268
0 0.6327777777777778 0.8431372549019608 0.04111111111111111 0.05065359477124183
0 0.7872222222222223 0.08986928104575163 0.03777777777777778 0.05228758169934641
0 0.1827777777777778 0.4583333333333333 0.03888888888888889 0.05392156862745098
0 0.735 0.8169934640522876 0.04 0.049019607843137254
0 0.7838888888888889 0.7589869281045751 0.04111111111111111 0.05228758169934641
0 0.48055555555555557 0.21160130718954248 0.04555555555555556 0.049019607843137254
0 0.19777777777777777 0.6642156862745098 0.04 0.05228758169934641
0 0.7811111111111111 0.7173202614379085 0.04 0.05228758169934641
0 0.8888888888888888 0.23039215686274508 0.024444444444444446 0.04084967320261438
0 0.18777777777777777 0.545751633986928 0.03888888888888889 0.05228758169934641
0 0.19166666666666668 0.5833333333333334 0.03777777777777778 0.049019607843137254
0 0.8322222222222222 0.7034313725490197 0.03888888888888889 0.05228758169934641
0 0.5716666666666667 0.7328431372549019 0.03666666666666667 0.049019607843137254
0 0.17 0.29411764705882354 0.04 0.05228758169934641
0 0.35388888888888886 0.6217320261437909 0.03666666666666667 0.05228758169934641
0 0.059444444444444446 0.23366013071895425 0.04111111111111111 0.05555555555555555
0 0.5827777777777777 0.8562091503267973 0.04111111111111111 0.05065359477124183
0 0.12444444444444444 0.39133986928104575 0.04111111111111111 0.05065359477124183
0 0.545 0.36437908496732024 0.035555555555555556 0.04738562091503268
0 0.63 0.8006535947712419 0.04 0.05228758169934641
0 0.7433333333333333 0.22875816993464052 0.03666666666666667 0.05065359477124183
0 0.3055555555555556 0.6772875816993464 0.04111111111111111 0.05228758169934641
0 0.07555555555555556 0.4452614379084967 0.03888888888888889 0.05228758169934641
0 0.5661111111111111 0.6495098039215687 0.03888888888888889 0.049019607843137254
0 0.17944444444444443 0.41748366013071897 0.04111111111111111 0.05065359477124183
0 0.5566666666666666 0.5294117647058824 0.03888888888888889 0.049019607843137254
0 0.395 0.4877450980392157 0.03888888888888889 0.05065359477124183
0 0.6611111111111111 0.5416666666666666 0.03777777777777778 0.049019607843137254
0 0.45111111111111113 0.5163398692810458 0.03777777777777778 0.04738562091503268
0 0.735 0.10049019607843138 0.043333333333333335 0.06045751633986928
0 0.4211111111111111 0.8129084967320261 0.035555555555555556 0.04738562091503268
0 0.12111111111111111 0.352124183006536 0.03666666666666667 0.04738562091503268
0 0.4083333333333333 0.6503267973856209 0.03666666666666667 0.049019607843137254
0 0.7377777777777778 0.14705882352941177 0.04111111111111111 0.05392156862745098
0 0.2683333333333333 0.17892156862745098 0.03888888888888889 0.05718954248366013
0 0.3138888888888889 0.8006535947712419 0.04111111111111111 0.05392156862745098
0 0.7072222222222222 0.4452614379084967 0.03333333333333333 0.049019607843137254
0 0.6477777777777778 0.3366013071895425 0.03777777777777778 0.049019607843137254
0 0.4483333333333333 0.47630718954248363 0.043333333333333335 0.05555555555555555
0 0.8227777777777778 0.5825163398692811 0.03888888888888889 0.05555555555555555
0 0.29333333333333333 0.5138888888888888 0.04 0.05065359477124183
0 0.06944444444444445 0.36519607843137253 0.042222222222222223 0.05555555555555555
0 0.13111111111111112 0.47630718954248363 0.04111111111111111 0.058823529411764705
0 0.1738888888888889 0.3366013071895425 0.04111111111111111 0.05555555555555555
0 0.7894444444444444 0.1323529411764706 0.03888888888888889 0.05228758169934641
0 0.24722222222222223 0.6094771241830066 0.04 0.05065359477124183
0 0.44166666666666665 0.39052287581699346 0.03666666666666667 0.0457516339869281
0 0.49 0.309640522875817 0.044444444444444446 0.042483660130718956
0 0.4872222222222222 0.2777777777777778 0.044444444444444446 0.0457516339869281