0 0.09555555555555556 0.31157024793388427 0.035555555555555556 0.04297520661157025
0 0.1411111111111111 0.640495867768595 0.035555555555555556 0.04462809917355372
0 0.1938888888888889 0.5247933884297521 0.03666666666666667 0.04297520661157025
0 0.195 0.48677685950413224 0.034444444444444444 0.04297520661157025
0 0.8666666666666667 0.2727272727272727 0.03777777777777778 0.04628099173553719
0 0.8088888888888889 0.71900826446281 0.03777777777777778 0.047933884297520664
0 0.5083333333333333 0.3859504132231405 0.042222222222222223 0.04132231404958678
0 0.7061111111111111 0.6735537190082644 0.035555555555555556 0.04628099173553719
0 0.7105555555555556 0.4297520661157025 0.034444444444444444 0.04132231404958678
0 0.6577777777777778 0.5495867768595041 0.035555555555555556 0.04297520661157025
0 0.8166666666666667 0.2652892561983471 0.03666666666666667 0.049586776859504134
0 0.6077777777777778 0.46859504132231405 0.03333333333333333 0.04297520661157025
0 0.71 0.471900826446281 0.03333333333333333 0.047933884297520664
0 0.30444444444444446 0.14958677685950414 0.03666666666666667 0.04628099173553719
0 0.13555555555555557 0.8008264462809918 0.03777777777777778 0.047933884297520664
0 0.14166666666666666 0.5619834710743802 0.03666666666666667 0.04297520661157025
0 0.6083333333333333 0.42727272727272725 0.034444444444444444 0.047933884297520664
0 0.7605555555555555 0.515702479338843 0.03666666666666667 0.04297520661157025
0 0.24888888888888888 0.40743801652892564 0.03111111111111111 0.03966942148760331
0 0.4533333333333333 0.5413223140495868 0.035555555555555556 0.04297520661157025
0 0.7644444444444445 0.3528925619834711 0.035555555555555556 0.04462809917355372
0 0.8127777777777778 0.4388429752066116 0.034444444444444444 0.04628099173553719
0 0.92 0.18429752066115704 0.04 0.05289256198347107
0 0.45222222222222225 0.5785123966942148 0.035555555555555556 0.04462809917355372
0 0.5116666666666667 0.18512396694214875 0.043333333333333335 0.04297520661157025
0 0.40055555555555555 0.5388429752066116 0.03222222222222222 0.04132231404958678
0 0.35055555555555556 0.49669421487603305 0.034444444444444444 0.04462809917355372
0 0.19333333333333333 0.5652892561983471 0.035555555555555556 0.04462809917355372
0 0.3561111111111111 0.15289256198347106 0.03666666666666667 0.05454545454545454
0 0.7083333333333334 0.556198347107438 0.034444444444444444 0.04628099173553719
0 0.76 0.5553719008264463 0.035555555555555556 0.04297520661157025
0 0.7577777777777778 0.7181818181818181 0.035555555555555556 0.04462809917355372
0 0.5588888888888889 0.3 0.035555555555555556 0.049586776859504134
0 0.6622222222222223 0.2628099173553719 0.035555555555555556 0.04462809917355372
0 0.45555555555555555 0.4190082644628099 0.03333333333333333 0.03801652892561983
0 0.815 0.3975206611570248 0.034444444444444444 0.04297520661157025
0 0.5055555555555555 0.4570247933884298 0.042222222222222223 0.047933884297520664
0 0.14722222222222223 0.3165289256198347 0.034444444444444444 0.04462809917355372
0 0.6616666666666666 0.17107438016528925 0.03777777777777778 0.05289256198347107
0 0.6088888888888889 0.3859504132231405 0.034444444444444444 0.04462809917355372
0 0.1461111111111111 0.35702479338842974 0.034444444444444444 0.04628099173553719
0 0.3 0.4099173553719008 0.035555555555555556 0.04462809917355372
0 0.7583333333333333 0.6776859504132231 0.03666666666666667 0.04628099173553719
0 0.7122222222222222 0.3082644628099174 0.03333333333333333 0.04132231404958678
0 0.6594444444444445 0.47024793388429753 0.034444444444444444 0.04628099173553719
0 0.7638888888888888 0.31157024793388427 0.03666666666666667 0.04462809917355372
0 0.305 0.1925619834710744 0.035555555555555556 0.04628099173553719
0 0.5611111111111111 0.21239669421487603 0.035555555555555556 0.04628099173553719
0 0.14444444444444443 0.4 0.03333333333333333 0.04132231404958678
0 0.3522222222222222 0.37107438016528926 0.03333333333333333 0.03966942148760331
0 0.39944444444444444 0.6570247933884298 0.03888888888888889 0.04462809917355372
0 0.8155555555555556 0.31239669421487604 0.035555555555555556 0.047933884297520664
0 0.4033333333333333 0.41487603305785126 0.035555555555555556 0.04628099173553719
0 0.7627777777777778 0.47520661157024796 0.03666666666666667 0.047933884297520664
0 0.3527777777777778 0.3305785123966942 0.03666666666666667 0.04628099173553719
0 0.8105555555555556 0.5958677685950413 0.034444444444444444 0.04628099173553719
0 0.6111111111111112 0.2611570247933884 0.03333333333333333 0.04132231404958678
0 0.76 0.5958677685950413 0.035555555555555556 0.04462809917355372
0 0.66 0.428099173553719 0.03333333333333333 0.03966942148760331
0 0.6555555555555556 0.675206611570248 0.03777777777777778 0.04462809917355372
0 0.25055555555555553 0.2834710743801653 0.034444444444444444 0.04462809917355372
0 0.19555555555555557 0.4471074380165289 0.03333333333333333 0.04132231404958678
0 0.405 0.3330578512396694 0.034444444444444444 0.04297520661157025
0 0.24833333333333332 0.4487603305785124 0.034444444444444444 0.04462809917355372
0 0.8677777777777778 0.18016528925619835 0.04 0.05289256198347107
0 0.51 0.25206611570247933 0.04555555555555556 0.04462809917355372
0 0.5133333333333333 0.7413223140495868 0.02666666666666667 0.047933884297520664
0 0.9183333333333333 0.3148760330578512 0.03666666666666667 0.03966942148760331
0 0.18833333333333332 0.7652892561983471 0.034444444444444444 0.03801652892561983
0 0.3988888888888889 0.7008264462809918 0.03777777777777778 0.04297520661157025
0 0.45 0.7008264462809918 0.03333333333333333 0.04297520661157025
0 0.5522222222222222 0.7429752066115702 0.035555555555555556 0.04297520661157025
0 0.5511111111111111 0.7834710743801653 0.03777777777777778 0.0512396694214876
0 0.3977777777777778 0.7355371900826446 0.03888888888888889 0.05289256198347107
0 0.9177777777777778 0.39834710743801655 0.035555555555555556 0.04462809917355372
0 0.5494444444444444 0.8272727272727273 0.03888888888888889 0.04297520661157025
0 0.8161111111111111 0.35619834710743803 0.034444444444444444 0.04628099173553719
0 0.4488888888888889 0.7380165289256199 0.03777777777777778 0.049586776859504134
0 0.095 0.39669421487603307 0.035555555555555556 0.03471074380165289
0 0.7083333333333334 0.5140495867768595 0.034444444444444444 0.04462809917355372
0 0.6066666666666667 0.5082644628099173 0.035555555555555556 0.04132231404958678
0 0.5105555555555555 0.2859504132231405 0.044444444444444446 0.03305785123966942
0 0.18833333333333332 0.7256198347107438 0.03666666666666667 0.04297520661157025
0 0.18722222222222223 0.8454545454545455 0.034444444444444444 0.04462809917355372
0 0.8105555555555556 0.5570247933884298 0.03222222222222222 0.03636363636363636
0 0.6538888888888889 0.7512396694214876 0.034444444444444444 0.04462809917355372
0 0.5988888888888889 0.9148760330578513 0.03777777777777778 0.04628099173553719
0 0.8044444444444444 0.9305785123966942 0.03888888888888889 0.04462809917355372
0 0.6005555555555555 0.8289256198347107 0.03666666666666667 0.04297520661157025
0 0.5527777777777778 0.7049586776859504 0.03666666666666667 0.04297520661157025
0 0.505 0.509090909090909 0.04 0.049586776859504134
0 0.5094444444444445 0.35206611570247937 0.042222222222222223 0.03636363636363636
0 0.6555555555555556 0.7140495867768595 0.035555555555555556 0.03966942148760331
0 0.5105555555555555 0.21735537190082643 0.04555555555555556 0.03140495867768595
0 0.29055555555555557 0.8925619834710744 0.03777777777777778 0.04628099173553719
0 0.7566666666666667 0.7586776859504132 0.035555555555555556 0.04628099173553719
0 0.20166666666666666 0.1933884297520661 0.035555555555555556 0.047933884297520664
0 0.3022222222222222 0.32644628099173556 0.03666666666666667 0.049586776859504134
0 0.18611111111111112 0.8884297520661157 0.035555555555555556 0.047933884297520664
0 0.5994444444444444 0.8710743801652893 0.03666666666666667 0.047933884297520664
0 0.2922222222222222 0.7694214876033058 0.035555555555555556 0.04462809917355372
0 0.2972222222222222 0.6528925619834711 0.03666666666666667 0.047933884297520664
0 0.5483333333333333 0.8669421487603306 0.03666666666666667 0.04297520661157025
0 0.1922222222222222 0.643801652892562 0.035555555555555556 0.04297520661157025
0 0.5472222222222223 0.9115702479338843 0.03888888888888889 0.0512396694214876
0 0.40166666666666667 0.456198347107438 0.03666666666666667 0.04628099173553719
0 0.8077777777777778 0.7619834710743801 0.035555555555555556 0.04462809917355372
0 0.2966666666666667 0.5710743801652892 0.03333333333333333 0.04132231404958678
0 0.7533333333333333 0.9305785123966942 0.03888888888888889 0.049586776859504134
0 0.6011111111111112 0.7892561983471075 0.035555555555555556 0.04628099173553719
0 0.8072222222222222 0.8016528925619835 0.034444444444444444 0.047933884297520664
0 0.29055555555555557 0.8512396694214877 0.03666666666666667 0.04297520661157025
0 0.7577777777777778 0.7991735537190082 0.035555555555555556 0.04462809917355372
0 0.7066666666666667 0.715702479338843 0.03777777777777778 0.04462809917355372
0 0.295 0.6917355371900826 0.034444444444444444 0.04132231404958678
0 0.9183333333333333 0.27520661157024795 0.03666666666666667 0.04628099173553719
0 0.5538888888888889 0.6661157024793388 0.03666666666666667 0.04462809917355372
0 0.7555555555555555 0.8396694214876033 0.035555555555555556 0.04297520661157025
0 0.13555555555555557 0.8413223140495868 0.035555555555555556 0.03966942148760331
0 0.2916666666666667 0.8115702479338843 0.03666666666666667 0.04628099173553719
0 0.2927777777777778 0.7297520661157024 0.03666666666666667 0.04462809917355372
0 0.29944444444444446 0.4512396694214876 0.03666666666666667 0.04462809917355372
0 0.8644444444444445 0.4793388429752066 0.03333333333333333 0.03801652892561983
0 0.4 0.5760330578512397 0.03333333333333333 0.03966942148760331
0 0.9177777777777778 0.35537190082644626 0.03777777777777778 0.047933884297520664
0 0.6027777777777777 0.7479338842975206 0.035555555555555556 0.04628099173553719
0 0.8655555555555555 0.359504132231405 0.035555555555555556 0.03801652892561983
0 0.7122222222222222 0.3487603305785124 0.03333333333333333 0.04297520661157025
0 0.7055555555555556 0.7553719008264462 0.035555555555555556 0.04462809917355372
0 0.51 0.3181818181818182 0.04111111111111111 0.04132231404958678
0 0.8072222222222222 0.8446280991735537 0.03666666666666667 0.047933884297520664
0 0.29777777777777775 0.5322314049586777 0.03222222222222222 0.03966942148760331
0 0.6533333333333333 0.7942148760330578 0.03777777777777778 0.047933884297520664
0 0.18722222222222223 0.8033057851239669 0.034444444444444444 0.04297520661157025
0 0.09277777777777778 0.43553719008264463 0.03666666666666667 0.04628099173553719
0 0.755 0.8826446280991735 0.03888888888888889 0.05289256198347107
0 0.9172222222222223 0.4396694214876033 0.03888888888888889 0.04462809917355372
0 0.13777777777777778 0.7586776859504132 0.03222222222222222 0.04132231404958678
0 0.13833333333333334 0.7206611570247934 0.034444444444444444 0.03966942148760331
0 0.8055555555555556 0.8876033057851239 0.03888888888888889 0.047933884297520664
0 0.555 0.6256198347107438 0.03666666666666667 0.04628099173553719
0 0.2966666666666667 0.6115702479338843 0.035555555555555556 0.04462809917355372
0 0.19 0.6851239669421487 0.034444444444444444 0.04628099173553719
0 0.605 0.6677685950413224 0.034444444444444444 0.04297520661157025
0 0.7038888888888889 0.8785123966942149 0.03666666666666667 0.04628099173553719
0 0.14833333333333334 0.271900826446281 0.03333333333333333 0.049586776859504134
0 0.7044444444444444 0.7950413223140496 0.03333333333333333 0.04297520661157025
0 0.20277777777777778 0.14628099173553719 0.035555555555555556 0.049586776859504134
0 0.8661111111111112 0.31735537190082647 0.035555555555555556 0.049586776859504134
0 0.14333333333333334 0.4826446280991736 0.035555555555555556 0.03966942148760331
0 0.61 0.30330578512396694 0.03333333333333333 0.04297520661157025
0 0.7066666666666667 0.5958677685950413 0.034444444444444444 0.03966942148760331
0 0.81 0.6793388429752066 0.035555555555555556 0.04132231404958678
0 0.7033333333333334 0.8371900826446281 0.035555555555555556 0.04297520661157025
0 0.5127777777777778 0.15206611570247933 0.04666666666666667 0.03801652892561983
0 0.19333333333333333 0.6033057851239669 0.03111111111111111 0.03966942148760331
0 0.8166666666666667 0.22231404958677686 0.035555555555555556 0.04628099173553719
0 0.6033333333333334 0.7074380165289256 0.035555555555555556 0.04297520661157025
0 0.14222222222222222 0.6 0.035555555555555556 0.04297520661157025
0 0.3011111111111111 0.3685950413223141 0.035555555555555556 0.04132231404958678
0 0.45166666666666666 0.6603305785123967 0.03888888888888889 0.04628099173553719
0 0.1338888888888889 0.8867768595041322 0.03666666666666667 0.0512396694214876
0 0.8661111111111112 0.4388429752066116 0.034444444444444444 0.04462809917355372
0 0.6066666666666667 0.5884297520661157 0.03333333333333333 0.03801652892561983
0 0.9188888888888889 0.23140495867768596 0.03777777777777778 0.04462809917355372
0 0.09722222222222222 0.2702479338842975 0.035555555555555556 0.04628099173553719
0 0.5566666666666666 0.5454545454545454 0.035555555555555556 0.04132231404958678
0 0.14166666666666666 0.6826446280991736 0.035555555555555556 0.04628099173553719
0 0.7072222222222222 0.6322314049586777 0.034444444444444444 0.04297520661157025
0 0.30277777777777776 0.28512396694214875 0.03666666666666667 0.04628099173553719
0 0.3988888888888889 0.6157024793388429 0.035555555555555556 0.047933884297520664
0 0.76 0.6363636363636364 0.035555555555555556 0.04297520661157025
0 0.14277777777777778 0.5206611570247934 0.034444444444444444 0.04628099173553719
0 0.6055555555555555 0.6272727272727273 0.03333333333333333 0.04297520661157025
0 0.8661111111111112 0.228099173553719 0.03888888888888889 0.04628099173553719
0 0.19944444444444445 0.23636363636363636 0.03666666666666667 0.04462809917355372
0 0.09166666666666666 0.4818181818181818 0.03888888888888889 0.049586776859504134
0 0.45111111111111113 0.6198347107438017 0.035555555555555556 0.04462809917355372
0 0.6588888888888889 0.5107438016528926 0.035555555555555556 0.04132231404958678
0 0.5561111111111111 0.5834710743801653 0.03666666666666667 0.047933884297520664
0 0.35388888888888886 0.2892561983471074 0.03666666666666667 0.04628099173553719
0 0.6611111111111111 0.34793388429752065 0.03333333333333333 0.04132231404958678
0 0.8116666666666666 0.5173553719008265 0.034444444444444444 0.04462809917355372
0 0.6572222222222223 0.5900826446280992 0.03666666666666667 0.047933884297520664
0 0.355 0.20082644628099172 0.03333333333333333 0.04628099173553719
0 0.25277777777777777 0.19173553719008266 0.03666666666666667 0.05289256198347107
0 0.4038888888888889 0.37272727272727274 0.034444444444444444 0.04462809917355372
0 0.24888888888888888 0.36446280991735536 0.035555555555555556 0.047933884297520664
0 0.6622222222222223 0.2190082644628099 0.035555555555555556 0.04628099173553719
0 0.5561111111111111 0.4669421487603306 0.03666666666666667 0.04297520661157025
0 0.4572222222222222 0.29421487603305785 0.03666666666666667 0.04462809917355372
0 0.7627777777777778 0.4322314049586777 0.034444444444444444 0.04462809917355372
0 0.6122222222222222 0.1669421487603306 0.035555555555555556 0.049586776859504134
0 0.7633333333333333 0.39173553719008264 0.035555555555555556 0.04297520661157025
0 0.8655555555555555 0.39834710743801655 0.03777777777777778 0.04628099173553719
0 0.7638888888888888 0.26776859504132233 0.03666666666666667 0.04628099173553719
0 0.19833333333333333 0.32066115702479336 0.035555555555555556 0.04462809917355372
0 0.2511111111111111 0.2396694214876033 0.035555555555555556 0.049586776859504134
0 0.1438888888888889 0.44214876033057854 0.03666666666666667 0.047933884297520664
0 0.8111111111111111 0.4793388429752066 0.035555555555555556 0.04132231404958678
0 0.5572222222222222 0.5074380165289256 0.03666666666666667 0.04462809917355372
0 0.25055555555555553 0.3231404958677686 0.035555555555555556 0.04462809917355372
0 0.5572222222222222 0.42727272727272725 0.034444444444444444 0.04297520661157025
0 0.29944444444444446 0.4925619834710744 0.034444444444444444 0.04462809917355372
0 0.4533333333333333 0.5008264462809917 0.035555555555555556 0.04462809917355372
0 0.6072222222222222 0.5495867768595041 0.034444444444444444 0.04462809917355372
0 0.40555555555555556 0.29256198347107437 0.03777777777777778 0.04462809917355372
0 0.09444444444444444 0.35619834710743803 0.03777777777777778 0.049586776859504134
0 0.4538888888888889 0.45867768595041325 0.035555555555555556 0.04628099173553719
0 0.5588888888888889 0.34545454545454546 0.035555555555555556 0.04462809917355372
0 0.40055555555555555 0.4991735537190083 0.03222222222222222 0.04132231404958678
0 0.7644444444444445 0.22231404958677686 0.03777777777777778 0.0512396694214876
0 0.8105555555555556 0.6388429752066116 0.03666666666666667 0.04628099173553719
0 0.3511111111111111 0.4553719008264463 0.034444444444444444 0.047933884297520664
0 0.4583333333333333 0.20826446280991737 0.03666666666666667 0.04462809917355372
0 0.6622222222222223 0.3074380165289256 0.035555555555555556 0.04462809917355372
0 0.4083333333333333 0.15619834710743802 0.03888888888888889 0.05289256198347107
0 0.35444444444444445 0.24545454545454545 0.035555555555555556 0.047933884297520664
0 0.19611111111111112 0.4066115702479339 0.03666666666666667 0.04462809917355372
0 0.7111111111111111 0.39090909090909093 0.035555555555555556 0.04628099173553719
0 0.56 0.25702479338842976 0.03666666666666667 0.04628099173553719
0 0.8172222222222222 0.17768595041322313 0.03777777777777778 0.049586776859504134
0 0.66 0.3884297520661157 0.034444444444444444 0.04462809917355372
0 0.7122222222222222 0.26611570247933886 0.035555555555555556 0.04462809917355372
0 0.24666666666666667 0.48925619834710743 0.03777777777777778 0.04628099173553719
0 0.1988888888888889 0.2785123966942149 0.035555555555555556 0.04628099173553719
0 0.4072222222222222 0.20330578512396694 0.03777777777777778 0.047933884297520664
0 0.6566666666666666 0.6347107438016529 0.03777777777777778 0.047933884297520664
0 0.3038888888888889 0.23884297520661157 0.03666666666666667 0.049586776859504134
0 0.455 0.3776859504132231 0.034444444444444444 0.04628099173553719
0 0.4577777777777778 0.25041322314049586 0.03666666666666667 0.04628099173553719
0 0.61 0.34628099173553717 0.035555555555555556 0.04462809917355372
0 0.45555555555555555 0.33553719008264465 0.03777777777777778 0.047933884297520664
0 0.19722222222222222 0.3628099173553719 0.03666666666666667 0.04628099173553719
0 0.3511111111111111 0.4115702479338843 0.035555555555555556 0.04628099173553719
0 0.4061111111111111 0.2487603305785124 0.03777777777777778 0.04628099173553719
0 0.45944444444444443 0.16115702479338842 0.03777777777777778 0.05785123966942149
0 0.7133333333333334 0.22148760330578512 0.035555555555555556 0.0512396694214876
0 0.5572222222222222 0.3867768595041322 0.035555555555555556 0.04462809917355372
0 0.6116666666666667 0.21570247933884298 0.03666666666666667 0.0512396694214876