0 0.8911111111111111 0.5676567656765676 0.04 0.05115511551155116
0 0.6666666666666666 0.4207920792079208 0.027777777777777776 0.0462046204620462
0 0.9422222222222222 0.5486798679867987 0.042222222222222223 0.054455445544554455
0 0.6116666666666667 0.39603960396039606 0.028888888888888888 0.041254125412541254
0 0.29333333333333333 0.45544554455445546 0.04111111111111111 0.056105610561056105
0 0.5872222222222222 0.2747524752475248 0.028888888888888888 0.0429042904290429
0 0.6183333333333333 0.4381188118811881 0.027777777777777776 0.041254125412541254
0 0.8988888888888888 0.6089108910891089 0.042222222222222223 0.057755775577557754
0 0.7844444444444445 0.5544554455445545 0.04111111111111111 0.057755775577557754
0 0.6372222222222222 0.38778877887788776 0.027777777777777776 0.041254125412541254
0 0.5944444444444444 0.44554455445544555 0.03111111111111111 0.0462046204620462
0 0.2783333333333333 0.37376237623762376 0.043333333333333335 0.056105610561056105
0 0.6344444444444445 0.518976897689769 0.027777777777777776 0.04455445544554455
0 0.5633333333333334 0.28135313531353134 0.028888888888888888 0.04455445544554455
0 0.6094444444444445 0.5288778877887789 0.02666666666666667 0.041254125412541254
0 0.8833333333333333 0.5239273927392739 0.04111111111111111 0.0594059405940594
0 0.6266666666666667 0.4777227722772277 0.027777777777777776 0.039603960396039604
0 0.7122222222222222 0.7945544554455446 0.03222222222222222 0.04785478547854786
0 0.8727777777777778 0.183993399339934 0.043333333333333335 0.0594059405940594
0 0.7161111111111111 0.4051155115511551 0.028888888888888888 0.04455445544554455
0 0.7316666666666667 0.2722772277227723 0.042222222222222223 0.05115511551155116
0 0.6438888888888888 0.4298679867986799 0.025555555555555557 0.0429042904290429
0 0.5177777777777778 0.25165016501650167 0.03888888888888889 0.0462046204620462
0 0.9766666666666667 0.6674917491749175 0.03111111111111111 0.04455445544554455
0 0.57 0.3226072607260726 0.03 0.041254125412541254
0 0.6405555555555555 0.5585808580858086 0.027777777777777776 0.0429042904290429
0 0.5855555555555556 0.4034653465346535 0.028888888888888888 0.039603960396039604
0 0.3194444444444444 0.31518151815181517 0.03888888888888889 0.0462046204620462
0 0.6038888888888889 0.3556105610561056 0.028888888888888888 0.039603960396039604
0 0.9455555555555556 0.6328382838283828 0.03 0.0462046204620462
0 0.9522222222222222 0.6749174917491749 0.028888888888888888 0.04455445544554455
0 0.08833333333333333 0.5643564356435643 0.027777777777777776 0.04455445544554455
0 0.33555555555555555 0.39686468646864687 0.04111111111111111 0.0462046204620462
0 0.9505555555555556 0.5891089108910891 0.043333333333333335 0.057755775577557754
0 0.9688888888888889 0.6262376237623762 0.028888888888888888 0.04455445544554455
0 0.6022222222222222 0.4876237623762376 0.03111111111111111 0.0462046204620462
0 0.6972222222222222 0.7145214521452146 0.02666666666666667 0.04455445544554455
0 0.5961111111111111 0.31600660066006603 0.027777777777777776 0.037953795379537955
0 0.66 0.38283828382838286 0.02666666666666667 0.04455445544554455
0 0.7544444444444445 0.8712871287128713 0.03 0.04785478547854786
0 0.18555555555555556 0.44471947194719474 0.04111111111111111 0.04950495049504951
0 0.7077777777777777 0.36716171617161714 0.02666666666666667 0.0429042904290429
0 0.1711111111111111 0.36468646864686466 0.043333333333333335 0.0462046204620462
0 0.09555555555555556 0.6031353135313532 0.03 0.04455445544554455
0 0.7222222222222222 0.7070957095709571 0.02666666666666667 0.039603960396039604
0 0.7805555555555556 0.25742574257425743 0.04111111111111111 0.054455445544554455
0 0.13722222222222222 0.4612211221122112 0.04111111111111111 0.04455445544554455
0 0.7205555555555555 0.834983498349835 0.03111111111111111 0.0462046204620462
0 0.88 0.22854785478547854 0.04111111111111111 0.052805280528052806
0 0.7377777777777778 0.7863036303630363 0.03111111111111111 0.04455445544554455
0 0.7316666666666667 0.48432343234323433 0.028888888888888888 0.0429042904290429
0 0.7283333333333334 0.8795379537953796 0.03111111111111111 0.0462046204620462
0 0.11333333333333333 0.5561056105610561 0.028888888888888888 0.037953795379537955
0 0.3861111111111111 0.38366336633663367 0.042222222222222223 0.054455445544554455
0 0.7461111111111111 0.8283828382838284 0.028888888888888888 0.0462046204620462
0 0.5216666666666666 0.5503300330033003 0.035555555555555556 0.04950495049504951
0 0.10333333333333333 0.6452145214521452 0.03 0.04455445544554455
0 0.45111111111111113 0.1674917491749175 0.052222222222222225 0.054455445544554455
0 0.5338888888888889 0.3341584158415842 0.04 0.037953795379537955
0 0.28555555555555556 0.41006600660066006 0.04 0.04785478547854786
0 0.4577777777777778 0.2037953795379538 0.05 0.052805280528052806
0 0.49333333333333335 0.3952145214521452 0.051111111111111114 0.052805280528052806
0 0.7294444444444445 0.7458745874587459 0.028888888888888888 0.04455445544554455
0 0.57 0.75 0.028888888888888888 0.039603960396039604
0 0.1111111111111111 0.683993399339934 0.03 0.04455445544554455
0 0.26222222222222225 0.5082508250825083 0.028888888888888888 0.037953795379537955
0 0.4677777777777778 0.26485148514851486 0.051111111111111114 0.06105610561056106
0 0.4872222222222222 0.36303630363036304 0.051111111111111114 0.052805280528052806
0 0.4633333333333333 0.23184818481848185 0.051111111111111114 0.04785478547854786
0 0.48333333333333334 0.33828382838283827 0.05 0.04950495049504951
0 0.4772222222222222 0.3094059405940594 0.05 0.056105610561056105
0 0.505 0.46864686468646866 0.04777777777777778 0.057755775577557754
0 0.4438888888888889 0.41089108910891087 0.044444444444444446 0.056105610561056105
0 0.8416666666666667 0.5825082508250825 0.042222222222222223 0.052805280528052806
0 0.8872222222222222 0.26897689768976896 0.043333333333333335 0.054455445544554455
0 0.43444444444444447 0.36633663366336633 0.04111111111111111 0.05115511551155116
0 0.9338888888888889 0.5057755775577558 0.04555555555555556 0.06105610561056106
0 0.7494444444444445 0.6518151815181518 0.044444444444444446 0.06105610561056106
0 0.8305555555555556 0.24504950495049505 0.04 0.05115511551155116
0 0.6994444444444444 0.66996699669967 0.04555555555555556 0.0627062706270627
0 0.5261111111111111 0.29455445544554454 0.043333333333333335 0.057755775577557754
0 0.32722222222222225 0.3556105610561056 0.043333333333333335 0.057755775577557754
0 0.6516666666666666 0.6881188118811881 0.04555555555555556 0.0627062706270627
0 0.6861111111111111 0.5866336633663366 0.04555555555555556 0.06765676567656766
0 0.6744444444444444 0.24752475247524752 0.04555555555555556 0.06105610561056106
0 0.6883333333333334 0.32755775577557755 0.04555555555555556 0.0627062706270627
0 0.37777777777777777 0.34075907590759075 0.042222222222222223 0.057755775577557754
0 0.7716666666666666 0.2136963696369637 0.042222222222222223 0.0594059405940594
0 0.14333333333333334 0.5008250825082509 0.043333333333333335 0.0594059405940594
0 0.8338888888888889 0.5396039603960396 0.043333333333333335 0.0594059405940594
0 0.6372222222222222 0.6064356435643564 0.042222222222222223 0.0594059405940594
0 0.7233333333333334 0.23102310231023102 0.043333333333333335 0.0594059405940594
0 0.42777777777777776 0.32755775577557755 0.04 0.054455445544554455
0 0.8372222222222222 0.2854785478547855 0.04111111111111111 0.054455445544554455
0 0.8216666666666667 0.20132013201320131 0.042222222222222223 0.057755775577557754
0 0.1938888888888889 0.485973597359736 0.04555555555555556 0.0594059405940594
0 0.08666666666666667 0.47854785478547857 0.044444444444444446 0.054455445544554455
0 0.85 0.6229372937293729 0.042222222222222223 0.056105610561056105
0 0.7383333333333333 0.31435643564356436 0.042222222222222223 0.057755775577557754
0 0.17777777777777778 0.4042904290429043 0.043333333333333335 0.057755775577557754
0 0.5094444444444445 0.2070957095709571 0.04555555555555556 0.066006600660066
0 0.8011111111111111 0.6410891089108911 0.043333333333333335 0.06105610561056106
0 0.6388888888888888 0.3424092409240924 0.044444444444444446 0.06105610561056106
0 0.3433333333333333 0.4389438943894389 0.04555555555555556 0.0627062706270627
0 0.27 0.32838283828382836 0.043333333333333335 0.06105610561056106
0 0.7361111111111112 0.5750825082508251 0.044444444444444446 0.0627062706270627
0 0.09388888888888888 0.5181518151815182 0.04555555555555556 0.056105610561056105
0 0.5411111111111111 0.37376237623762376 0.043333333333333335 0.06105610561056106
0 0.7927777777777778 0.5981848184818482 0.043333333333333335 0.056105610561056105
0 0.7888888888888889 0.30198019801980197 0.042222222222222223 0.057755775577557754
0 0.3111111111111111 0.2698019801980198 0.04555555555555556 0.06765676567656766
0 0.5138888888888888 0.5123762376237624 0.04666666666666667 0.056105610561056105
0 0.16277777777777777 0.3193069306930693 0.04555555555555556 0.066006600660066
0 0.13 0.4207920792079208 0.04111111111111111 0.056105610561056105
0 0.22777777777777777 0.3886138613861386 0.043333333333333335 0.0594059405940594
0 0.41944444444444445 0.283003300330033 0.042222222222222223 0.06105610561056106
0 0.24388888888888888 0.47194719471947194 0.042222222222222223 0.056105610561056105
0 0.12111111111111111 0.37458745874587457 0.042222222222222223 0.06105610561056106
0 0.07833333333333334 0.43399339933993397 0.04777777777777778 0.0627062706270627
0 0.39444444444444443 0.42574257425742573 0.043333333333333335 0.057755775577557754
0 0.6238888888888889 0.26567656765676567 0.043333333333333335 0.0627062706270627
0 0.5788888888888889 0.36386138613861385 0.03111111111111111 0.04785478547854786
0 0.7044444444444444 0.7524752475247525 0.03 0.0462046204620462
0 0.23555555555555555 0.43234323432343236 0.04111111111111111 0.05115511551155116