0 0.5005555555555555 0.4925986842105263 0.043333333333333335 0.03125
0 0.7594444444444445 0.2870065789473684 0.034444444444444444 0.03125
0 0.18888888888888888 0.8700657894736842 0.035555555555555556 0.046052631578947366
0 0.7061111111111111 0.2911184210526316 0.03222222222222222 0.04276315789473684
0 0.5516666666666666 0.24753289473684212 0.03222222222222222 0.04111842105263158
0 0.6538888888888889 0.7055921052631579 0.034444444444444444 0.039473684210526314
0 0.34444444444444444 0.7039473684210527 0.035555555555555556 0.04276315789473684
0 0.8594444444444445 0.49917763157894735 0.034444444444444444 0.04111842105263158
0 0.18888888888888888 0.2902960526315789 0.03333333333333333 0.04111842105263158
0 0.39666666666666667 0.24588815789473684 0.035555555555555556 0.04111842105263158
0 0.08777777777777777 0.4564144736842105 0.035555555555555556 0.044407894736842105
0 0.13666666666666666 0.6192434210526315 0.03333333333333333 0.04111842105263158
0 0.8094444444444444 0.7467105263157895 0.034444444444444444 0.04276315789473684
0 0.8611111111111112 0.4555921052631579 0.035555555555555556 0.04276315789473684
0 0.08722222222222223 0.49917763157894735 0.034444444444444444 0.04111842105263158
0 0.345 0.7458881578947368 0.034444444444444444 0.04111842105263158
0 0.9116666666666666 0.8314144736842105 0.034444444444444444 0.044407894736842105
0 0.8094444444444444 0.915296052631579 0.03666666666666667 0.044407894736842105
0 0.7588888888888888 0.4975328947368421 0.035555555555555556 0.04111842105263158
0 0.6566666666666666 0.16036184210526316 0.035555555555555556 0.047697368421052634
0 0.81 0.7894736842105263 0.03333333333333333 0.039473684210526314
0 0.4483333333333333 0.24753289473684212 0.03222222222222222 0.04111842105263158
0 0.13777777777777778 0.5789473684210527 0.03111111111111111 0.039473684210526314
0 0.4483333333333333 0.2894736842105263 0.034444444444444444 0.039473684210526314
0 0.18833333333333332 0.828125 0.034444444444444444 0.04111842105263158
0 0.08777777777777777 0.41118421052631576 0.035555555555555556 0.04276315789473684
0 0.39611111111111114 0.20476973684210525 0.03666666666666667 0.04111842105263158
0 0.39666666666666667 0.5370065789473685 0.035555555555555556 0.04111842105263158
0 0.705 0.7475328947368421 0.03666666666666667 0.044407894736842105
0 0.18944444444444444 0.7853618421052632 0.03666666666666667 0.04111842105263158
0 0.8088888888888889 0.6620065789473685 0.035555555555555556 0.044407894736842105
0 0.6038888888888889 0.5805921052631579 0.034444444444444444 0.04276315789473684
0 0.5522222222222222 0.1611842105263158 0.035555555555555556 0.049342105263157895
0 0.39611111111111114 0.45394736842105265 0.034444444444444444 0.046052631578947366
0 0.9122222222222223 0.665296052631579 0.035555555555555556 0.04111842105263158
0 0.81 0.4136513157894737 0.03333333333333333 0.04111842105263158
0 0.8605555555555555 0.33305921052631576 0.03222222222222222 0.03782894736842105
0 0.8605555555555555 0.4136513157894737 0.034444444444444444 0.04111842105263158
0 0.24055555555555555 0.3725328947368421 0.034444444444444444 0.04111842105263158
0 0.3438888888888889 0.28618421052631576 0.034444444444444444 0.046052631578947366
0 0.34444444444444444 0.4136513157894737 0.03111111111111111 0.04111842105263158
0 0.4477777777777778 0.4934210526315789 0.03333333333333333 0.04276315789473684
0 0.8594444444444445 0.5394736842105263 0.034444444444444444 0.04276315789473684
0 0.8094444444444444 0.8297697368421053 0.034444444444444444 0.04111842105263158
0 0.9122222222222223 0.4144736842105263 0.035555555555555556 0.04276315789473684
0 0.6044444444444445 0.16200657894736842 0.035555555555555556 0.047697368421052634
0 0.9122222222222223 0.6225328947368421 0.035555555555555556 0.044407894736842105
0 0.6544444444444445 0.49588815789473684 0.035555555555555556 0.03782894736842105
0 0.4483333333333333 0.203125 0.034444444444444444 0.044407894736842105
0 0.7066666666666667 0.4144736842105263 0.03333333333333333 0.039473684210526314
0 0.39555555555555555 0.328125 0.035555555555555556 0.044407894736842105
0 0.8594444444444445 0.5814144736842105 0.034444444444444444 0.04111842105263158
0 0.18888888888888888 0.5773026315789473 0.03333333333333333 0.04276315789473684
0 0.9122222222222223 0.915296052631579 0.03777777777777778 0.047697368421052634
0 0.7577777777777778 0.6620065789473685 0.035555555555555556 0.044407894736842105
0 0.7055555555555556 0.5797697368421053 0.035555555555555556 0.04111842105263158
0 0.34444444444444444 0.6603618421052632 0.035555555555555556 0.044407894736842105
0 0.6555555555555556 0.25 0.03333333333333333 0.04276315789473684
0 0.24055555555555555 0.7442434210526315 0.034444444444444444 0.04111842105263158
0 0.3433333333333333 0.45476973684210525 0.03333333333333333 0.04111842105263158
0 0.9127777777777778 0.7064144736842105 0.034444444444444444 0.044407894736842105
0 0.18944444444444444 0.3725328947368421 0.034444444444444444 0.044407894736842105
0 0.6566666666666666 0.20641447368421054 0.035555555555555556 0.044407894736842105
0 0.24 0.828125 0.035555555555555556 0.04111842105263158
0 0.7061111111111111 0.49588815789473684 0.03222222222222222 0.04111842105263158
0 0.39666666666666667 0.28618421052631576 0.035555555555555556 0.039473684210526314
0 0.605 0.3314144736842105 0.034444444444444444 0.04111842105263158
0 0.18944444444444444 0.7450657894736842 0.034444444444444444 0.039473684210526314
0 0.8105555555555556 0.6200657894736842 0.034444444444444444 0.039473684210526314
0 0.9133333333333333 0.3725328947368421 0.035555555555555556 0.04111842105263158
0 0.2411111111111111 0.1611842105263158 0.035555555555555556 0.046052631578947366
0 0.81 0.5008223684210527 0.03333333333333333 0.03782894736842105
0 0.3972222222222222 0.578125 0.034444444444444444 0.03782894736842105
0 0.13833333333333334 0.8264802631578947 0.034444444444444444 0.04111842105263158
0 0.6044444444444445 0.49917763157894735 0.035555555555555556 0.03782894736842105
0 0.24055555555555555 0.4136513157894737 0.034444444444444444 0.04111842105263158
0 0.9127777777777778 0.45805921052631576 0.034444444444444444 0.04111842105263158
0 0.24055555555555555 0.8692434210526315 0.03666666666666667 0.044407894736842105
0 0.5127777777777778 0.7360197368421053 0.02 0.014802631578947368
0 0.5144444444444445 0.71875 0.023333333333333334 0.02138157894736842
0 0.24055555555555555 0.703125 0.034444444444444444 0.03782894736842105
0 0.7594444444444445 0.32976973684210525 0.034444444444444444 0.044407894736842105
0 0.4477777777777778 0.5353618421052632 0.03333333333333333 0.04111842105263158
0 0.08666666666666667 0.662828947368421 0.035555555555555556 0.04276315789473684
0 0.7072222222222222 0.33223684210526316 0.034444444444444444 0.039473684210526314
0 0.24055555555555555 0.24671052631578946 0.034444444444444444 0.04276315789473684
0 0.2411111111111111 0.45394736842105265 0.03333333333333333 0.039473684210526314
0 0.18944444444444444 0.9185855263157895 0.03666666666666667 0.047697368421052634
0 0.08611111111111111 0.7450657894736842 0.03666666666666667 0.04276315789473684
0 0.3438888888888889 0.32894736842105265 0.03 0.039473684210526314
0 0.81 0.537828947368421 0.03111111111111111 0.03618421052631579
0 0.8105555555555556 0.7039473684210527 0.034444444444444444 0.039473684210526314
0 0.39611111111111114 0.4120065789473684 0.03666666666666667 0.04111842105263158
0 0.6561111111111111 0.4564144736842105 0.034444444444444444 0.04111842105263158
0 0.8088888888888889 0.8717105263157895 0.035555555555555556 0.04276315789473684
0 0.13833333333333334 0.24671052631578946 0.034444444444444444 0.04276315789473684
0 0.6033333333333334 0.662828947368421 0.035555555555555556 0.04276315789473684
0 0.18833333333333332 0.3305921052631579 0.034444444444444444 0.039473684210526314
0 0.2927777777777778 0.33223684210526316 0.03666666666666667 0.04276315789473684
0 0.9116666666666666 0.7483552631578947 0.034444444444444444 0.039473684210526314
0 0.705 0.6200657894736842 0.034444444444444444 0.039473684210526314
0 0.18833333333333332 0.5370065789473685 0.034444444444444444 0.03782894736842105
0 0.3433333333333333 0.49588815789473684 0.03333333333333333 0.04111842105263158
0 0.13833333333333334 0.2911184210526316 0.034444444444444444 0.04276315789473684
0 0.24055555555555555 0.20559210526315788 0.034444444444444444 0.039473684210526314
0 0.7583333333333333 0.6208881578947368 0.03666666666666667 0.03453947368421053
0 0.08722222222222223 0.5411184210526315 0.034444444444444444 0.039473684210526314
0 0.24 0.7853618421052632 0.035555555555555556 0.04111842105263158
0 0.1388888888888889 0.5370065789473685 0.03333333333333333 0.044407894736842105
0 0.08611111111111111 0.5805921052631579 0.034444444444444444 0.039473684210526314
0 0.8094444444444444 0.37335526315789475 0.03222222222222222 0.039473684210526314
0 0.18888888888888888 0.24753289473684212 0.03333333333333333 0.04111842105263158
0 0.2922222222222222 0.2870065789473684 0.035555555555555556 0.044407894736842105
0 0.18888888888888888 0.20148026315789475 0.03333333333333333 0.047697368421052634
0 0.39611111111111114 0.7442434210526315 0.03666666666666667 0.044407894736842105
0 0.39611111111111114 0.15871710526315788 0.03666666666666667 0.047697368421052634
0 0.2411111111111111 0.9144736842105263 0.035555555555555556 0.046052631578947366
0 0.7583333333333333 0.4152960526315789 0.034444444444444444 0.03782894736842105
0 0.8605555555555555 0.7055921052631579 0.034444444444444444 0.039473684210526314
0 0.39555555555555555 0.4967105263157895 0.03333333333333333 0.039473684210526314
0 0.5527777777777778 0.2902960526315789 0.034444444444444444 0.04111842105263158
0 0.7061111111111111 0.5370065789473685 0.034444444444444444 0.044407894736842105
0 0.5 0.4498355263157895 0.042222222222222223 0.044407894736842105
0 0.39611111111111114 0.3725328947368421 0.034444444444444444 0.04111842105263158
0 0.18833333333333332 0.6175986842105263 0.034444444444444444 0.04111842105263158
0 0.13833333333333334 0.4564144736842105 0.034444444444444444 0.044407894736842105
0 0.8611111111111112 0.3725328947368421 0.03333333333333333 0.03782894736842105
0 0.6544444444444445 0.7458881578947368 0.03777777777777778 0.04111842105263158
0 0.7066666666666667 0.7047697368421053 0.035555555555555556 0.044407894736842105
0 0.8605555555555555 0.7483552631578947 0.03666666666666667 0.04276315789473684
0 0.605 0.29194078947368424 0.034444444444444444 0.04111842105263158
0 0.4483333333333333 0.15707236842105263 0.034444444444444444 0.047697368421052634
0 0.2411111111111111 0.49506578947368424 0.035555555555555556 0.04276315789473684
0 0.23944444444444443 0.662828947368421 0.034444444444444444 0.04276315789473684
0 0.9138888888888889 0.2911184210526316 0.03666666666666667 0.046052631578947366
0 0.18888888888888888 0.453125 0.035555555555555556 0.044407894736842105
0 0.86 0.665296052631579 0.035555555555555556 0.04111842105263158
0 0.6544444444444445 0.5353618421052632 0.035555555555555556 0.04111842105263158
0 0.18888888888888888 0.4967105263157895 0.03333333333333333 0.04276315789473684
0 0.6566666666666666 0.29276315789473684 0.035555555555555556 0.04276315789473684
0 0.6055555555555555 0.25 0.03333333333333333 0.039473684210526314
0 0.6044444444444445 0.45805921052631576 0.035555555555555556 0.044407894736842105
0 0.5516666666666666 0.375 0.034444444444444444 0.04276315789473684
0 0.4488888888888889 0.3717105263157895 0.03333333333333333 0.039473684210526314
0 0.8611111111111112 0.2911184210526316 0.03333333333333333 0.046052631578947366
0 0.8605555555555555 0.6225328947368421 0.034444444444444444 0.044407894736842105
0 0.605 0.4152960526315789 0.034444444444444444 0.04111842105263158
0 0.7061111111111111 0.45476973684210525 0.03222222222222222 0.04111842105263158
0 0.5522222222222222 0.20723684210526316 0.03333333333333333 0.039473684210526314
0 0.81 0.5789473684210527 0.035555555555555556 0.04276315789473684
0 0.39611111111111114 0.9120065789473685 0.03666666666666667 0.047697368421052634
0 0.6555555555555556 0.33305921052631576 0.03333333333333333 0.04111842105263158
0 0.3438888888888889 0.3717105263157895 0.03222222222222222 0.04276315789473684
0 0.6038888888888889 0.5386513157894737 0.034444444444444444 0.044407894736842105
0 0.4483333333333333 0.3314144736842105 0.03222222222222222 0.04111842105263158
0 0.24055555555555555 0.578125 0.034444444444444444 0.044407894736842105
0 0.4488888888888889 0.4136513157894737 0.035555555555555556 0.044407894736842105
0 0.18888888888888888 0.7039473684210527 0.035555555555555556 0.039473684210526314
0 0.7583333333333333 0.5386513157894737 0.034444444444444444 0.04111842105263158
0 0.605 0.2080592105263158 0.034444444444444444 0.04111842105263158
0 0.13777777777777778 0.6620065789473685 0.035555555555555556 0.04111842105263158
0 0.6044444444444445 0.6225328947368421 0.03333333333333333 0.04111842105263158
0 0.7588888888888888 0.4555921052631579 0.035555555555555556 0.04276315789473684
0 0.7066666666666667 0.3725328947368421 0.03333333333333333 0.044407894736842105
0 0.5522222222222222 0.33223684210526316 0.03333333333333333 0.04276315789473684
0 0.8094444444444444 0.45723684210526316 0.034444444444444444 0.046052631578947366
0 0.6555555555555556 0.37417763157894735 0.03333333333333333 0.04111842105263158
0 0.76 0.37417763157894735 0.035555555555555556 0.04111842105263158
0 0.605 0.37335526315789475 0.034444444444444444 0.04276315789473684
0 0.7061111111111111 0.6611842105263158 0.034444444444444444 0.04276315789473684
0 0.18888888888888888 0.6603618421052632 0.035555555555555556 0.044407894736842105
0 0.7577777777777778 0.5814144736842105 0.035555555555555556 0.044407894736842105
0 0.6544444444444445 0.6217105263157895 0.035555555555555556 0.04276315789473684
0 0.6561111111111111 0.4152960526315789 0.034444444444444444 0.04111842105263158
0 0.6544444444444445 0.6644736842105263 0.035555555555555556 0.04276315789473684
0 0.655 0.5789473684210527 0.034444444444444444 0.04276315789473684
0 0.9133333333333333 0.5394736842105263 0.035555555555555556 0.03618421052631579
0 0.085 0.8289473684210527 0.034444444444444444 0.039473684210526314
0 0.4483333333333333 0.453125 0.03 0.03453947368421053
0 0.8483333333333334 0.7894736842105263 0.021111111111111112 0.03289473684210526
0 0.39611111111111114 0.7023026315789473 0.034444444444444444 0.04276315789473684
0 0.5005555555555555 0.2450657894736842 0.043333333333333335 0.039473684210526314
0 0.08722222222222223 0.24588815789473684 0.03666666666666667 0.04111842105263158
0 0.395 0.868421052631579 0.034444444444444444 0.03618421052631579
0 0.08555555555555555 0.8700657894736842 0.035555555555555556 0.039473684210526314
0 0.7061111111111111 0.20888157894736842 0.03666666666666667 0.046052631578947366
0 0.6033333333333334 0.7467105263157895 0.03333333333333333 0.04276315789473684
0 0.6033333333333334 0.7853618421052632 0.03333333333333333 0.03782894736842105
0 0.08666666666666667 0.2886513157894737 0.035555555555555556 0.04111842105263158
0 0.6033333333333334 0.8264802631578947 0.028888888888888888 0.04111842105263158
0 0.39555555555555555 0.7845394736842105 0.035555555555555556 0.03618421052631579
0 0.8466666666666667 0.9136513157894737 0.024444444444444446 0.03453947368421053
0 0.24 0.2878289473684211 0.03333333333333333 0.039473684210526314
0 0.8727777777777778 0.912828947368421 0.023333333333333334 0.03618421052631579
0 0.6027777777777777 0.7055921052631579 0.034444444444444444 0.04276315789473684
0 0.5016666666666667 0.18092105263157895 0.04111111111111111 0.03618421052631579
0 0.13777777777777778 0.8692434210526315 0.035555555555555556 0.044407894736842105
0 0.5016666666666667 0.1455592105263158 0.043333333333333335 0.03453947368421053
0 0.5011111111111111 0.2779605263157895 0.044444444444444446 0.029605263157894735
0 0.8733333333333333 0.8717105263157895 0.022222222222222223 0.029605263157894735
0 0.5011111111111111 0.21217105263157895 0.044444444444444446 0.029605263157894735
0 0.5022222222222222 0.34457236842105265 0.044444444444444446 0.03125
0 0.8727777777777778 0.790296052631579 0.021111111111111112 0.03125
0 0.5027777777777778 0.37582236842105265 0.043333333333333335 0.03782894736842105
0 0.7977777777777778 0.3305921052631579 0.022222222222222223 0.03289473684210526
0 0.8472222222222222 0.8725328947368421 0.023333333333333334 0.03782894736842105
0 0.2411111111111111 0.33305921052631576 0.03333333333333333 0.03453947368421053
0 0.13777777777777778 0.703125 0.035555555555555556 0.04111842105263158
0 0.7066666666666667 0.16200657894736842 0.035555555555555556 0.047697368421052634
0 0.1361111111111111 0.9136513157894737 0.03666666666666667 0.044407894736842105
0 0.08666666666666667 0.32976973684210525 0.03777777777777778 0.04111842105263158
0 0.345 0.5789473684210527 0.03222222222222222 0.03618421052631579
0 0.8483333333333334 0.8305921052631579 0.023333333333333334 0.03618421052631579
0 0.39555555555555555 0.6611842105263158 0.035555555555555556 0.03618421052631579
0 0.8233333333333334 0.33223684210526316 0.022222222222222223 0.03289473684210526
0 0.13833333333333334 0.375 0.034444444444444444 0.039473684210526314
0 0.39611111111111114 0.618421052631579 0.034444444444444444 0.046052631578947366
0 0.8738888888888889 0.8314144736842105 0.021111111111111112 0.03453947368421053
0 0.7577777777777778 0.7055921052631579 0.035555555555555556 0.04276315789473684
0 0.1388888888888889 0.203125 0.035555555555555556 0.044407894736842105
0 0.7066666666666667 0.25082236842105265 0.03333333333333333 0.03453947368421053
0 0.9116666666666666 0.8725328947368421 0.034444444444444444 0.03782894736842105
0 0.24055555555555555 0.5353618421052632 0.03666666666666667 0.04111842105263158
0 0.34444444444444444 0.828125 0.035555555555555556 0.04111842105263158
0 0.08611111111111111 0.7861842105263158 0.03666666666666667 0.04276315789473684
0 0.345 0.7861842105263158 0.034444444444444444 0.039473684210526314
0 0.4483333333333333 0.5764802631578947 0.03 0.04111842105263158
0 0.34444444444444444 0.8692434210526315 0.035555555555555556 0.04111842105263158
0 0.9122222222222223 0.49835526315789475 0.035555555555555556 0.04276315789473684
0 0.3433333333333333 0.537828947368421 0.03333333333333333 0.046052631578947366
0 0.9133333333333333 0.33223684210526316 0.035555555555555556 0.039473684210526314
0 0.08611111111111111 0.7039473684210527 0.03666666666666667 0.039473684210526314
0 0.13833333333333334 0.3347039473684211 0.034444444444444444 0.044407894736842105
0 0.13833333333333334 0.7861842105263158 0.034444444444444444 0.039473684210526314
0 0.345 0.6167763157894737 0.03222222222222222 0.039473684210526314
0 0.08666666666666667 0.20148026315789475 0.035555555555555556 0.044407894736842105
0 0.24055555555555555 0.6200657894736842 0.03222222222222222 0.03618421052631579
0 0.7988888888888889 0.2886513157894737 0.02 0.03782894736842105
0 0.13777777777777778 0.49588815789473684 0.03333333333333333 0.03782894736842105
0 0.08611111111111111 0.6192434210526315 0.034444444444444444 0.04111842105263158
0 0.08444444444444445 0.9144736842105263 0.03777777777777778 0.049342105263157895
0 0.08722222222222223 0.37006578947368424 0.034444444444444444 0.039473684210526314
0 0.5133333333333333 0.75 0.022222222222222223 0.013157894736842105
0 0.3438888888888889 0.9120065789473685 0.03666666666666667 0.047697368421052634
0 0.9111111111111111 0.7886513157894737 0.03333333333333333 0.04111842105263158
0 0.8227777777777778 0.2878289473684211 0.021111111111111112 0.03618421052631579
0 0.9122222222222223 0.5789473684210527 0.03333333333333333 0.039473684210526314
0 0.18944444444444444 0.4120065789473684 0.034444444444444444 0.03782894736842105
0 0.13833333333333334 0.4144736842105263 0.034444444444444444 0.039473684210526314
0 0.5022222222222222 0.31167763157894735 0.042222222222222223 0.03782894736842105
0 0.13722222222222222 0.7458881578947368 0.034444444444444444 0.044407894736842105
0 0.39611111111111114 0.8256578947368421 0.03666666666666667 0.046052631578947366