0 0.546875 0.5822784810126582 0.0225 0.02689873417721519
0 0.519375 0.5205696202531646 0.03625 0.028481012658227847
0 0.4825 0.3473101265822785 0.04 0.0379746835443038
0 0.55375 0.6194620253164557 0.02375 0.02689873417721519
0 0.54875 0.6028481012658228 0.02375 0.02689873417721519
0 0.205625 0.9493670886075949 0.03875 0.0490506329113924
0 0.510625 0.47943037974683544 0.035 0.0379746835443038
0 0.476875 0.31408227848101267 0.03875 0.03481012658227848
0 0.30875 0.6147151898734177 0.03375 0.0379746835443038
0 0.56125 0.6582278481012658 0.02625 0.030063291139240507
0 0.668125 0.41455696202531644 0.0375 0.04113924050632911
0 0.888125 0.35917721518987344 0.03625 0.04113924050632911
0 0.265 0.9541139240506329 0.0375 0.04272151898734177
0 0.233125 0.8022151898734177 0.04125 0.0490506329113924
0 0.165625 0.7658227848101266 0.03875 0.04746835443037975
0 0.304375 0.5925632911392406 0.04125 0.058544303797468354
0 0.134375 0.6147151898734177 0.03375 0.04430379746835443
0 0.925 0.5348101265822784 0.035 0.04113924050632911
0 0.16 0.7365506329113924 0.0375 0.04588607594936709
0 0.715 0.3623417721518987 0.0375 0.0379746835443038
0 0.50625 0.7310126582278481 0.03875 0.04430379746835443
0 0.8775 0.5862341772151899 0.03875 0.04588607594936709
0 0.67375 0.43433544303797467 0.04375 0.056962025316455694
0 0.12875 0.5886075949367089 0.03625 0.04272151898734177
0 0.828125 0.3504746835443038 0.0375 0.04430379746835443
0 0.541875 0.5632911392405063 0.0225 0.02689873417721519
0 0.589375 0.7990506329113924 0.02375 0.02689873417721519
0 0.154375 0.7088607594936709 0.0375 0.03955696202531646
0 0.958125 0.6867088607594937 0.04 0.04588607594936709
0 0.834375 0.3813291139240506 0.03875 0.04430379746835443
0 0.56625 0.7492088607594937 0.03375 0.03955696202531646
0 0.8725 0.5561708860759493 0.04 0.04588607594936709
0 0.499375 0.7009493670886076 0.03625 0.04113924050632911
0 0.5 0.4295886075949367 0.04 0.04746835443037975
0 0.930625 0.5656645569620253 0.04 0.04588607594936709
0 0.5125 0.7618670886075949 0.04125 0.0490506329113924
0 0.7025 0.3014240506329114 0.0375 0.04430379746835443
0 0.5375 0.5443037974683544 0.02375 0.030063291139240507
0 0.459375 0.7792721518987342 0.0375 0.04588607594936709
0 0.24 0.8338607594936709 0.03875 0.04588607594936709
0 0.3125 0.9034810126582279 0.03625 0.04430379746835443
0 0.226875 0.7776898734177216 0.03625 0.04272151898734177
0 0.8475 0.439873417721519 0.0375 0.04113924050632911
0 0.146875 0.6795886075949367 0.03875 0.04588607594936709
0 0.944375 0.6257911392405063 0.04 0.04272151898734177
0 0.950625 0.6542721518987342 0.04 0.04588607594936709
0 0.494375 0.6740506329113924 0.035 0.04113924050632911
0 0.898125 0.6772151898734177 0.0375 0.04113924050632911
0 0.92 0.507120253164557 0.03875 0.04272151898734177
0 0.596875 0.8212025316455697 0.02375 0.03164556962025317
0 0.51875 0.7911392405063291 0.03625 0.04113924050632911
0 0.825 0.6060126582278481 0.03875 0.04430379746835443
0 0.4375 0.4026898734177215 0.03625 0.04113924050632911
0 0.390625 0.4525316455696203 0.03875 0.04430379746835443
0 0.41 0.5443037974683544 0.03625 0.04113924050632911
0 0.79 0.7167721518987342 0.0375 0.04588607594936709
0 0.6375 0.8093354430379747 0.0375 0.04430379746835443
0 0.651875 0.6091772151898734 0.0375 0.04272151898734177
0 0.18375 0.567246835443038 0.0375 0.04430379746835443
0 0.29875 0.8425632911392406 0.04 0.04430379746835443
0 0.5875 0.5712025316455697 0.03625 0.04113924050632911
0 0.268125 0.694620253164557 0.03625 0.04113924050632911
0 0.169375 0.504746835443038 0.04125 0.05063291139240506
0 0.9075 0.4485759493670886 0.04125 0.04588607594936709
0 0.775 0.37183544303797467 0.0375 0.04272151898734177
0 0.764375 0.5981012658227848 0.0375 0.04272151898734177
0 0.8375 0.6669303797468354 0.03875 0.04430379746835443
0 0.6175 0.7199367088607594 0.03875 0.04430379746835443
0 0.84375 0.6977848101265823 0.04 0.04588607594936709
0 0.684375 0.757120253164557 0.03875 0.04430379746835443
0 0.67125 0.6977848101265823 0.03875 0.04272151898734177
0 0.64875 0.3188291139240506 0.0375 0.04430379746835443
0 0.8625 0.2412974683544304 0.04 0.04588607594936709
0 0.4625 0.5253164556962026 0.0375 0.04430379746835443
0 0.759375 0.5688291139240507 0.03625 0.04430379746835443
0 0.5625 0.4549050632911392 0.0375 0.04272151898734177
0 0.43 0.37183544303797467 0.03875 0.04746835443037975
0 0.345625 0.7927215189873418 0.04 0.04588607594936709
0 0.248125 0.6060126582278481 0.0375 0.04272151898734177
0 0.283125 0.49287974683544306 0.03625 0.04272151898734177
0 0.7425 0.7689873417721519 0.0375 0.04272151898734177
0 0.29 0.5245253164556962 0.0375 0.04746835443037975
0 0.326875 0.7033227848101266 0.0375 0.04430379746835443
0 0.20875 0.6875 0.0375 0.04430379746835443
0 0.63125 0.7784810126582279 0.03625 0.04272151898734177
0 0.195 0.6281645569620253 0.0375 0.04430379746835443
0 0.314375 0.6439873417721519 0.03625 0.04272151898734177
0 0.33375 0.7333860759493671 0.03875 0.04588607594936709
0 0.39625 0.4849683544303797 0.0375 0.04430379746835443
0 0.788125 0.43037974683544306 0.04 0.04113924050632911
0 0.740625 0.4802215189873418 0.03875 0.04113924050632911
0 0.761875 0.30933544303797467 0.0375 0.04272151898734177
0 0.274375 0.7231012658227848 0.0375 0.04588607594936709
0 0.78375 0.6867088607594937 0.0375 0.04272151898734177
0 0.254375 0.6352848101265823 0.0375 0.04430379746835443
0 0.69875 0.560126582278481 0.0375 0.04430379746835443
0 0.4025 0.5150316455696202 0.03625 0.04272151898734177
0 0.280625 0.7539556962025317 0.03875 0.04588607594936709
0 0.821875 0.3212025316455696 0.04 0.04272151898734177
0 0.261875 0.6653481012658228 0.03875 0.04430379746835443
0 0.488125 0.6431962025316456 0.035 0.04430379746835443
0 0.78125 0.40189873417721517 0.03875 0.04430379746835443
0 0.690625 0.7887658227848101 0.0375 0.04430379746835443
0 0.23 0.5142405063291139 0.0375 0.04272151898734177
0 0.75625 0.2800632911392405 0.03875 0.04430379746835443
0 0.4225 0.6028481012658228 0.03875 0.04272151898734177
0 0.349375 0.5363924050632911 0.0375 0.04272151898734177
0 0.728125 0.4208860759493671 0.0375 0.04430379746835443
0 0.68125 0.47072784810126583 0.0375 0.04272151898734177
0 0.71875 0.6463607594936709 0.0375 0.04272151898734177
0 0.55625 0.4240506329113924 0.03875 0.04746835443037975
0 0.44 0.6930379746835443 0.03875 0.04588607594936709
0 0.383125 0.4224683544303797 0.04 0.04588607594936709
0 0.58875 0.310126582278481 0.0375 0.04588607594936709
0 0.535 0.3299050632911392 0.03875 0.04588607594936709
0 0.665625 0.6693037974683544 0.03625 0.04113924050632911
0 0.355625 0.567246835443038 0.03875 0.04430379746835443
0 0.495625 0.40427215189873417 0.03375 0.028481012658227847
0 0.49 0.3884493670886076 0.035 0.03164556962025317
0 0.48875 0.3686708860759494 0.0375 0.03322784810126582
0 0.479375 0.33544303797468356 0.035 0.030063291139240507
0 0.51625 0.502373417721519 0.03 0.030063291139240507
0 0.558125 0.6392405063291139 0.0225 0.02531645569620253
0 0.43375 0.6606012658227848 0.0375 0.04272151898734177
0 0.840625 0.41218354430379744 0.03875 0.04588607594936709
0 0.19125 0.884493670886076 0.03875 0.04430379746835443
0 0.86625 0.5276898734177216 0.04 0.04113924050632911
0 0.884375 0.6170886075949367 0.03625 0.04272151898734177
0 0.811875 0.5482594936708861 0.03875 0.04430379746835443
0 0.453125 0.7507911392405063 0.04 0.04588607594936709
0 0.881875 0.3275316455696203 0.03625 0.04272151898734177
0 0.81875 0.5775316455696202 0.03875 0.04430379746835443
0 0.91375 0.4778481012658228 0.03875 0.04430379746835443
0 0.198125 0.9169303797468354 0.04 0.04746835443037975
0 0.319375 0.9335443037974683 0.0375 0.04272151898734177
0 0.245 0.8647151898734177 0.04125 0.04588607594936709
0 0.72125 0.3884493670886076 0.0425 0.0490506329113924
0 0.17875 0.8259493670886076 0.03625 0.04113924050632911
0 0.220625 0.7444620253164557 0.035 0.04113924050632911
0 0.905 0.7072784810126582 0.03875 0.04272151898734177
0 0.850625 0.7278481012658228 0.04125 0.04272151898734177
0 0.525 0.8204113924050633 0.03875 0.04272151898734177
0 0.339375 0.7618670886075949 0.03875 0.04272151898734177
0 0.2875 0.7816455696202531 0.0375 0.04113924050632911
0 0.46625 0.8109177215189873 0.04 0.04430379746835443
0 0.479375 0.870253164556962 0.04125 0.04430379746835443
0 0.306875 0.8765822784810127 0.04 0.04746835443037975
0 0.184375 0.8552215189873418 0.03875 0.04430379746835443
0 0.85375 0.4675632911392405 0.0375 0.04272151898734177
0 0.5325 0.8504746835443038 0.0375 0.04430379746835443
0 0.171875 0.7966772151898734 0.03625 0.04430379746835443
0 0.373125 0.9113924050632911 0.04375 0.04430379746835443
0 0.259375 0.9256329113924051 0.04 0.04746835443037975
0 0.93875 0.5965189873417721 0.04 0.04588607594936709
0 0.8025 0.22626582278481014 0.03875 0.04746835443037975
0 0.624375 0.7492088607594937 0.035 0.04113924050632911
0 0.900625 0.41930379746835444 0.04 0.04113924050632911
0 0.176875 0.5371835443037974 0.0375 0.04272151898734177
0 0.806875 0.5197784810126582 0.0375 0.04430379746835443
0 0.830625 0.6352848101265823 0.03875 0.04588607594936709
0 0.704375 0.5878164556962026 0.03625 0.04113924050632911
0 0.36625 0.8837025316455697 0.04 0.04430379746835443
0 0.891875 0.6471518987341772 0.0375 0.04430379746835443
0 0.21375 0.7175632911392406 0.03625 0.04430379746835443
0 0.121875 0.5569620253164557 0.03875 0.04588607594936709
0 0.796875 0.7484177215189873 0.0375 0.04430379746835443
0 0.5425 0.36075949367088606 0.0375 0.04430379746835443
0 0.29625 0.5561708860759493 0.03625 0.04113924050632911
0 0.201875 0.6582278481012658 0.0375 0.04588607594936709
0 0.429375 0.6337025316455697 0.03875 0.04588607594936709
0 0.86875 0.27056962025316456 0.04 0.04113924050632911
0 0.895 0.38924050632911394 0.03875 0.04588607594936709
0 0.875625 0.29825949367088606 0.03875 0.04588607594936709
0 0.753125 0.5387658227848101 0.0375 0.04272151898734177
0 0.808125 0.2602848101265823 0.03875 0.04430379746835443
0 0.4725 0.8409810126582279 0.04 0.04588607594936709
0 0.353125 0.821993670886076 0.03875 0.04430379746835443
0 0.27625 0.4572784810126582 0.04125 0.0490506329113924
0 0.56875 0.4833860759493671 0.0375 0.04113924050632911
0 0.79375 0.4588607594936709 0.0375 0.04272151898734177
0 0.778125 0.6566455696202531 0.03875 0.04430379746835443
0 0.359375 0.8528481012658228 0.0375 0.04588607594936709
0 0.800625 0.4889240506329114 0.0375 0.04430379746835443
0 0.855 0.2088607594936709 0.04375 0.0490506329113924
0 0.696875 0.27056962025316456 0.04375 0.05379746835443038
0 0.251875 0.8939873417721519 0.04125 0.04430379746835443
0 0.446875 0.7215189873417721 0.03875 0.04272151898734177
0 0.363125 0.5965189873417721 0.04 0.04746835443037975
0 0.376875 0.3900316455696203 0.03875 0.04588607594936709
0 0.468125 0.555379746835443 0.03625 0.04272151898734177
0 0.730625 0.7080696202531646 0.0375 0.04272151898734177
0 0.771875 0.627373417721519 0.03875 0.04588607594936709
0 0.734375 0.45174050632911394 0.03875 0.04272151898734177
0 0.81625 0.28955696202531644 0.03875 0.04430379746835443
0 0.69375 0.5308544303797469 0.03875 0.04113924050632911
0 0.415625 0.5735759493670886 0.03875 0.04588607594936709
0 0.678125 0.7286392405063291 0.03875 0.04588607594936709
0 0.63875 0.5506329113924051 0.03625 0.04113924050632911
0 0.241875 0.5767405063291139 0.0375 0.04430379746835443
0 0.2225 0.4825949367088608 0.04 0.04746835443037975
0 0.48125 0.6131329113924051 0.0375 0.04272151898734177
0 0.140625 0.6479430379746836 0.04 0.04746835443037975
0 0.860625 0.49841772151898733 0.04 0.04746835443037975
0 0.475625 0.5838607594936709 0.035 0.04113924050632911
0 0.628125 0.49050632911392406 0.0375 0.04272151898734177
0 0.320625 0.6732594936708861 0.03625 0.04272151898734177
0 0.724375 0.6772151898734177 0.0375 0.04588607594936709
0 0.711875 0.6170886075949367 0.03625 0.04430379746835443
0 0.73625 0.7381329113924051 0.03625 0.04430379746835443
0 0.34375 0.507120253164557 0.0375 0.04588607594936709
0 0.189375 0.5949367088607594 0.0375 0.04430379746835443
0 0.580625 0.5450949367088608 0.0375 0.04272151898734177
0 0.615 0.4311708860759494 0.03875 0.04272151898734177
0 0.293125 0.8125 0.04 0.04746835443037975
0 0.74625 0.5087025316455697 0.03875 0.04430379746835443
0 0.76875 0.34098101265822783 0.03875 0.04746835443037975
0 0.33 0.44462025316455694 0.04 0.04588607594936709
0 0.641875 0.2887658227848101 0.0375 0.04588607594936709
0 0.605625 0.6598101265822784 0.0375 0.04272151898734177
0 0.655 0.3504746835443038 0.04 0.04746835443037975
0 0.45 0.46360759493670883 0.03625 0.04113924050632911
0 0.114375 0.5245253164556962 0.04 0.04746835443037975
0 0.61125 0.6906645569620253 0.03875 0.04588607594936709
0 0.65875 0.6384493670886076 0.03875 0.04588607594936709
0 0.60875 0.40189873417721517 0.0375 0.04430379746835443
0 0.64625 0.5799050632911392 0.03625 0.04430379746835443
0 0.596875 0.34177215189873417 0.03625 0.04430379746835443
0 0.6025 0.37104430379746833 0.035 0.04272151898734177
0 0.3375 0.4754746835443038 0.03875 0.04430379746835443
0 0.71 0.3346518987341772 0.04 0.04746835443037975
0 0.593125 0.6020569620253164 0.03625 0.04272151898734177
0 0.619375 0.46281645569620256 0.0425 0.04746835443037975
0 0.574375 0.5126582278481012 0.03875 0.04588607594936709
0 0.6875 0.5015822784810127 0.0375 0.04588607594936709
0 0.59875 0.6313291139240507 0.03625 0.04113924050632911
0 0.3225 0.41218354430379744 0.04375 0.0490506329113924
0 0.55 0.39319620253164556 0.0375 0.04588607594936709
0 0.235625 0.5458860759493671 0.03625 0.04430379746835443
0 0.66125 0.38212025316455694 0.03875 0.04588607594936709
0 0.44375 0.43354430379746833 0.03625 0.04272151898734177
0 0.634375 0.5213607594936709 0.0375 0.04272151898734177
0 0.45625 0.4944620253164557 0.0375 0.04430379746835443
0 0.749375 0.24841772151898733 0.04375 0.0490506329113924