0 0.30722222222222223 0.24174917491749176 0.04111111111111111 0.056105610561056105
0 0.5355555555555556 0.7046204620462047 0.02666666666666667 0.02145214521452145
0 0.5327777777777778 0.6740924092409241 0.022222222222222223 0.02145214521452145
0 0.5338888888888889 0.6889438943894389 0.022222222222222223 0.02145214521452145
0 0.4388888888888889 0.8993399339933993 0.04111111111111111 0.056105610561056105
0 0.37333333333333335 0.34405940594059403 0.04 0.05115511551155116
0 0.13277777777777777 0.5585808580858086 0.03888888888888889 0.052805280528052806
0 0.42777777777777776 0.816006600660066 0.04111111111111111 0.054455445544554455
0 0.5911111111111111 0.8424092409240924 0.044444444444444446 0.057755775577557754
0 0.3 0.6155115511551155 0.04 0.05115511551155116
0 0.47 0.7202970297029703 0.04 0.052805280528052806
0 0.6444444444444445 0.4042904290429043 0.03777777777777778 0.04950495049504951
0 0.8788888888888889 0.15346534653465346 0.03888888888888889 0.052805280528052806
0 0.7188888888888889 0.5874587458745875 0.042222222222222223 0.057755775577557754
0 0.4816666666666667 0.3523102310231023 0.04888888888888889 0.056105610561056105
0 0.45111111111111113 0.5577557755775577 0.03888888888888889 0.04785478547854786
0 0.27111111111111114 0.3787128712871287 0.04 0.054455445544554455
0 0.41944444444444445 0.7376237623762376 0.03888888888888889 0.052805280528052806
0 0.8933333333333333 0.27145214521452143 0.042222222222222223 0.06105610561056106
0 0.295 0.5792079207920792 0.03888888888888889 0.05115511551155116
0 0.1111111111111111 0.36056105610561057 0.042222222222222223 0.052805280528052806
0 0.21166666666666667 0.3217821782178218 0.03777777777777778 0.052805280528052806
0 0.32666666666666666 0.4018151815181518 0.03888888888888889 0.054455445544554455
0 0.41944444444444445 0.2871287128712871 0.03777777777777778 0.05115511551155116
0 0.26666666666666666 0.33993399339933994 0.04 0.04950495049504951
0 0.655 0.06353135313531354 0.043333333333333335 0.0594059405940594
0 0.7672222222222222 0.10891089108910891 0.03666666666666667 0.052805280528052806
0 0.07888888888888888 0.5371287128712872 0.03888888888888889 0.04950495049504951
0 0.7338888888888889 0.7037953795379538 0.04 0.05115511551155116
0 0.14166666666666666 0.6344884488448845 0.043333333333333335 0.056105610561056105
0 0.6355555555555555 0.3259075907590759 0.03777777777777778 0.0462046204620462
0 0.7822222222222223 0.2301980198019802 0.03777777777777778 0.04785478547854786
0 0.3861111111111111 0.4636963696369637 0.03777777777777778 0.052805280528052806
0 0.5611111111111111 0.6006600660066007 0.04111111111111111 0.056105610561056105
0 0.465 0.679042904290429 0.04 0.054455445544554455
0 0.5611111111111111 0.1443894389438944 0.042222222222222223 0.057755775577557754
0 0.83 0.6287128712871287 0.042222222222222223 0.057755775577557754
0 0.2627777777777778 0.30115511551155116 0.04111111111111111 0.05115511551155116
0 0.6661111111111111 0.1485148514851485 0.03777777777777778 0.04950495049504951
0 0.8622222222222222 0.028877887788778877 0.04 0.054455445544554455
0 0.4777777777777778 0.7986798679867987 0.04111111111111111 0.056105610561056105
0 0.30444444444444446 0.655940594059406 0.04 0.05115511551155116
0 0.8566666666666667 0.00825082508250825 0.044444444444444446 0.0165016501650165
0 0.06944444444444445 0.45874587458745875 0.04111111111111111 0.05115511551155116
0 0.8455555555555555 0.7458745874587459 0.042222222222222223 0.056105610561056105
0 0.5855555555555556 0.7995049504950495 0.04 0.05115511551155116
0 0.055 0.3424092409240924 0.04555555555555556 0.0627062706270627
0 0.7422222222222222 0.7854785478547854 0.04111111111111111 0.054455445544554455
0 0.11888888888888889 0.4389438943894389 0.03777777777777778 0.04785478547854786
0 0.42277777777777775 0.7755775577557755 0.03888888888888889 0.052805280528052806
0 0.7622222222222222 0.06848184818481848 0.03666666666666667 0.054455445544554455
0 0.7727777777777778 0.15016501650165018 0.03777777777777778 0.054455445544554455
0 0.3638888888888889 0.2632013201320132 0.04 0.052805280528052806
0 0.3416666666666667 0.5181518151815182 0.03888888888888889 0.054455445544554455
0 0.8405555555555555 0.7062706270627063 0.04 0.05115511551155116
0 0.715 0.5437293729372937 0.04111111111111111 0.056105610561056105
0 0.33611111111111114 0.9372937293729373 0.04555555555555556 0.06105610561056106
0 0.13666666666666666 0.5965346534653465 0.03888888888888889 0.04785478547854786
0 0.7377777777777778 0.745049504950495 0.04111111111111111 0.056105610561056105
0 0.7577777777777778 0.027227722772277228 0.04111111111111111 0.054455445544554455
0 0.8683333333333333 0.07178217821782178 0.03888888888888889 0.052805280528052806
0 0.5666666666666667 0.6402640264026402 0.04111111111111111 0.05115511551155116
0 0.4661111111111111 0.2202970297029703 0.05 0.057755775577557754
0 0.4088888888888889 0.6584158415841584 0.03888888888888889 0.05115511551155116
0 0.25055555555555553 0.21864686468646866 0.042222222222222223 0.06105610561056106
0 0.9316666666666666 0.5899339933993399 0.03888888888888889 0.054455445544554455
0 0.8877777777777778 0.2301980198019802 0.03888888888888889 0.04785478547854786
0 0.6894444444444444 0.34735973597359737 0.04 0.04950495049504951
0 0.47333333333333333 0.7574257425742574 0.03888888888888889 0.04785478547854786
0 0.18388888888888888 0.5387788778877888 0.04111111111111111 0.04950495049504951
0 0.32222222222222224 0.8151815181518152 0.042222222222222223 0.057755775577557754
0 0.31722222222222224 0.7755775577557755 0.04 0.04950495049504951
0 0.48833333333333334 0.8762376237623762 0.042222222222222223 0.057755775577557754
0 0.4772222222222222 0.31765676567656764 0.051111111111111114 0.052805280528052806
0 0.8988888888888888 0.3127062706270627 0.04111111111111111 0.0462046204620462
0 0.4722222222222222 0.28217821782178215 0.04888888888888889 0.0594059405940594
0 0.5761111111111111 0.7186468646864687 0.03888888888888889 0.04950495049504951
0 0.6938888888888889 0.38366336633663367 0.03666666666666667 0.052805280528052806
0 0.06 0.3844884488448845 0.04111111111111111 0.0462046204620462
0 0.835 0.6674917491749175 0.042222222222222223 0.052805280528052806
0 0.5805555555555556 0.7582508250825083 0.04 0.054455445544554455
0 0.3277777777777778 0.8556105610561056 0.042222222222222223 0.056105610561056105
0 0.48333333333333334 0.8358085808580858 0.04 0.05115511551155116
0 0.8738888888888889 0.11138613861386139 0.03888888888888889 0.052805280528052806
0 0.5655555555555556 0.18894389438943895 0.04111111111111111 0.056105610561056105
0 0.3088888888888889 0.6955445544554455 0.04111111111111111 0.056105610561056105
0 0.28555555555555556 0.5 0.03888888888888889 0.05115511551155116
0 0.9222222222222223 0.5066006600660066 0.04 0.039603960396039604
0 0.33166666666666667 0.8943894389438944 0.03888888888888889 0.05115511551155116
0 0.43277777777777776 0.8564356435643564 0.04 0.057755775577557754
0 0.49444444444444446 0.4603960396039604 0.042222222222222223 0.052805280528052806
0 0.9116666666666666 0.42244224422442245 0.034444444444444444 0.03135313531353135
0 0.45444444444444443 0.13036303630363036 0.05 0.04785478547854786
0 0.4577777777777778 0.16501650165016502 0.05 0.054455445544554455
0 0.46166666666666667 0.18894389438943895 0.052222222222222225 0.04785478547854786
0 0.47 0.2524752475247525 0.04888888888888889 0.04455445544554455
0 0.8061111111111111 0.018151815181518153 0.043333333333333335 0.036303630363036306
0 0.57 0.679042904290429 0.04 0.052805280528052806
0 0.6988888888888889 0.42574257425742573 0.04 0.056105610561056105
0 0.08722222222222223 0.6204620462046204 0.043333333333333335 0.057755775577557754
0 0.050555555555555555 0.297029702970297 0.042222222222222223 0.0594059405940594
0 0.27666666666666667 0.41914191419141916 0.04 0.052805280528052806
0 0.31444444444444447 0.7376237623762376 0.04111111111111111 0.056105610561056105
0 0.15055555555555555 0.25742574257425743 0.043333333333333335 0.057755775577557754
0 0.28055555555555556 0.45957095709570955 0.04111111111111111 0.054455445544554455
0 0.6605555555555556 0.10643564356435643 0.042222222222222223 0.057755775577557754
0 0.175 0.45957095709570955 0.04111111111111111 0.054455445544554455
0 0.8261111111111111 0.1740924092409241 0.042222222222222223 0.057755775577557754
0 0.8827777777777778 0.19224422442244224 0.03888888888888889 0.05115511551155116
0 0.33611111111111114 0.48102310231023104 0.03888888888888889 0.04950495049504951
0 0.5427777777777778 0.44224422442244227 0.03666666666666667 0.05115511551155116
0 0.8166666666666667 0.5057755775577558 0.03777777777777778 0.054455445544554455
0 0.51 0.1608910891089109 0.04111111111111111 0.056105610561056105
0 0.625 0.24587458745874588 0.04 0.04950495049504951
0 0.16055555555555556 0.3432343234323432 0.04 0.05115511551155116
0 0.8011111111111111 0.38696369636963696 0.04 0.052805280528052806
0 0.46 0.6386138613861386 0.04 0.052805280528052806
0 0.555 0.10148514851485149 0.044444444444444446 0.0594059405940594
0 0.41444444444444445 0.6955445544554455 0.03888888888888889 0.054455445544554455
0 0.9038888888888889 0.3481848184818482 0.04111111111111111 0.052805280528052806
0 0.6211111111111111 0.20462046204620463 0.04 0.054455445544554455
0 0.5383333333333333 0.4042904290429043 0.03888888888888889 0.05115511551155116
0 0.7055555555555556 0.4661716171617162 0.04 0.052805280528052806
0 0.7288888888888889 0.665016501650165 0.03888888888888889 0.05115511551155116
0 0.8211111111111111 0.13283828382838284 0.04111111111111111 0.054455445544554455
0 0.71 0.504950495049505 0.04 0.052805280528052806
0 0.10055555555555555 0.2764026402640264 0.04111111111111111 0.054455445544554455
0 0.08222222222222222 0.5767326732673267 0.043333333333333335 0.057755775577557754
0 0.12277777777777778 0.4768976897689769 0.03888888888888889 0.052805280528052806
0 0.8211111111111111 0.5470297029702971 0.04111111111111111 0.056105610561056105
0 0.4866666666666667 0.415016501650165 0.04777777777777778 0.06105610561056106
0 0.14555555555555555 0.6757425742574258 0.042222222222222223 0.054455445544554455
0 0.8255555555555556 0.5866336633663366 0.042222222222222223 0.054455445544554455
0 0.65 0.4430693069306931 0.04 0.054455445544554455
0 0.5527777777777778 0.5181518151815182 0.03777777777777778 0.04950495049504951
0 0.06444444444444444 0.4207920792079208 0.042222222222222223 0.054455445544554455
0 0.7244444444444444 0.6270627062706271 0.04 0.052805280528052806
0 0.67 0.18811881188118812 0.03888888888888889 0.054455445544554455
0 0.17055555555555554 0.4207920792079208 0.04111111111111111 0.054455445544554455
0 0.8061111111111111 0.4273927392739274 0.04 0.052805280528052806
0 0.8111111111111111 0.46534653465346537 0.03666666666666667 0.052805280528052806
0 0.9177777777777778 0.4661716171617162 0.042222222222222223 0.06105610561056106
0 0.6805555555555556 0.26732673267326734 0.03888888888888889 0.05115511551155116
0 0.7916666666666666 0.30775577557755773 0.04 0.05115511551155116
0 0.5244444444444445 0.2871287128712871 0.04 0.04950495049504951
0 0.38166666666666665 0.4240924092409241 0.04 0.05115511551155116
0 0.11388888888888889 0.400990099009901 0.042222222222222223 0.057755775577557754
0 0.10611111111111111 0.3201320132013201 0.043333333333333335 0.056105610561056105
0 0.3227777777777778 0.3613861386138614 0.03777777777777778 0.05115511551155116
0 0.8122222222222222 0.05198019801980198 0.04111111111111111 0.056105610561056105
0 0.5161111111111111 0.2037953795379538 0.043333333333333335 0.0594059405940594
0 0.35333333333333333 0.6361386138613861 0.03777777777777778 0.052805280528052806
0 0.5572222222222222 0.5577557755775577 0.04 0.054455445544554455
0 0.43666666666666665 0.44224422442244227 0.03888888888888889 0.05115511551155116
0 0.5038888888888889 0.12046204620462046 0.043333333333333335 0.057755775577557754
0 0.39055555555555554 0.5016501650165016 0.03777777777777778 0.04785478547854786
0 0.35 0.5957095709570958 0.04 0.052805280528052806
0 0.2577777777777778 0.2632013201320132 0.042222222222222223 0.054455445544554455
0 0.4088888888888889 0.2037953795379538 0.03888888888888889 0.054455445544554455
0 0.5344444444444445 0.3655115511551155 0.04 0.05115511551155116
0 0.8166666666666667 0.09158415841584158 0.04 0.054455445544554455
0 0.7211111111111111 0.16666666666666666 0.04111111111111111 0.056105610561056105
0 0.3461111111111111 0.5577557755775577 0.04111111111111111 0.05115511551155116
0 0.17777777777777778 0.5 0.04111111111111111 0.056105610561056105
0 0.5483333333333333 0.48184818481848185 0.03777777777777778 0.04950495049504951
0 0.29055555555555557 0.5396039603960396 0.04 0.052805280528052806
0 0.6394444444444445 0.36468646864686466 0.03666666666666667 0.054455445544554455
0 0.5305555555555556 0.3259075907590759 0.04 0.054455445544554455
0 0.9266666666666666 0.5470297029702971 0.042222222222222223 0.0594059405940594
0 0.2061111111111111 0.27970297029702973 0.04 0.054455445544554455
0 0.44555555555555554 0.5198019801980198 0.03888888888888889 0.052805280528052806
0 0.07388888888888889 0.4991749174917492 0.042222222222222223 0.056105610561056105
0 0.12777777777777777 0.518976897689769 0.03888888888888889 0.052805280528052806
0 0.18777777777777777 0.5775577557755776 0.043333333333333335 0.057755775577557754
0 0.40055555555555555 0.5759075907590759 0.04 0.05115511551155116
0 0.6766666666666666 0.22854785478547854 0.03777777777777778 0.052805280528052806
0 0.6855555555555556 0.3069306930693069 0.04 0.052805280528052806
0 0.7972222222222223 0.3481848184818482 0.03888888888888889 0.054455445544554455
0 0.36444444444444446 0.716996699669967 0.04 0.054455445544554455
0 0.42333333333333334 0.3250825082508251 0.03888888888888889 0.05115511551155116
0 0.165 0.382013201320132 0.04 0.05115511551155116
0 0.45555555555555555 0.5965346534653465 0.04111111111111111 0.056105610561056105
0 0.7777777777777778 0.19141914191419143 0.03777777777777778 0.054455445544554455
0 0.7866666666666666 0.26897689768976896 0.03666666666666667 0.052805280528052806
0 0.35777777777777775 0.6773927392739274 0.04111111111111111 0.056105610561056105
0 0.43333333333333335 0.4034653465346535 0.04 0.054455445544554455
0 0.3322222222222222 0.4414191419141914 0.035555555555555556 0.04950495049504951
0 0.4411111111111111 0.4801980198019802 0.04111111111111111 0.054455445544554455
0 0.36944444444444446 0.30445544554455445 0.04111111111111111 0.054455445544554455
0 0.41388888888888886 0.24587458745874588 0.04 0.0594059405940594
0 0.15611111111111112 0.30115511551155116 0.04111111111111111 0.056105610561056105
0 0.5205555555555555 0.24834983498349836 0.042222222222222223 0.057755775577557754
0 0.63 0.2871287128712871 0.042222222222222223 0.057755775577557754
0 0.31777777777777777 0.3226072607260726 0.03888888888888889 0.05115511551155116
0 0.35777777777777775 0.22194719471947194 0.04111111111111111 0.056105610561056105
0 0.7266666666666667 0.20957095709570958 0.04111111111111111 0.056105610561056105
0 0.31222222222222223 0.28465346534653463 0.04 0.052805280528052806
0 0.7322222222222222 0.25165016501650167 0.03888888888888889 0.054455445544554455
0 0.42833333333333334 0.36303630363036304 0.04 0.05115511551155116
0 0.37777777777777777 0.3844884488448845 0.042222222222222223 0.056105610561056105
0 0.40555555555555556 0.6171617161716172 0.04 0.054455445544554455
0 0.9094444444444445 0.3910891089108911 0.043333333333333335 0.0627062706270627
0 0.39555555555555555 0.5379537953795379 0.03888888888888889 0.052805280528052806