0 0.6906666666666667 0.9374021909233177 0.037333333333333336 0.028169014084507043
0 0.5286666666666666 0.28482003129890454 0.037333333333333336 0.03599374021909233
0 0.5226666666666666 0.3857589984350548 0.03866666666666667 0.04225352112676056
0 0.8113333333333334 0.9546165884194053 0.032 0.03442879499217527
0 0.8406666666666667 0.9593114241001565 0.032 0.03912363067292645
0 0.8153333333333334 0.9209702660406885 0.029333333333333333 0.03286384976525822
0 0.5273333333333333 0.3161189358372457 0.036 0.03442879499217527
0 0.8566666666666667 0.9248826291079812 0.04 0.04225352112676056
0 0.7146666666666667 0.5821596244131455 0.04133333333333333 0.04225352112676056
0 0.868 0.9624413145539906 0.032 0.03755868544600939
0 0.7066666666666667 0.6862284820031299 0.03866666666666667 0.0406885758998435
0 0.85 0.8192488262910798 0.032 0.03755868544600939
0 0.5313333333333333 0.24647887323943662 0.036 0.03129890453834116
0 0.79 0.9154929577464789 0.032 0.03755868544600939
0 0.876 0.8223787167449139 0.030666666666666665 0.03912363067292645
0 0.52 0.4225352112676056 0.03333333333333333 0.03599374021909233
0 0.8606666666666667 0.8568075117370892 0.04133333333333333 0.03912363067292645
0 0.8653333333333333 0.7816901408450704 0.03866666666666667 0.04225352112676056
0 0.5153333333333333 0.4569640062597809 0.034666666666666665 0.03912363067292645
0 0.8246666666666667 0.7785602503912363 0.032 0.03442879499217527
0 0.726 0.3998435054773083 0.03333333333333333 0.03599374021909233
0 0.66 0.5712050078247262 0.04 0.03599374021909233
0 0.8386666666666667 0.5625978090766823 0.032 0.03442879499217527
0 0.858 0.8896713615023474 0.03866666666666667 0.0406885758998435
0 0.8293333333333334 0.7073552425665102 0.030666666666666665 0.03442879499217527
0 0.532 0.21830985915492956 0.036 0.03442879499217527
0 0.892 0.38967136150234744 0.03866666666666667 0.04225352112676056
0 0.8686666666666667 0.7120500782472613 0.037333333333333336 0.03755868544600939
0 0.7006666666666667 0.7949921752738655 0.03866666666666667 0.0406885758998435
0 0.7013333333333334 0.7597809076682316 0.036 0.0406885758998435
0 0.8666666666666667 0.7456964006259781 0.037333333333333336 0.0406885758998435
0 0.832 0.45305164319248825 0.04 0.0406885758998435
0 0.8433333333333334 0.49295774647887325 0.030666666666666665 0.03599374021909233
0 0.814 0.525039123630673 0.03333333333333333 0.03912363067292645
0 0.834 0.41705790297339596 0.04 0.0406885758998435
0 0.754 0.8035993740219093 0.034666666666666665 0.03912363067292645
0 0.816 0.486697965571205 0.030666666666666665 0.03755868544600939
0 0.6073333333333333 0.52660406885759 0.036 0.03755868544600939
0 0.7993333333333333 0.7386541471048513 0.030666666666666665 0.03755868544600939
0 0.6953333333333334 0.8646322378716745 0.036 0.03912363067292645
0 0.6493333333333333 0.7496087636932708 0.036 0.03755868544600939
0 0.692 0.903755868544601 0.03866666666666667 0.04538341158059468
0 0.8193333333333334 0.6306729264475743 0.036 0.03912363067292645
0 0.84 0.5273865414710485 0.032 0.03912363067292645
0 0.7193333333333334 0.5078247261345853 0.034666666666666665 0.03599374021909233
0 0.8093333333333333 0.812206572769953 0.03866666666666667 0.04381846635367762
0 0.7166666666666667 0.5438184663536776 0.03866666666666667 0.04381846635367762
0 0.6053333333333333 0.5641627543035994 0.04133333333333333 0.048513302034428794
0 0.764 0.6596244131455399 0.03866666666666667 0.04381846635367762
0 0.6726666666666666 0.3544600938967136 0.04 0.04538341158059468
0 0.77 0.5524256651017214 0.037333333333333336 0.0406885758998435
0 0.7766666666666666 0.44366197183098594 0.036 0.04225352112676056
0 0.656 0.6424100156494522 0.04133333333333333 0.046948356807511735
0 0.7753333333333333 0.4812206572769953 0.034666666666666665 0.04225352112676056
0 0.7286666666666667 0.36306729264475746 0.04 0.04538341158059468
0 0.768 0.5876369327073553 0.037333333333333336 0.04225352112676056
0 0.6153333333333333 0.4194053208137715 0.04 0.04381846635367762
0 0.6586666666666666 0.6048513302034428 0.04 0.0406885758998435
0 0.7586666666666667 0.7316118935837246 0.037333333333333336 0.0406885758998435
0 0.672 0.3935837245696401 0.04 0.04225352112676056
0 0.662 0.5359937402190923 0.04 0.046948356807511735
0 0.7046666666666667 0.7230046948356808 0.037333333333333336 0.0406885758998435
0 0.762 0.6971830985915493 0.03866666666666667 0.0406885758998435
0 0.7553333333333333 0.769170579029734 0.036 0.0406885758998435
0 0.6193333333333333 0.3442879499217527 0.03866666666666667 0.04381846635367762
0 0.872 0.6776212832550861 0.03866666666666667 0.04381846635367762
0 0.6133333333333333 0.45618153364632236 0.03866666666666667 0.04225352112676056
0 0.886 0.46322378716744916 0.03866666666666667 0.0406885758998435
0 0.698 0.8309859154929577 0.03866666666666667 0.0406885758998435
0 0.722 0.4350547730829421 0.036 0.04225352112676056
0 0.7093333333333334 0.6486697965571205 0.03866666666666667 0.0406885758998435
0 0.6693333333333333 0.4287949921752739 0.037333333333333336 0.0406885758998435
0 0.6646666666666666 0.49921752738654146 0.03866666666666667 0.0406885758998435
0 0.7126666666666667 0.6158059467918623 0.04 0.03755868544600939
0 0.7733333333333333 0.5156494522691706 0.036 0.03599374021909233
0 0.75 0.8732394366197183 0.03866666666666667 0.0406885758998435
0 0.6173333333333333 0.3826291079812207 0.037333333333333336 0.0406885758998435
0 0.6433333333333333 0.8215962441314554 0.04 0.046948356807511735
0 0.6533333333333333 0.6791862284820032 0.04 0.0406885758998435
0 0.8826666666666667 0.4984350547730829 0.037333333333333336 0.03755868544600939
0 0.876 0.6032863849765259 0.04 0.04225352112676056
0 0.6513333333333333 0.7136150234741784 0.04 0.04225352112676056
0 0.766 0.6236306729264476 0.034666666666666665 0.03599374021909233
0 0.782 0.3732394366197183 0.037333333333333336 0.04225352112676056
0 0.8266666666666667 0.7425665101721439 0.034666666666666665 0.0406885758998435
0 0.61 0.49061032863849763 0.037333333333333336 0.0406885758998435
0 0.822 0.5954616588419406 0.03866666666666667 0.04381846635367762
0 0.8026666666666666 0.7018779342723005 0.032 0.03912363067292645
0 0.752 0.8380281690140845 0.037333333333333336 0.03912363067292645
0 0.8373333333333334 0.3794992175273865 0.04133333333333333 0.04381846635367762
0 0.8066666666666666 0.8474178403755869 0.03866666666666667 0.03912363067292645
0 0.8806666666666667 0.5328638497652582 0.036 0.03755868544600939
0 0.6413333333333333 0.8591549295774648 0.04 0.0406885758998435
0 0.8173333333333334 0.6674491392801252 0.04133333333333333 0.04225352112676056
0 0.7473333333333333 0.9092331768388107 0.037333333333333336 0.03912363067292645
0 0.874 0.6400625978090767 0.03866666666666667 0.0406885758998435
0 0.8793333333333333 0.5672926447574335 0.03866666666666667 0.0406885758998435
0 0.7193333333333334 0.47183098591549294 0.03866666666666667 0.0406885758998435
0 0.6406666666666667 0.8935837245696401 0.04 0.04225352112676056
0 0.8886666666666667 0.42801251956181535 0.03866666666666667 0.04381846635367762
0 0.6386666666666667 0.9295774647887324 0.04 0.04225352112676056
0 0.746 0.945226917057903 0.037333333333333336 0.04225352112676056
0 0.7806666666666666 0.4076682316118936 0.036 0.03755868544600939
0 0.8046666666666666 0.8841940532081377 0.04133333333333333 0.0406885758998435
0 0.646 0.7848200312989045 0.037333333333333336 0.03912363067292645
0 0.6666666666666666 0.46400625978090765 0.03866666666666667 0.04225352112676056