0 0.3 0.8725328947368421 0.03888888888888889 0.047697368421052634
0 0.2544444444444444 0.19901315789473684 0.03777777777777778 0.049342105263157895
0 0.7144444444444444 0.34786184210526316 0.03666666666666667 0.046052631578947366
0 0.41 0.17105263157894737 0.03666666666666667 0.05592105263157895
0 0.7127777777777777 0.5526315789473685 0.03666666666666667 0.04276315789473684
0 0.615 0.24671052631578946 0.03777777777777778 0.047697368421052634
0 0.9222222222222223 0.2902960526315789 0.04 0.05098684210526316
0 0.4588888888888889 0.3963815789473684 0.03777777777777778 0.046052631578947366
0 0.8672222222222222 0.5345394736842105 0.03666666666666667 0.044407894736842105
0 0.46055555555555555 0.2236842105263158 0.03666666666666667 0.047697368421052634
0 0.8183333333333334 0.4004934210526316 0.035555555555555556 0.047697368421052634
0 0.8666666666666667 0.4917763157894737 0.03888888888888889 0.049342105263157895
0 0.2038888888888889 0.14638157894736842 0.03777777777777778 0.054276315789473686
0 0.8677777777777778 0.41118421052631576 0.03888888888888889 0.049342105263157895
0 0.5616666666666666 0.32894736842105265 0.035555555555555556 0.046052631578947366
0 0.25222222222222224 0.32730263157894735 0.03666666666666667 0.04111842105263158
0 0.8672222222222222 0.6134868421052632 0.03666666666666667 0.044407894736842105
0 0.9227777777777778 0.24177631578947367 0.03777777777777778 0.05592105263157895
0 0.4577777777777778 0.5213815789473685 0.03777777777777778 0.049342105263157895
0 0.25 0.45394736842105265 0.03777777777777778 0.05098684210526316
0 0.30333333333333334 0.5 0.03888888888888889 0.044407894736842105
0 0.7155555555555555 0.3026315789473684 0.035555555555555556 0.047697368421052634
0 0.2511111111111111 0.4128289473684211 0.03666666666666667 0.044407894736842105
0 0.8661111111111112 0.65625 0.03777777777777778 0.05098684210526316
0 0.7105555555555556 0.805921052631579 0.03666666666666667 0.046052631578947366
0 0.7116666666666667 0.678453947368421 0.03777777777777778 0.046052631578947366
0 0.14944444444444444 0.31414473684210525 0.04 0.047697368421052634
0 0.09666666666666666 0.4342105263157895 0.03888888888888889 0.047697368421052634
0 0.6122222222222222 0.4597039473684211 0.035555555555555556 0.047697368421052634
0 0.9211111111111111 0.33305921052631576 0.03777777777777778 0.047697368421052634
0 0.4088888888888889 0.3067434210526316 0.03666666666666667 0.047697368421052634
0 0.46111111111111114 0.17845394736842105 0.03666666666666667 0.05263157894736842
0 0.09666666666666666 0.39144736842105265 0.03888888888888889 0.047697368421052634
0 0.7133333333333334 0.4720394736842105 0.03888888888888889 0.047697368421052634
0 0.15055555555555555 0.2713815789473684 0.03777777777777778 0.047697368421052634
0 0.865 0.8231907894736842 0.03777777777777778 0.05098684210526316
0 0.46 0.26973684210526316 0.035555555555555556 0.047697368421052634
0 0.6111111111111112 0.5024671052631579 0.03888888888888889 0.05098684210526316
0 0.3005555555555556 0.7072368421052632 0.04 0.046052631578947366
0 0.4577777777777778 0.4786184210526316 0.03666666666666667 0.044407894736842105
0 0.3005555555555556 0.665296052631579 0.03888888888888889 0.047697368421052634
0 0.4577777777777778 0.4375 0.034444444444444444 0.044407894736842105
0 0.6127777777777778 0.3782894736842105 0.03777777777777778 0.047697368421052634
0 0.71 0.8856907894736842 0.03777777777777778 0.047697368421052634
0 0.2 0.40542763157894735 0.03666666666666667 0.046052631578947366
0 0.09777777777777778 0.3092105263157895 0.03888888888888889 0.047697368421052634
0 0.5122222222222222 0.34210526315789475 0.04555555555555556 0.046052631578947366
0 0.7122222222222222 0.5123355263157895 0.03888888888888889 0.046052631578947366
0 0.7111111111111111 0.8453947368421053 0.03666666666666667 0.04276315789473684
0 0.9177777777777778 0.7458881578947368 0.03777777777777778 0.049342105263157895
0 0.8655555555555555 0.7393092105263158 0.03777777777777778 0.046052631578947366
0 0.1938888888888889 0.9054276315789473 0.03888888888888889 0.05098684210526316
0 0.9183333333333333 0.5 0.03777777777777778 0.044407894736842105
0 0.19444444444444445 0.8610197368421053 0.03888888888888889 0.047697368421052634
0 0.19611111111111112 0.7368421052631579 0.03777777777777778 0.049342105263157895
0 0.3022222222222222 0.5830592105263158 0.03888888888888889 0.046052631578947366
0 0.8672222222222222 0.45230263157894735 0.03888888888888889 0.039473684210526314
0 0.9194444444444444 0.540296052631579 0.03777777777777778 0.046052631578947366
0 0.8655555555555555 0.6990131578947368 0.03333333333333333 0.04276315789473684
0 0.30444444444444446 0.29194078947368424 0.03666666666666667 0.04111842105263158
0 0.3005555555555556 0.7886513157894737 0.03888888888888889 0.047697368421052634
0 0.10111111111111111 0.1299342105263158 0.03888888888888889 0.05263157894736842
0 0.7166666666666667 0.26069078947368424 0.035555555555555556 0.04276315789473684
0 0.3022222222222222 0.5411184210526315 0.04 0.047697368421052634
0 0.8644444444444445 0.7804276315789473 0.03666666666666667 0.044407894736842105
0 0.30333333333333334 0.41694078947368424 0.03888888888888889 0.04276315789473684
0 0.19722222222222222 0.65625 0.03666666666666667 0.046052631578947366
0 0.09666666666666666 0.4761513157894737 0.04 0.047697368421052634
0 0.19722222222222222 0.6126644736842105 0.03888888888888889 0.049342105263157895
0 0.1988888888888889 0.5723684210526315 0.03666666666666667 0.044407894736842105
0 0.20166666666666666 0.27960526315789475 0.034444444444444444 0.046052631578947366
0 0.3038888888888889 0.3782894736842105 0.03888888888888889 0.047697368421052634
0 0.09833333333333333 0.2631578947368421 0.03777777777777778 0.05098684210526316
0 0.15222222222222223 0.18421052631578946 0.035555555555555556 0.05098684210526316
0 0.8638888888888889 0.9449013157894737 0.03777777777777778 0.05098684210526316
0 0.9172222222222223 0.8305921052631579 0.03777777777777778 0.047697368421052634
0 0.9183333333333333 0.6636513157894737 0.035555555555555556 0.044407894736842105
0 0.5122222222222222 0.2730263157894737 0.04666666666666667 0.046052631578947366
0 0.3 0.7475328947368421 0.03888888888888889 0.047697368421052634
0 0.19611111111111112 0.696546052631579 0.03777777777777778 0.04276315789473684
0 0.19611111111111112 0.8182565789473685 0.03666666666666667 0.046052631578947366
0 0.1511111111111111 0.2294407894736842 0.03777777777777778 0.046052631578947366
0 0.8166666666666667 0.484375 0.034444444444444444 0.04276315789473684
0 0.19777777777777777 0.5304276315789473 0.03777777777777778 0.047697368421052634
0 0.19611111111111112 0.7787828947368421 0.03666666666666667 0.04276315789473684
0 0.29944444444444446 0.9177631578947368 0.03888888888888889 0.049342105263157895
0 0.1988888888888889 0.44901315789473684 0.03777777777777778 0.046052631578947366
0 0.9188888888888889 0.6208881578947368 0.03777777777777778 0.046052631578947366
0 0.3022222222222222 0.4564144736842105 0.03777777777777778 0.049342105263157895
0 0.9188888888888889 0.5814144736842105 0.03888888888888889 0.046052631578947366
0 0.1 0.22121710526315788 0.03777777777777778 0.04276315789473684
0 0.3011111111111111 0.6225328947368421 0.03777777777777778 0.047697368421052634
0 0.9166666666666666 0.703125 0.03777777777777778 0.04276315789473684
0 0.09333333333333334 0.6414473684210527 0.03777777777777778 0.046052631578947366
0 0.9211111111111111 0.37417763157894735 0.03666666666666667 0.04276315789473684
0 0.9177777777777778 0.7886513157894737 0.03777777777777778 0.046052631578947366
0 0.5122222222222222 0.171875 0.05 0.044407894736842105
0 0.3005555555555556 0.8305921052631579 0.03888888888888889 0.046052631578947366
0 0.9188888888888889 0.4588815789473684 0.03777777777777778 0.049342105263157895
0 0.5177777777777778 0.7820723684210527 0.023333333333333334 0.023026315789473683
0 0.5122222222222222 0.37417763157894735 0.044444444444444446 0.03289473684210526
0 0.5177777777777778 0.759046052631579 0.024444444444444446 0.029605263157894735
0 0.5122222222222222 0.40460526315789475 0.04555555555555556 0.03782894736842105
0 0.2 0.3626644736842105 0.03777777777777778 0.044407894736842105
0 0.09277777777777778 0.7639802631578947 0.03666666666666667 0.046052631578947366
0 0.5122222222222222 0.20723684210526316 0.04777777777777778 0.04276315789473684
0 0.09222222222222222 0.8067434210526315 0.03777777777777778 0.047697368421052634
0 0.5127777777777778 0.2393092105263158 0.052222222222222225 0.03618421052631579
0 0.9161111111111111 0.9539473684210527 0.03777777777777778 0.044407894736842105
0 0.5122222222222222 0.30756578947368424 0.04555555555555556 0.03618421052631579
0 0.7122222222222222 0.5945723684210527 0.03888888888888889 0.049342105263157895
0 0.9205555555555556 0.4152960526315789 0.04 0.047697368421052634
0 0.095 0.5608552631578947 0.03777777777777778 0.046052631578947366
0 0.09111111111111111 0.8898026315789473 0.04 0.05098684210526316
0 0.7138888888888889 0.3881578947368421 0.03777777777777778 0.047697368421052634
0 0.09277777777777778 0.7245065789473685 0.03888888888888889 0.044407894736842105
0 0.10111111111111111 0.17845394736842105 0.04111111111111111 0.05098684210526316
0 0.30666666666666664 0.20559210526315788 0.03777777777777778 0.05098684210526316
0 0.09166666666666666 0.8478618421052632 0.03777777777777778 0.044407894736842105
0 0.4088888888888889 0.22121710526315788 0.04 0.049342105263157895
0 0.9166666666666666 0.8733552631578947 0.03777777777777778 0.047697368421052634
0 0.8633333333333333 0.9827302631578947 0.035555555555555556 0.03453947368421053
0 0.9155555555555556 0.9136513157894737 0.03777777777777778 0.046052631578947366
0 0.09555555555555556 0.5172697368421053 0.04111111111111111 0.047697368421052634
0 0.09722222222222222 0.3503289473684211 0.03888888888888889 0.044407894736842105
0 0.7111111111111111 0.7639802631578947 0.03666666666666667 0.044407894736842105
0 0.09388888888888888 0.600328947368421 0.04 0.046052631578947366
0 0.8644444444444445 0.8643092105263158 0.035555555555555556 0.04276315789473684
0 0.9161111111111111 0.9851973684210527 0.043333333333333335 0.029605263157894735
0 0.09333333333333334 0.6842105263157895 0.04111111111111111 0.046052631578947366
0 0.20277777777777778 0.19325657894736842 0.03666666666666667 0.047697368421052634
0 0.865 0.9013157894736842 0.03666666666666667 0.044407894736842105
0 0.19833333333333333 0.48930921052631576 0.03666666666666667 0.046052631578947366
0 0.7094444444444444 0.9703947368421053 0.04 0.03289473684210526
0 0.51 0.524671052631579 0.043333333333333335 0.03782894736842105
0 0.8177777777777778 0.3560855263157895 0.035555555555555556 0.03125
0 0.71 0.9300986842105263 0.03888888888888889 0.05098684210526316
0 0.4077777777777778 0.26398026315789475 0.035555555555555556 0.044407894736842105
0 0.6116666666666667 0.4185855263157895 0.034444444444444444 0.044407894736842105
0 0.30444444444444446 0.3338815789473684 0.03666666666666667 0.046052631578947366
0 0.35777777777777775 0.16611842105263158 0.03666666666666667 0.054276315789473686
0 0.25166666666666665 0.3684210526315789 0.03666666666666667 0.05098684210526316
0 0.5094444444444445 0.47944078947368424 0.044444444444444446 0.05263157894736842
0 0.8688888888888889 0.3667763157894737 0.03777777777777778 0.049342105263157895
0 0.7138888888888889 0.4309210526315789 0.03666666666666667 0.046052631578947366
0 0.46 0.3125 0.03666666666666667 0.047697368421052634
0 0.20166666666666666 0.23684210526315788 0.035555555555555556 0.046052631578947366
0 0.8677777777777778 0.5748355263157895 0.03666666666666667 0.04276315789473684
0 0.3566666666666667 0.21463815789473684 0.04 0.05098684210526316
0 0.7116666666666667 0.7220394736842105 0.03666666666666667 0.046052631578947366
0 0.7127777777777777 0.6365131578947368 0.04 0.047697368421052634
0 0.5616666666666666 0.3725328947368421 0.03666666666666667 0.044407894736842105
0 0.6138888888888889 0.19901315789473684 0.03777777777777778 0.054276315789473686
0 0.2011111111111111 0.3207236842105263 0.03666666666666667 0.044407894736842105
0 0.8166666666666667 0.4432565789473684 0.035555555555555556 0.049342105263157895
0 0.2538888888888889 0.24424342105263158 0.035555555555555556 0.046052631578947366
0 0.5611111111111111 0.4128289473684211 0.03777777777777778 0.047697368421052634
0 0.665 0.25164473684210525 0.035555555555555556 0.05098684210526316
0 0.4588888888888889 0.35526315789473684 0.035555555555555556 0.044407894736842105
0 0.7672222222222222 0.35526315789473684 0.03888888888888889 0.047697368421052634
0 0.7677777777777778 0.2689144736842105 0.03777777777777778 0.046052631578947366
0 0.30666666666666664 0.1611842105263158 0.03888888888888889 0.05263157894736842
0 0.7666666666666667 0.39555921052631576 0.03888888888888889 0.046052631578947366
0 0.6133333333333333 0.3355263157894737 0.03666666666666667 0.046052631578947366
0 0.25333333333333335 0.2870065789473684 0.03666666666666667 0.046052631578947366
0 0.7661111111111111 0.43914473684210525 0.03888888888888889 0.05098684210526316
0 0.6638888888888889 0.34292763157894735 0.03777777777777778 0.047697368421052634
0 0.6133333333333333 0.2911184210526316 0.03777777777777778 0.05098684210526316
0 0.3061111111111111 0.25164473684210525 0.03666666666666667 0.046052631578947366
0 0.6644444444444444 0.29769736842105265 0.03777777777777778 0.049342105263157895
0 0.7166666666666667 0.21463815789473684 0.03888888888888889 0.05756578947368421
0 0.7688888888888888 0.22121710526315788 0.03888888888888889 0.05921052631578947
0 0.7672222222222222 0.31167763157894735 0.03888888888888889 0.049342105263157895
0 0.5622222222222222 0.2837171052631579 0.03777777777777778 0.049342105263157895
0 0.5638888888888889 0.24177631578947367 0.03777777777777778 0.046052631578947366
0 0.5644444444444444 0.19325657894736842 0.03666666666666667 0.05592105263157895