0 0.705 0.37420886075949367 0.0275 0.03639240506329114
0 0.36625 0.6985759493670886 0.04 0.0490506329113924
0 0.544375 0.7223101265822784 0.02625 0.03322784810126582
0 0.504375 0.43829113924050633 0.04 0.03639240506329114
0 0.814375 0.372626582278481 0.025 0.030063291139240507
0 0.831875 0.40110759493670883 0.0375 0.03322784810126582
0 0.6625 0.37895569620253167 0.03375 0.03481012658227848
0 0.311875 0.7072784810126582 0.0375 0.0379746835443038
0 0.54625 0.7492088607594937 0.02375 0.02689873417721519
0 0.199375 0.5498417721518988 0.025 0.03322784810126582
0 0.694375 0.6954113924050633 0.04 0.04113924050632911
0 0.714375 0.47151898734177217 0.02625 0.03322784810126582
0 0.165 0.4833860759493671 0.02375 0.030063291139240507
0 0.749375 0.5664556962025317 0.02625 0.03164556962025317
0 0.1675 0.5166139240506329 0.0225 0.028481012658227847
0 0.216875 0.8694620253164557 0.04125 0.04113924050632911
0 0.14375 0.6795886075949367 0.0375 0.03955696202531646
0 0.688125 0.6329113924050633 0.04 0.04113924050632911
0 0.253125 0.6764240506329114 0.0375 0.03955696202531646
0 0.38125 0.8647151898734177 0.0375 0.03955696202531646
0 0.289375 0.4833860759493671 0.0375 0.0379746835443038
0 0.2075 0.7721518987341772 0.04 0.04113924050632911
0 0.17125 0.5482594936708861 0.02625 0.03322784810126582
0 0.85125 0.4675632911392405 0.02875 0.0379746835443038
0 0.193125 0.48417721518987344 0.02875 0.04113924050632911
0 0.60375 0.8916139240506329 0.03625 0.03639240506329114
0 0.359375 0.6424050632911392 0.0375 0.0379746835443038
0 0.13625 0.615506329113924 0.03625 0.0379746835443038
0 0.215 0.8370253164556962 0.03875 0.0379746835443038
0 0.21125 0.805379746835443 0.0375 0.0379746835443038
0 0.34375 0.4802215189873418 0.035 0.03639240506329114
0 0.318125 0.7737341772151899 0.03875 0.04113924050632911
0 0.19625 0.5166139240506329 0.025 0.030063291139240507
0 0.13375 0.5838607594936709 0.03625 0.0379746835443038
0 0.744375 0.5039556962025317 0.02625 0.03322784810126582
0 0.78 0.439873417721519 0.0375 0.03639240506329114
0 0.22125 0.9034810126582279 0.04 0.03955696202531646
0 0.566875 0.5079113924050633 0.035 0.0379746835443038
0 0.59 0.7642405063291139 0.03625 0.03481012658227848
0 0.741875 0.47151898734177217 0.02875 0.0379746835443038
0 0.77625 0.4050632911392405 0.03875 0.04746835443037975
0 0.450625 0.4454113924050633 0.03875 0.04746835443037975
0 0.740625 0.5981012658227848 0.04 0.04272151898734177
0 0.596875 0.8267405063291139 0.035 0.03322784810126582
0 0.299375 0.5791139240506329 0.0375 0.0379746835443038
0 0.746875 0.5348101265822784 0.02625 0.03322784810126582
0 0.2925 0.5134493670886076 0.0375 0.0379746835443038
0 0.140625 0.6471518987341772 0.0375 0.0379746835443038
0 0.30125 0.6107594936708861 0.03875 0.0379746835443038
0 0.608125 0.9232594936708861 0.03375 0.03955696202531646
0 0.9075 0.6257911392405063 0.0375 0.04113924050632911
0 0.681875 0.5680379746835443 0.03625 0.03639240506329114
0 0.884375 0.40110759493670883 0.03875 0.04430379746835443
0 0.889375 0.43670886075949367 0.04 0.03955696202531646
0 0.25 0.6431962025316456 0.03625 0.03955696202531646
0 0.615 0.442246835443038 0.035 0.0379746835443038
0 0.9 0.5625 0.03625 0.0379746835443038
0 0.848125 0.5949367088607594 0.0375 0.04272151898734177
0 0.5725 0.5704113924050633 0.03375 0.0379746835443038
0 0.126875 0.5174050632911392 0.03625 0.03639240506329114
0 0.2475 0.6107594936708861 0.03625 0.03639240506329114
0 0.669375 0.44066455696202533 0.03625 0.0379746835443038
0 0.3275 0.8686708860759493 0.03875 0.04113924050632911
0 0.78875 0.5356012658227848 0.0375 0.04113924050632911
0 0.27 0.8378164556962026 0.0375 0.03955696202531646
0 0.904375 0.5941455696202531 0.0375 0.0379746835443038
0 0.399375 0.4802215189873418 0.03625 0.04430379746835443
0 0.34125 0.4477848101265823 0.03625 0.04113924050632911
0 0.56 0.439873417721519 0.04 0.0490506329113924
0 0.78625 0.5015822784810127 0.03625 0.03639240506329114
0 0.57875 0.6352848101265823 0.03625 0.0379746835443038
0 0.584375 0.7001582278481012 0.03875 0.03955696202531646
0 0.85875 0.6938291139240507 0.03875 0.04113924050632911
0 0.245 0.5806962025316456 0.03625 0.03639240506329114
0 0.25625 0.7080696202531646 0.03875 0.03955696202531646
0 0.129375 0.5490506329113924 0.035 0.03955696202531646
0 0.12375 0.4873417721518987 0.03625 0.0379746835443038
0 0.751875 0.7286392405063291 0.04 0.04588607594936709
0 0.783125 0.47072784810126583 0.03875 0.0379746835443038
0 0.679375 0.5363924050632911 0.035 0.03955696202531646
0 0.305 0.6439873417721519 0.03875 0.04113924050632911
0 0.195 0.6455696202531646 0.0375 0.0379746835443038
0 0.594375 0.7943037974683544 0.03875 0.03955696202531646
0 0.12 0.45569620253164556 0.0375 0.0379746835443038
0 0.1975 0.678006329113924 0.03875 0.03955696202531646
0 0.618125 0.47389240506329117 0.0375 0.04113924050632911
0 0.260625 0.7420886075949367 0.04 0.04113924050632911
0 0.230625 0.44936708860759494 0.03625 0.04272151898734177
0 0.35125 0.5450949367088608 0.03875 0.04113924050632911
0 0.581875 0.6677215189873418 0.0375 0.04113924050632911
0 0.5875 0.7325949367088608 0.03875 0.04113924050632911
0 0.569375 0.5387658227848101 0.03625 0.03639240506329114
0 0.67625 0.5039556962025317 0.0375 0.0379746835443038
0 0.355625 0.6091772151898734 0.0375 0.04113924050632911
0 0.3475 0.5118670886075949 0.03625 0.04113924050632911
0 0.295 0.5466772151898734 0.03875 0.03955696202531646
0 0.23875 0.5158227848101266 0.03375 0.0379746835443038
0 0.235 0.48417721518987344 0.035 0.0379746835443038
0 0.11625 0.42167721518987344 0.04 0.04272151898734177
0 0.285625 0.44936708860759494 0.03875 0.04588607594936709
0 0.575625 0.6036392405063291 0.035 0.0379746835443038
0 0.241875 0.5490506329113924 0.03625 0.04113924050632911
0 0.6 0.8591772151898734 0.04 0.04430379746835443
0 0.6725 0.47151898734177217 0.03875 0.03955696202531646
0 0.191875 0.6123417721518988 0.04 0.04113924050632911
0 0.155625 0.38924050632911394 0.02625 0.03322784810126582
0 0.18375 0.3852848101265823 0.025 0.03164556962025317
0 0.543125 0.8401898734177216 0.03125 0.03481012658227848
0 0.15625 0.8069620253164557 0.035 0.0379746835443038
0 0.363125 0.6772151898734177 0.0375 0.04746835443037975
0 0.664375 0.40585443037974683 0.03625 0.04430379746835443
0 0.60875 0.377373417721519 0.03625 0.03481012658227848
0 0.509375 0.49287974683544306 0.04 0.04113924050632911
0 0.718125 0.5363924050632911 0.0275 0.03639240506329114
0 0.159375 0.8393987341772152 0.03875 0.0379746835443038
0 0.745625 0.6629746835443038 0.0375 0.03955696202531646
0 0.72125 0.40901898734177217 0.035 0.04113924050632911
0 0.71625 0.502373417721519 0.025 0.028481012658227847
0 0.6975 0.7286392405063291 0.0375 0.04113924050632911
0 0.175625 0.45174050632911394 0.0375 0.03639240506329114
0 0.14625 0.7112341772151899 0.03625 0.03955696202531646
0 0.3725 0.7697784810126582 0.03875 0.03955696202531646
0 0.353125 0.5751582278481012 0.03375 0.03481012658227848
0 0.375 0.8014240506329114 0.0375 0.03955696202531646
0 0.335 0.9319620253164557 0.03625 0.03481012658227848
0 0.330625 0.9018987341772152 0.03625 0.0379746835443038
0 0.26375 0.7745253164556962 0.035 0.03322784810126582
0 0.26625 0.8037974683544303 0.03875 0.04113924050632911
0 0.388125 0.9295886075949367 0.0375 0.03481012658227848
0 0.153125 0.7753164556962026 0.0375 0.0379746835443038
0 0.15 0.742879746835443 0.0375 0.03639240506329114
0 0.8525 0.629746835443038 0.03875 0.0379746835443038
0 0.828125 0.5332278481012658 0.025 0.03639240506329114
0 0.173125 0.41930379746835444 0.03625 0.03955696202531646
0 0.324375 0.8362341772151899 0.03875 0.0379746835443038
0 0.165 0.9034810126582279 0.04 0.03955696202531646
0 0.834375 0.432753164556962 0.04 0.04272151898734177
0 0.7425 0.632120253164557 0.0375 0.0379746835443038
0 0.38625 0.8987341772151899 0.0375 0.03955696202531646
0 0.895 0.497626582278481 0.03625 0.03639240506329114
0 0.32125 0.8045886075949367 0.03875 0.03639240506329114
0 0.70375 0.7935126582278481 0.0375 0.03955696202531646
0 0.69125 0.6645569620253164 0.03875 0.0379746835443038
0 0.74875 0.694620253164557 0.0375 0.0379746835443038
0 0.684375 0.5996835443037974 0.0375 0.03639240506329114
0 0.315 0.7397151898734177 0.04125 0.04113924050632911
0 0.37875 0.8322784810126582 0.03625 0.0379746835443038
0 0.201875 0.7096518987341772 0.0375 0.03955696202531646
0 0.395 0.44462025316455694 0.0325 0.03955696202531646
0 0.201875 0.5806962025316456 0.02625 0.03164556962025317
0 0.893125 0.4699367088607595 0.0375 0.03639240506329114
0 0.204375 0.7412974683544303 0.04 0.0379746835443038
0 0.544375 0.7025316455696202 0.0225 0.015822784810126583
0 0.540625 0.6867088607594937 0.0225 0.01740506329113924
0 0.54125 0.6708860759493671 0.02125 0.0189873417721519
0 0.539375 0.6558544303797469 0.01875 0.0189873417721519
0 0.53625 0.6384493670886076 0.02 0.020569620253164556
0 0.519375 0.5886075949367089 0.02875 0.014240506329113924
0 0.500625 0.3829113924050633 0.04 0.04272151898734177
0 0.731875 0.37658227848101267 0.02875 0.03481012658227848
0 0.841875 0.37104430379746833 0.0275 0.03481012658227848
0 0.535625 0.6210443037974683 0.0225 0.022151898734177215
0 0.5075 0.46598101265822783 0.0375 0.030063291139240507
0 0.51625 0.5490506329113924 0.03375 0.030063291139240507
0 0.518125 0.571993670886076 0.03875 0.028481012658227847
0 0.5025 0.41139240506329117 0.03875 0.02689873417721519
0 0.56375 0.4754746835443038 0.0375 0.0379746835443038
0 0.89875 0.5300632911392406 0.03625 0.03639240506329114
0 0.37 0.7373417721518988 0.04 0.04113924050632911
0 0.823125 0.4675632911392405 0.025 0.03164556962025317
0 0.61125 0.4074367088607595 0.035 0.04113924050632911
0 0.854375 0.49920886075949367 0.025 0.03164556962025317
0 0.86 0.5640822784810127 0.0275 0.03322784810126582
0 0.825625 0.49841772151898733 0.0225 0.030063291139240507
0 0.309375 0.6764240506329114 0.035 0.03639240506329114
0 0.5625 0.8971518987341772 0.02375 0.02531645569620253
0 0.699375 0.7602848101265823 0.0375 0.04113924050632911
0 0.1675 0.9367088607594937 0.0425 0.04113924050632911
0 0.856875 0.5316455696202531 0.02625 0.03322784810126582
0 0.1625 0.8710443037974683 0.0375 0.0379746835443038
0 0.565625 0.9232594936708861 0.025 0.03164556962025317
0 0.72375 0.439873417721519 0.03625 0.03639240506329114
0 0.39 0.3837025316455696 0.0375 0.04430379746835443
0 0.3925 0.4137658227848101 0.0375 0.03164556962025317
0 0.855 0.6606012658227848 0.0375 0.03639240506329114