0 0.885625 0.5348101265822784 0.03375 0.03481012658227848
0 0.83 0.5981012658227848 0.0325 0.03164556962025317
0 0.885 0.819620253164557 0.0325 0.03164556962025317
0 0.83125 0.6234177215189873 0.035 0.04113924050632911
0 0.5125 0.6004746835443038 0.0225 0.023734177215189875
0 0.774375 0.5031645569620253 0.03375 0.028481012658227847
0 0.885625 0.5965189873417721 0.03375 0.03481012658227848
0 0.513125 0.6977848101265823 0.01875 0.022151898734177215
0 0.51375 0.879746835443038 0.02 0.02531645569620253
0 0.83 0.7246835443037974 0.0325 0.03164556962025317
0 0.885 0.6590189873417721 0.035 0.03639240506329114
0 0.830625 0.7531645569620253 0.03125 0.03164556962025317
0 0.389375 0.47468354430379744 0.03375 0.028481012658227847
0 0.11125 0.4098101265822785 0.0325 0.03164556962025317
0 0.830625 0.47151898734177217 0.03375 0.03164556962025317
0 0.885625 0.8837025316455697 0.03375 0.03322784810126582
0 0.511875 0.678006329113924 0.02125 0.020569620253164556
0 0.88625 0.6265822784810127 0.035 0.03164556962025317
0 0.510625 0.5806962025316456 0.02375 0.0189873417721519
0 0.885 0.7856012658227848 0.035 0.03322784810126582
0 0.88375 0.8504746835443038 0.035 0.03639240506329114
0 0.88625 0.754746835443038 0.035 0.028481012658227847
0 0.719375 0.35443037974683544 0.03625 0.04430379746835443
0 0.774375 0.43829113924050633 0.03375 0.03164556962025317
0 0.775 0.47468354430379744 0.035 0.0379746835443038
0 0.885 0.6914556962025317 0.035 0.03164556962025317
0 0.111875 0.442246835443038 0.02875 0.02689873417721519
0 0.831875 0.7863924050632911 0.03375 0.03481012658227848
0 0.111875 0.629746835443038 0.03375 0.028481012658227847
0 0.885625 0.46914556962025317 0.03125 0.030063291139240507
0 0.38875 0.5 0.0325 0.03481012658227848
0 0.28 0.5981012658227848 0.0325 0.03164556962025317
0 0.223125 0.6930379746835443 0.02875 0.022151898734177215
0 0.513125 0.8552215189873418 0.02125 0.023734177215189875
0 0.830625 0.819620253164557 0.03375 0.03164556962025317
0 0.885 0.7238924050632911 0.035 0.03639240506329114
0 0.113125 0.6598101265822784 0.03375 0.03164556962025317
0 0.2775 0.7262658227848101 0.0325 0.03164556962025317
0 0.885625 0.43908227848101267 0.03125 0.030063291139240507
0 0.1125 0.8512658227848101 0.0325 0.03164556962025317
0 0.22375 0.6313291139240507 0.0325 0.02531645569620253
0 0.111875 0.8212025316455697 0.03125 0.03164556962025317
0 0.83125 0.5015822784810127 0.0325 0.03164556962025317
0 0.664375 0.819620253164557 0.03375 0.02531645569620253
0 0.885625 0.40585443037974683 0.03625 0.03639240506329114
0 0.16875 0.41060126582278483 0.03 0.02689873417721519
0 0.83 0.8829113924050633 0.035 0.03164556962025317
0 0.830625 0.6930379746835443 0.03625 0.03481012658227848
0 0.83 0.6606012658227848 0.035 0.03322784810126582
0 0.775 0.5965189873417721 0.0325 0.028481012658227847
0 0.44375 0.819620253164557 0.03 0.02531645569620253
0 0.83 0.8512658227848101 0.035 0.03164556962025317
0 0.665 0.37658227848101267 0.03 0.03481012658227848
0 0.720625 0.5031645569620253 0.03125 0.028481012658227847
0 0.278125 0.6954113924050633 0.03375 0.03639240506329114
0 0.444375 0.4723101265822785 0.03375 0.03322784810126582
0 0.28 0.5055379746835443 0.03 0.030063291139240507
0 0.111875 0.7887658227848101 0.03125 0.03322784810126582
0 0.279375 0.819620253164557 0.03125 0.03164556962025317
0 0.28 0.7887658227848101 0.03 0.03322784810126582
0 0.720625 0.47310126582278483 0.03125 0.03164556962025317
0 0.665625 0.5015822784810127 0.03375 0.028481012658227847
0 0.1125 0.7579113924050633 0.0325 0.03164556962025317
0 0.16875 0.7879746835443038 0.0325 0.03164556962025317
0 0.279375 0.5680379746835443 0.03125 0.03164556962025317
0 0.38875 0.8512658227848101 0.0325 0.03164556962025317
0 0.334375 0.6606012658227848 0.03375 0.03322784810126582
0 0.334375 0.884493670886076 0.03625 0.03164556962025317
0 0.665 0.47310126582278483 0.0325 0.03164556962025317
0 0.27875 0.6613924050632911 0.035 0.03481012658227848
0 0.389375 0.4438291139240506 0.03625 0.03639240506329114
0 0.335 0.8180379746835443 0.035 0.03164556962025317
0 0.664375 0.7871835443037974 0.03375 0.030063291139240507
0 0.610625 0.629746835443038 0.03375 0.03164556962025317
0 0.335 0.7231012658227848 0.0325 0.03164556962025317
0 0.27875 0.884493670886076 0.035 0.03481012658227848
0 0.224375 0.7246835443037974 0.03375 0.0379746835443038
0 0.61125 0.40901898734177217 0.0325 0.030063291139240507
0 0.610625 0.819620253164557 0.03375 0.03164556962025317
0 0.555 0.629746835443038 0.03 0.03164556962025317
0 0.111875 0.5363924050632911 0.03375 0.03164556962025317
0 0.168125 0.507120253164557 0.03375 0.030063291139240507
0 0.389375 0.8837025316455697 0.03375 0.03322784810126582
0 0.22375 0.8204113924050633 0.0325 0.03322784810126582
0 0.223125 0.5664556962025317 0.03375 0.028481012658227847
0 0.664375 0.754746835443038 0.03375 0.03164556962025317
0 0.33375 0.47151898734177217 0.0325 0.028481012658227847
0 0.61 0.5973101265822784 0.0325 0.03322784810126582
0 0.334375 0.5015822784810127 0.03375 0.03164556962025317
0 0.72 0.564873417721519 0.035 0.0379746835443038
0 0.665 0.8496835443037974 0.035 0.03481012658227848
0 0.38875 0.7555379746835443 0.0325 0.03322784810126582
0 0.445 0.6938291139240507 0.0325 0.030063291139240507
0 0.223125 0.504746835443038 0.03375 0.03164556962025317
0 0.444375 0.7238924050632911 0.03375 0.030063291139240507
0 0.168125 0.757120253164557 0.03375 0.03322784810126582
0 0.334375 0.6930379746835443 0.03375 0.03164556962025317
0 0.334375 0.8512658227848101 0.03375 0.03481012658227848
0 0.11125 0.5055379746835443 0.0325 0.03322784810126582
0 0.775 0.5664556962025317 0.035 0.03481012658227848
0 0.33375 0.5680379746835443 0.035 0.03164556962025317
0 0.389375 0.6606012658227848 0.03125 0.030063291139240507
0 0.279375 0.442246835443038 0.03375 0.030063291139240507
0 0.334375 0.4098101265822785 0.03375 0.03164556962025317
0 0.665 0.6289556962025317 0.0325 0.030063291139240507
0 0.39 0.37658227848101267 0.0325 0.03164556962025317
0 0.554375 0.8544303797468354 0.03375 0.03481012658227848
0 0.665 0.5316455696202531 0.035 0.03481012658227848
0 0.279375 0.41139240506329117 0.03125 0.03164556962025317
0 0.334375 0.37658227848101267 0.03625 0.03481012658227848
0 0.389375 0.629746835443038 0.03125 0.03481012658227848
0 0.223125 0.47389240506329117 0.03375 0.030063291139240507
0 0.1125 0.7254746835443038 0.035 0.03639240506329114
0 0.665 0.6606012658227848 0.0325 0.03322784810126582
0 0.554375 0.7879746835443038 0.03375 0.0379746835443038
0 0.610625 0.4699367088607595 0.03375 0.03164556962025317
0 0.554375 0.8227848101265823 0.03375 0.03164556962025317
0 0.168125 0.7238924050632911 0.03375 0.03322784810126582
0 0.1675 0.4778481012658228 0.0325 0.03164556962025317
0 0.61125 0.6598101265822784 0.035 0.03164556962025317
0 0.223125 0.6621835443037974 0.03375 0.03639240506329114
0 0.445 0.40901898734177217 0.03 0.030063291139240507
0 0.333125 0.44145569620253167 0.03375 0.03164556962025317
0 0.61 0.692246835443038 0.0325 0.03322784810126582
0 0.555 0.5324367088607594 0.03 0.030063291139240507
0 0.38875 0.40901898734177217 0.035 0.03322784810126582
0 0.554375 0.5965189873417721 0.03125 0.03164556962025317
0 0.38875 0.6930379746835443 0.0325 0.03481012658227848
0 0.610625 0.5031645569620253 0.03375 0.03481012658227848
0 0.445 0.5656645569620253 0.0325 0.03322784810126582
0 0.334375 0.5356012658227848 0.03375 0.03322784810126582
0 0.168125 0.44462025316455694 0.03375 0.0379746835443038
0 0.555 0.5640822784810127 0.0325 0.03322784810126582
0 0.61125 0.37579113924050633 0.035 0.03639240506329114
0 0.223125 0.5996835443037974 0.03625 0.0379746835443038
0 0.554375 0.377373417721519 0.03625 0.03639240506329114
0 0.389375 0.5957278481012658 0.03375 0.03322784810126582
0 0.5125 0.6590189873417721 0.0225 0.0189873417721519
0 0.499375 0.5079113924050633 0.03875 0.028481012658227847
0 0.511875 0.6210443037974683 0.02125 0.020569620253164556
0 0.499375 0.37658227848101267 0.03375 0.015822784810126583
0 0.499375 0.7903481012658228 0.03125 0.023734177215189875
0 0.499375 0.34810126582278483 0.03625 0.0379746835443038
0 0.499375 0.4564873417721519 0.03125 0.03322784810126582
0 0.5125 0.6408227848101266 0.0225 0.0189873417721519
0 0.499375 0.42325949367088606 0.03375 0.03322784810126582
0 0.88625 0.5015822784810127 0.035 0.03164556962025317
0 0.885625 0.5656645569620253 0.03 0.028481012658227847
0 0.5 0.39556962025316456 0.03 0.020569620253164556
0 0.500625 0.5316455696202531 0.03125 0.020569620253164556
0 0.500625 0.5482594936708861 0.02875 0.007911392405063292
0 0.49875 0.8061708860759493 0.03125 0.007911392405063292
0 0.445 0.7887658227848101 0.0325 0.03322784810126582
0 0.1125 0.8860759493670886 0.035 0.03481012658227848
0 0.44375 0.5031645569620253 0.0325 0.03164556962025317
0 0.610625 0.564873417721519 0.03375 0.03164556962025317
0 0.2775 0.757120253164557 0.0325 0.030063291139240507
0 0.22375 0.4098101265822785 0.0325 0.02531645569620253
0 0.72125 0.5332278481012658 0.0325 0.028481012658227847
0 0.168125 0.8204113924050633 0.03375 0.030063291139240507
0 0.389375 0.817246835443038 0.03375 0.03322784810126582
0 0.775 0.627373417721519 0.035 0.03955696202531646
0 0.830625 0.439873417721519 0.03125 0.03164556962025317
0 0.111875 0.6906645569620253 0.03125 0.030063291139240507
0 0.443125 0.7555379746835443 0.03125 0.03322784810126582
0 0.444375 0.629746835443038 0.03125 0.03164556962025317
0 0.27875 0.8512658227848101 0.03 0.03164556962025317
0 0.83125 0.40822784810126583 0.0325 0.03481012658227848
0 0.775625 0.40822784810126583 0.03375 0.03481012658227848
0 0.775625 0.5332278481012658 0.03375 0.03164556962025317
0 0.224375 0.7587025316455697 0.03375 0.030063291139240507
0 0.224375 0.8860759493670886 0.03625 0.03481012658227848
0 0.11125 0.47310126582278483 0.0325 0.03164556962025317
0 0.389375 0.7863924050632911 0.03375 0.03164556962025317
0 0.44375 0.884493670886076 0.035 0.03164556962025317
0 0.334375 0.6305379746835443 0.03125 0.030063291139240507
0 0.554375 0.7231012658227848 0.03375 0.03164556962025317
0 0.554375 0.8852848101265823 0.03375 0.02689873417721519
0 0.719375 0.442246835443038 0.03375 0.030063291139240507
0 0.334375 0.7863924050632911 0.03125 0.03164556962025317
0 0.168125 0.5981012658227848 0.03125 0.03164556962025317
0 0.55375 0.754746835443038 0.0275 0.028481012658227847
0 0.665625 0.4438291139240506 0.03125 0.030063291139240507
0 0.555625 0.5015822784810127 0.03125 0.03164556962025317
0 0.610625 0.5348101265822784 0.03125 0.03164556962025317
0 0.279375 0.5340189873417721 0.03375 0.03322784810126582
0 0.1125 0.5656645569620253 0.0325 0.030063291139240507
0 0.22375 0.8536392405063291 0.0325 0.03322784810126582
0 0.38875 0.5640822784810127 0.0325 0.02689873417721519
0 0.555625 0.47151898734177217 0.03375 0.03164556962025317
0 0.66375 0.7231012658227848 0.0325 0.03164556962025317
0 0.335 0.7555379746835443 0.0325 0.03322784810126582
0 0.22375 0.7887658227848101 0.0325 0.03322784810126582
0 0.444375 0.5348101265822784 0.03125 0.03164556962025317
0 0.168125 0.8536392405063291 0.03375 0.03639240506329114
0 0.168125 0.567246835443038 0.02875 0.030063291139240507
0 0.1675 0.6289556962025317 0.0325 0.03322784810126582
0 0.830625 0.5332278481012658 0.03375 0.03164556962025317
0 0.61 0.884493670886076 0.0325 0.03164556962025317
0 0.555 0.4098101265822785 0.035 0.028481012658227847
0 0.111875 0.5988924050632911 0.03375 0.03322784810126582
0 0.27875 0.629746835443038 0.0325 0.03164556962025317
0 0.554375 0.6954113924050633 0.03375 0.030063291139240507
0 0.445625 0.37658227848101267 0.03625 0.03481012658227848
0 0.61125 0.43908227848101267 0.03 0.030063291139240507
0 0.443125 0.8512658227848101 0.03375 0.03481012658227848
0 0.555 0.6613924050632911 0.0325 0.03481012658227848
0 0.830625 0.5664556962025317 0.03375 0.03481012658227848
0 0.664375 0.692246835443038 0.03125 0.03322784810126582
0 0.16875 0.6938291139240507 0.03 0.030063291139240507
0 0.38875 0.7254746835443038 0.0325 0.030063291139240507
0 0.664375 0.884493670886076 0.03375 0.03164556962025317
0 0.609375 0.7238924050632911 0.03125 0.030063291139240507
0 0.609375 0.7895569620253164 0.03375 0.03164556962025317
0 0.61 0.8528481012658228 0.0325 0.03481012658227848
0 0.1675 0.3813291139240506 0.0325 0.03164556962025317
0 0.444375 0.439873417721519 0.03125 0.03164556962025317
0 0.168125 0.6621835443037974 0.03125 0.03322784810126582
0 0.665625 0.564873417721519 0.03375 0.03164556962025317
0 0.719375 0.4098101265822785 0.03375 0.0379746835443038
0 0.223125 0.5356012658227848 0.03375 0.03322784810126582
0 0.445 0.6629746835443038 0.0325 0.03481012658227848
0 0.665 0.40901898734177217 0.0325 0.03639240506329114
0 0.279375 0.47389240506329117 0.03375 0.03322784810126582
0 0.665 0.5965189873417721 0.0325 0.03164556962025317
0 0.555 0.44066455696202533 0.035 0.03322784810126582
0 0.224375 0.37816455696202533 0.03375 0.0379746835443038
0 0.38875 0.5340189873417721 0.0325 0.03322784810126582
0 0.33375 0.5988924050632911 0.035 0.03322784810126582
0 0.609375 0.7563291139240507 0.03125 0.03481012658227848
0 0.28 0.37658227848101267 0.035 0.03481012658227848
0 0.22375 0.44145569620253167 0.0325 0.03481012658227848
0 0.444375 0.5981012658227848 0.03375 0.03164556962025317
0 0.1675 0.5363924050632911 0.0325 0.03164556962025317