0 0.21388888888888888 0.4344262295081967 0.04666666666666667 0.06557377049180328
0 0.42277777777777775 0.4663934426229508 0.043333333333333335 0.05901639344262295
0 0.5883333333333334 0.3795081967213115 0.04111111111111111 0.05573770491803279
0 0.8772222222222222 0.7188524590163935 0.04555555555555556 0.060655737704918035
0 0.5805555555555556 0.4926229508196721 0.04 0.05901639344262295
0 0.4072222222222222 0.6786885245901639 0.043333333333333335 0.060655737704918035
0 0.4633333333333333 0.6426229508196721 0.043333333333333335 0.060655737704918035
0 0.6033333333333334 0.9073770491803279 0.042222222222222223 0.05573770491803279
0 0.44555555555555554 0.8532786885245902 0.04111111111111111 0.054098360655737705
0 0.6672222222222223 0.7442622950819672 0.03888888888888889 0.05573770491803279
0 0.2 0.6172131147540983 0.042222222222222223 0.060655737704918035
0 0.6833333333333333 0.519672131147541 0.04 0.05737704918032787
0 0.3211111111111111 0.4262295081967213 0.04111111111111111 0.06393442622950819
0 0.4822222222222222 0.39918032786885244 0.03888888888888889 0.05737704918032787
0 0.7905555555555556 0.49098360655737705 0.03777777777777778 0.05245901639344262
0 0.6077777777777778 0.8270491803278689 0.044444444444444446 0.05901639344262295
0 0.66 0.8467213114754099 0.044444444444444446 0.060655737704918035
0 0.6327777777777778 0.5008196721311475 0.04 0.05901639344262295
0 0.6405555555555555 0.3975409836065574 0.03888888888888889 0.054098360655737705
0 0.8366666666666667 0.5795081967213115 0.04 0.05737704918032787
0 0.8572222222222222 0.9844262295081967 0.04 0.03114754098360656
0 0.6916666666666667 0.41475409836065574 0.03888888888888889 0.05573770491803279
0 0.2772222222222222 0.30983606557377047 0.04 0.054098360655737705
0 0.4411111111111111 0.8934426229508197 0.04111111111111111 0.05245901639344262
0 0.35 0.7385245901639345 0.044444444444444446 0.06393442622950819
0 0.34 0.8598360655737705 0.04 0.05081967213114754
0 0.29777777777777775 0.7204918032786886 0.044444444444444446 0.060655737704918035
0 0.33666666666666667 0.9008196721311476 0.04 0.05573770491803279
0 0.5616666666666666 0.7450819672131147 0.043333333333333335 0.06229508196721312
0 0.5377777777777778 0.3860655737704918 0.04777777777777778 0.05737704918032787
0 0.8055555555555556 0.9754098360655737 0.03888888888888889 0.04918032786885246
0 0.32666666666666666 0.3590163934426229 0.043333333333333335 0.06229508196721312
0 0.8683333333333333 0.8483606557377049 0.04111111111111111 0.05901639344262295
0 0.47333333333333333 0.5114754098360655 0.04111111111111111 0.05901639344262295
0 0.5711111111111111 0.6163934426229508 0.043333333333333335 0.06229508196721312
0 0.5661111111111111 0.6770491803278689 0.04666666666666667 0.06885245901639345
0 0.40055555555555555 0.7557377049180328 0.043333333333333335 0.05901639344262295
0 0.1827777777777778 0.8491803278688524 0.04555555555555556 0.05901639344262295
0 0.3877777777777778 0.9188524590163935 0.04666666666666667 0.06229508196721312
0 0.7055555555555556 0.9434426229508197 0.043333333333333335 0.05737704918032787
0 0.41388888888888886 0.6040983606557377 0.03888888888888889 0.060655737704918035
0 0.4527777777777778 0.7754098360655738 0.044444444444444446 0.060655737704918035
0 0.4572222222222222 0.7081967213114754 0.044444444444444446 0.060655737704918035
0 0.6244444444444445 0.6163934426229508 0.03888888888888889 0.05901639344262295
0 0.7938888888888889 0.4483606557377049 0.04 0.05737704918032787
0 0.4777777777777778 0.4557377049180328 0.03888888888888889 0.05737704918032787
0 0.8227777777777778 0.7663934426229508 0.04111111111111111 0.06229508196721312
0 0.8172222222222222 0.8270491803278689 0.04111111111111111 0.05901639344262295
0 0.41944444444444445 0.5377049180327869 0.04111111111111111 0.05901639344262295
0 0.8316666666666667 0.6401639344262295 0.04 0.05737704918032787
0 0.5761111111111111 0.5508196721311476 0.04111111111111111 0.060655737704918035
0 0.535 0.4245901639344262 0.04777777777777778 0.054098360655737705
0 0.45944444444444443 0.819672131147541 0.027777777777777776 0.040983606557377046
0 0.5161111111111111 0.8 0.025555555555555557 0.036065573770491806
0 0.5572222222222222 0.8122950819672131 0.043333333333333335 0.06229508196721312
0 0.7111111111111111 0.8631147540983607 0.042222222222222223 0.05901639344262295
0 0.22444444444444445 0.3073770491803279 0.044444444444444446 0.060655737704918035
0 0.395 0.8360655737704918 0.044444444444444446 0.05573770491803279
0 0.37277777777777776 0.44508196721311477 0.042222222222222223 0.060655737704918035
0 0.84 0.5245901639344263 0.043333333333333335 0.05901639344262295
0 0.7416666666666667 0.43278688524590164 0.04111111111111111 0.05901639344262295
0 0.8822222222222222 0.6524590163934426 0.04555555555555556 0.05901639344262295
0 0.8861111111111111 0.5959016393442623 0.04111111111111111 0.05737704918032787
0 0.5638888888888889 0.8549180327868853 0.02666666666666667 0.036065573770491806
0 0.19944444444444445 0.7270491803278688 0.03333333333333333 0.04590163934426229
0 0.54 0.35327868852459016 0.044444444444444446 0.04426229508196721
0 0.5322222222222223 0.44672131147540983 0.04888888888888889 0.054098360655737705
0 0.8722222222222222 0.9622950819672131 0.025555555555555557 0.03934426229508197
0 0.6677777777777778 0.8918032786885246 0.024444444444444446 0.03442622950819672
0 0.6161111111111112 0.8721311475409836 0.024444444444444446 0.03770491803278689
0 0.385 0.30655737704918035 0.04 0.060655737704918035
0 0.20444444444444446 0.5573770491803278 0.044444444444444446 0.06229508196721312
0 0.21944444444444444 0.36721311475409835 0.043333333333333335 0.06229508196721312
0 0.4361111111111111 0.3262295081967213 0.042222222222222223 0.05737704918032787
0 0.9416666666666667 0.5442622950819672 0.042222222222222223 0.05245901639344262
0 0.36 0.5967213114754099 0.043333333333333335 0.05901639344262295
0 0.7194444444444444 0.730327868852459 0.043333333333333335 0.05901639344262295
0 0.7155555555555555 0.7959016393442623 0.043333333333333335 0.06229508196721312
0 0.8277777777777777 0.7040983606557377 0.04111111111111111 0.06229508196721312
0 0.4861111111111111 0.34508196721311474 0.04 0.05737704918032787
0 0.2288888888888889 0.25163934426229506 0.042222222222222223 0.060655737704918035
0 0.4688888888888889 0.578688524590164 0.044444444444444446 0.06393442622950819
0 0.8905555555555555 0.5385245901639344 0.043333333333333335 0.05737704918032787
0 0.8438888888888889 0.4680327868852459 0.04111111111111111 0.05737704918032787
0 0.8944444444444445 0.4852459016393443 0.04111111111111111 0.05901639344262295
0 0.315 0.5008196721311475 0.042222222222222223 0.05901639344262295
0 0.305 0.6434426229508197 0.04555555555555556 0.06229508196721312
0 0.9444444444444444 0.49918032786885247 0.03888888888888889 0.054098360655737705
0 0.2816666666666667 0.26967213114754096 0.04 0.054098360655737705
0 0.42944444444444446 0.3983606557377049 0.042222222222222223 0.06229508196721312
0 0.615 0.7270491803278688 0.042222222222222223 0.060655737704918035
0 0.33166666666666667 0.28852459016393445 0.042222222222222223 0.05901639344262295
0 0.7377777777777778 0.4885245901639344 0.03888888888888889 0.05573770491803279
0 0.8144444444444444 0.8975409836065574 0.04555555555555556 0.05901639344262295
0 0.3438888888888889 0.8172131147540984 0.04111111111111111 0.05737704918032787
0 0.5255555555555556 0.5155737704918033 0.04555555555555556 0.060655737704918035
0 0.8738888888888889 0.7827868852459017 0.043333333333333335 0.05901639344262295
0 0.20833333333333334 0.5032786885245901 0.043333333333333335 0.06229508196721312
0 0.30722222222222223 0.7672131147540984 0.025555555555555557 0.03770491803278689
0 0.8211111111111111 0.9426229508196722 0.02666666666666667 0.03770491803278689
0 0.35777777777777775 0.7844262295081967 0.02666666666666667 0.036065573770491806
0 0.4088888888888889 0.8016393442622951 0.024444444444444446 0.03770491803278689
0 0.5444444444444444 0.9704918032786886 0.042222222222222223 0.05901639344262295
0 0.7188888888888889 0.9073770491803279 0.024444444444444446 0.036065573770491806
0 0.5494444444444444 0.22704918032786886 0.04888888888888889 0.04918032786885246
0 0.5422222222222223 0.30245901639344264 0.051111111111111114 0.06393442622950819
0 0.18944444444444444 0.7647540983606558 0.04555555555555556 0.05901639344262295
0 0.6988888888888889 0.9967213114754099 0.044444444444444446 0.006557377049180328
0 0.5966666666666667 0.9795081967213115 0.043333333333333335 0.040983606557377046
0 0.5516666666666666 0.8918032786885246 0.044444444444444446 0.06393442622950819
0 0.195 0.6811475409836065 0.043333333333333335 0.060655737704918035
0 0.5994444444444444 0.9475409836065574 0.04111111111111111 0.05081967213114754
0 0.185 0.8073770491803278 0.04 0.054098360655737705
0 0.655 0.9245901639344263 0.043333333333333335 0.054098360655737705
0 0.7233333333333334 0.6622950819672131 0.03666666666666667 0.054098360655737705
0 0.6755555555555556 0.6295081967213115 0.03777777777777778 0.05573770491803279
0 0.43944444444444447 0.9344262295081968 0.042222222222222223 0.054098360655737705
0 0.39166666666666666 0.8762295081967213 0.04111111111111111 0.05081967213114754
0 0.8038888888888889 0.9975409836065574 0.04 0.004918032786885246
0 0.6477777777777778 0.9868852459016394 0.043333333333333335 0.02622950819672131
0 0.3111111111111111 0.5729508196721311 0.04111111111111111 0.05901639344262295
0 0.5466666666666666 0.2598360655737705 0.04888888888888889 0.054098360655737705
0 0.2927777777777778 0.8008196721311476 0.04111111111111111 0.054098360655737705
0 0.585 0.4377049180327869 0.03666666666666667 0.05573770491803279
0 0.28555555555555556 0.8803278688524591 0.04555555555555556 0.05901639344262295
0 0.8633333333333333 0.9155737704918033 0.043333333333333335 0.05737704918032787
0 0.7288888888888889 0.5991803278688524 0.04 0.05901639344262295
0 0.7333333333333333 0.5409836065573771 0.044444444444444446 0.05901639344262295