0 0.29133333333333333 0.784375 0.03333333333333333 0.034375
0 0.238 0.4203125 0.036 0.0375
0 0.8106666666666666 0.67265625 0.034666666666666665 0.0328125
0 0.81 0.7078125 0.036 0.0375
0 0.18066666666666667 0.8171875 0.036 0.034375
0 0.8106666666666666 0.7453125 0.037333333333333336 0.034375
0 0.592 0.88359375 0.034666666666666665 0.0296875
0 0.5 0.4046875 0.029333333333333333 0.028125
0 0.864 0.671875 0.034666666666666665 0.034375
0 0.236 0.81875 0.034666666666666665 0.03125
0 0.592 0.81796875 0.034666666666666665 0.0328125
0 0.5006666666666667 0.22890625 0.03333333333333333 0.0296875
0 0.8086666666666666 0.88984375 0.03866666666666667 0.0359375
0 0.5946666666666667 0.24296875 0.037333333333333336 0.0359375
0 0.5 0.29765625 0.032 0.0296875
0 0.81 0.8171875 0.036 0.0375
0 0.5933333333333334 0.56640625 0.034666666666666665 0.0296875
0 0.53 0.3875 0.02266666666666667 0.03125
0 0.5953333333333334 0.20625 0.036 0.034375
0 0.7006666666666667 0.85234375 0.036 0.0328125
0 0.12733333333333333 0.42109375 0.036 0.0390625
0 0.7006666666666667 0.8171875 0.036 0.034375
0 0.456 0.6734375 0.034666666666666665 0.03125
0 0.592 0.8515625 0.034666666666666665 0.034375
0 0.12466666666666666 0.52890625 0.036 0.0359375
0 0.5433333333333333 0.3109375 0.036 0.040625
0 0.5006666666666667 0.19921875 0.03333333333333333 0.0296875
0 0.12666666666666668 0.45703125 0.034666666666666665 0.0296875
0 0.124 0.853125 0.037333333333333336 0.034375
0 0.538 0.85390625 0.03333333333333333 0.0296875
0 0.7013333333333334 0.78046875 0.037333333333333336 0.0359375
0 0.18 0.85234375 0.034666666666666665 0.0328125
0 0.554 0.35078125 0.028 0.0296875
0 0.866 0.4984375 0.03333333333333333 0.034375
0 0.126 0.6359375 0.036 0.034375
0 0.3466666666666667 0.85234375 0.034666666666666665 0.0296875
0 0.18 0.88671875 0.034666666666666665 0.0328125
0 0.456 0.853125 0.034666666666666665 0.0375
0 0.45466666666666666 0.746875 0.037333333333333336 0.0375
0 0.8106666666666666 0.6390625 0.034666666666666665 0.034375
0 0.2906666666666667 0.88984375 0.037333333333333336 0.0328125
0 0.292 0.81953125 0.034666666666666665 0.0328125
0 0.5946666666666667 0.28046875 0.032 0.0359375
0 0.18133333333333335 0.7078125 0.034666666666666665 0.03125
0 0.7573333333333333 0.565625 0.034666666666666665 0.034375
0 0.234 0.8875 0.036 0.034375
0 0.45666666666666667 0.5296875 0.03333333333333333 0.03125
0 0.3466666666666667 0.8203125 0.037333333333333336 0.034375
0 0.5553333333333333 0.45859375 0.028 0.0296875
0 0.868 0.315625 0.034666666666666665 0.034375
0 0.45466666666666666 0.6015625 0.032 0.034375
0 0.864 0.571875 0.034666666666666665 0.034375
0 0.3486666666666667 0.45625 0.03333333333333333 0.03125
0 0.7006666666666667 0.70859375 0.036 0.0359375
0 0.4553333333333333 0.63828125 0.036 0.0359375
0 0.12533333333333332 0.6703125 0.034666666666666665 0.03125
0 0.7 0.88828125 0.037333333333333336 0.0359375
0 0.456 0.70859375 0.037333333333333336 0.0359375
0 0.5526666666666666 0.56640625 0.030666666666666665 0.0359375
0 0.5293333333333333 0.42109375 0.024 0.0296875
0 0.538 0.81953125 0.036 0.0390625
0 0.5266666666666666 0.528125 0.02666666666666667 0.034375
0 0.702 0.67578125 0.036 0.0328125
0 0.18333333333333332 0.52890625 0.036 0.0359375
0 0.5913333333333334 0.7109375 0.03333333333333333 0.034375
0 0.53 0.3515625 0.025333333333333333 0.034375
0 0.538 0.70859375 0.03333333333333333 0.0359375
0 0.292 0.746875 0.037333333333333336 0.0375
0 0.8666666666666667 0.3890625 0.037333333333333336 0.0375
0 0.5913333333333334 0.7484375 0.036 0.0375
0 0.812 0.3140625 0.034666666666666665 0.0375
0 0.18 0.78125 0.037333333333333336 0.0375
0 0.3486666666666667 0.490625 0.036 0.0375
0 0.23666666666666666 0.74375 0.036 0.0375
0 0.2906666666666667 0.7109375 0.037333333333333336 0.034375
0 0.12466666666666666 0.78125 0.036 0.0375
0 0.23666666666666666 0.6390625 0.036 0.034375
0 0.7026666666666667 0.52890625 0.034666666666666665 0.0359375
0 0.5553333333333333 0.38671875 0.028 0.0359375
0 0.5386666666666666 0.63515625 0.034666666666666665 0.0359375
0 0.18066666666666667 0.67421875 0.036 0.0359375
0 0.648 0.56640625 0.037333333333333336 0.0328125
0 0.23533333333333334 0.5640625 0.036 0.0375
0 0.2926666666666667 0.56484375 0.03866666666666667 0.0328125
0 0.8113333333333334 0.53203125 0.036 0.0390625
0 0.294 0.38359375 0.036 0.0328125
0 0.18333333333333332 0.3453125 0.03866666666666667 0.034375
0 0.758 0.459375 0.03333333333333333 0.034375
0 0.5933333333333334 0.6 0.034666666666666665 0.0375
0 0.45666666666666667 0.41796875 0.03333333333333333 0.0328125
0 0.126 0.7078125 0.036 0.0375
0 0.23666666666666666 0.7078125 0.036 0.034375
0 0.18266666666666667 0.38046875 0.037333333333333336 0.0359375
0 0.554 0.4234375 0.028 0.03125
0 0.594 0.49375 0.030666666666666665 0.034375
0 0.648 0.49375 0.034666666666666665 0.034375
0 0.6486666666666666 0.45703125 0.036 0.0359375
0 0.812 0.3875 0.034666666666666665 0.034375
0 0.5386666666666666 0.74609375 0.034666666666666665 0.0359375
0 0.2926666666666667 0.6390625 0.036 0.034375
0 0.2926666666666667 0.52890625 0.03866666666666667 0.0359375
0 0.6486666666666666 0.34765625 0.036 0.0359375
0 0.2926666666666667 0.6015625 0.036 0.0375
0 0.2926666666666667 0.4203125 0.036 0.034375
0 0.292 0.67421875 0.04 0.0359375
0 0.18466666666666667 0.30625 0.036 0.040625
0 0.45666666666666667 0.45546875 0.03333333333333333 0.0390625
0 0.23666666666666666 0.45625 0.036 0.034375
0 0.236 0.6015625 0.034666666666666665 0.0375
0 0.184 0.45546875 0.037333333333333336 0.0390625
0 0.23733333333333334 0.38359375 0.034666666666666665 0.0359375
0 0.454 0.78359375 0.036 0.0359375
0 0.12666666666666668 0.38203125 0.037333333333333336 0.0359375
0 0.4573333333333333 0.38359375 0.032 0.0328125
0 0.7026666666666667 0.4578125 0.034666666666666665 0.034375
0 0.5933333333333334 0.42265625 0.037333333333333336 0.0359375
0 0.5546666666666666 0.49375 0.029333333333333333 0.034375
0 0.23733333333333334 0.4921875 0.034666666666666665 0.034375
0 0.5913333333333334 0.67421875 0.036 0.0359375
0 0.5393333333333333 0.78203125 0.036 0.0359375
0 0.5946666666666667 0.4578125 0.034666666666666665 0.034375
0 0.12733333333333333 0.30703125 0.036 0.0390625
0 0.292 0.45625 0.037333333333333336 0.0375
0 0.18133333333333335 0.6 0.037333333333333336 0.0375
0 0.458 0.31015625 0.036 0.0390625
0 0.702 0.63984375 0.036 0.0390625
0 0.34933333333333333 0.38515625 0.037333333333333336 0.0328125
0 0.35133333333333333 0.34765625 0.036 0.0390625
0 0.23666666666666666 0.78359375 0.036 0.0390625
0 0.594 0.35 0.03333333333333333 0.0375
0 0.7046666666666667 0.2765625 0.03333333333333333 0.021875
0 0.354 0.271875 0.036 0.025
0 0.868 0.27890625 0.037333333333333336 0.0265625
0 0.8633333333333333 0.85 0.036 0.03125
0 0.5033333333333333 0.784375 0.02266666666666667 0.028125
0 0.5 0.3703125 0.032 0.0375
0 0.182 0.5609375 0.036 0.025
0 0.12866666666666668 0.26953125 0.036 0.0234375
0 0.8653333333333333 0.71015625 0.037333333333333336 0.0390625
0 0.8646666666666667 0.815625 0.03866666666666667 0.0375
0 0.8633333333333333 0.74609375 0.03333333333333333 0.0328125
0 0.8653333333333333 0.6046875 0.034666666666666665 0.034375
0 0.864 0.88515625 0.037333333333333336 0.0359375
0 0.49933333333333335 0.440625 0.030666666666666665 0.0375
0 0.864 0.7796875 0.037333333333333336 0.03125
0 0.8106666666666666 0.778125 0.037333333333333336 0.03125
0 0.4553333333333333 0.81796875 0.03333333333333333 0.0328125
0 0.8093333333333333 0.85390625 0.034666666666666665 0.0359375
0 0.8646666666666667 0.6390625 0.03333333333333333 0.034375
0 0.124 0.8171875 0.037333333333333336 0.034375
0 0.12533333333333332 0.7453125 0.034666666666666665 0.034375
0 0.648 0.709375 0.037333333333333336 0.034375
0 0.7033333333333334 0.49296875 0.030666666666666665 0.0328125
0 0.5286666666666666 0.45703125 0.025333333333333333 0.0328125
0 0.65 0.3125 0.036 0.034375
0 0.7033333333333334 0.3109375 0.036 0.0375
0 0.866 0.534375 0.036 0.0375
0 0.646 0.746875 0.036 0.034375
0 0.3466666666666667 0.88671875 0.037333333333333336 0.0359375
0 0.348 0.565625 0.034666666666666665 0.034375
0 0.23666666666666666 0.528125 0.03333333333333333 0.034375
0 0.12333333333333334 0.8890625 0.03866666666666667 0.0375
0 0.5906666666666667 0.784375 0.034666666666666665 0.03125
0 0.7026666666666667 0.421875 0.029333333333333333 0.034375
0 0.18 0.74375 0.037333333333333336 0.0375
0 0.348 0.6015625 0.034666666666666665 0.034375
0 0.126 0.48984375 0.036 0.0359375
0 0.126 0.60078125 0.036 0.0328125
0 0.8106666666666666 0.4234375 0.034666666666666665 0.034375
0 0.8106666666666666 0.60390625 0.034666666666666665 0.0359375
0 0.5953333333333334 0.3140625 0.03333333333333333 0.03125
0 0.3466666666666667 0.78515625 0.037333333333333336 0.0359375
0 0.23666666666666666 0.8515625 0.036 0.034375
0 0.866 0.425 0.036 0.034375
0 0.5286666666666666 0.4921875 0.028 0.03125
0 0.4053333333333333 0.3109375 0.037333333333333336 0.034375
0 0.7006666666666667 0.74609375 0.036 0.0359375
0 0.6486666666666666 0.421875 0.036 0.034375
0 0.646 0.78359375 0.03866666666666667 0.0390625
0 0.6473333333333333 0.6390625 0.03333333333333333 0.03125
0 0.5406666666666666 0.6 0.03333333333333333 0.034375
0 0.7026666666666667 0.5671875 0.034666666666666665 0.0375
0 0.7566666666666667 0.53046875 0.036 0.0328125
0 0.5926666666666667 0.6375 0.03333333333333333 0.03125
0 0.7026666666666667 0.60234375 0.034666666666666665 0.0328125
0 0.3466666666666667 0.71015625 0.037333333333333336 0.0359375
0 0.18266666666666667 0.41796875 0.037333333333333336 0.0359375
0 0.352 0.31015625 0.034666666666666665 0.0328125
0 0.18133333333333335 0.63671875 0.037333333333333336 0.0390625
0 0.6473333333333333 0.6734375 0.03333333333333333 0.03125
0 0.5006666666666667 0.26484375 0.036 0.0359375
0 0.126 0.56640625 0.03866666666666667 0.0359375
0 0.3466666666666667 0.6734375 0.037333333333333336 0.034375
0 0.406 0.4234375 0.03333333333333333 0.040625
0 0.8113333333333334 0.45859375 0.03333333333333333 0.0359375
0 0.23666666666666666 0.6734375 0.03333333333333333 0.03125
0 0.866 0.4609375 0.036 0.0375
0 0.758 0.3125 0.036 0.034375
0 0.4553333333333333 0.565625 0.036 0.0375
0 0.12666666666666668 0.3453125 0.034666666666666665 0.034375
0 0.8113333333333334 0.49453125 0.036 0.0359375
0 0.702 0.3875 0.030666666666666665 0.034375
0 0.8666666666666667 0.35234375 0.037333333333333336 0.0359375
0 0.45666666666666667 0.49375 0.036 0.0375
0 0.348 0.6375 0.037333333333333336 0.034375
0 0.18266666666666667 0.49375 0.034666666666666665 0.034375
0 0.6466666666666666 0.53046875 0.037333333333333336 0.0390625
0 0.5386666666666666 0.67109375 0.034666666666666665 0.0359375
0 0.5386666666666666 0.88828125 0.034666666666666665 0.0390625
0 0.29133333333333333 0.8546875 0.036 0.034375
0 0.2926666666666667 0.49375 0.03333333333333333 0.034375
0 0.3466666666666667 0.74765625 0.037333333333333336 0.0359375
0 0.45466666666666666 0.88984375 0.034666666666666665 0.0359375
0 0.8106666666666666 0.56875 0.037333333333333336 0.034375
0 0.3473333333333333 0.52890625 0.03866666666666667 0.0390625
0 0.6466666666666666 0.603125 0.037333333333333336 0.0375
0 0.5933333333333334 0.38671875 0.034666666666666665 0.0359375
0 0.4573333333333333 0.3484375 0.032 0.034375
0 0.5926666666666667 0.53203125 0.036 0.0421875
0 0.6486666666666666 0.38671875 0.036 0.0359375
0 0.7573333333333333 0.38828125 0.034666666666666665 0.0359375
0 0.5533333333333333 0.53046875 0.029333333333333333 0.0328125
0 0.7573333333333333 0.49453125 0.034666666666666665 0.0359375
0 0.348 0.42109375 0.037333333333333336 0.0359375
0 0.7566666666666667 0.35078125 0.036 0.0359375
0 0.23866666666666667 0.3453125 0.037333333333333336 0.040625
0 0.7573333333333333 0.42421875 0.034666666666666665 0.0359375
0 0.812 0.3515625 0.037333333333333336 0.0375
0 0.23933333333333334 0.30703125 0.036 0.0390625
0 0.4053333333333333 0.3859375 0.034666666666666665 0.034375
0 0.2946666666666667 0.309375 0.037333333333333336 0.0375
0 0.4053333333333333 0.35 0.037333333333333336 0.0375
0 0.7026666666666667 0.35078125 0.034666666666666665 0.0359375
0 0.294 0.34921875 0.03866666666666667 0.0359375