0 0.86625 0.5490506329113924 0.0375 0.04272151898734177
0 0.813125 0.615506329113924 0.03625 0.03955696202531646
0 0.8775 0.8338607594936709 0.03625 0.03955696202531646
0 0.815625 0.6408227848101266 0.04125 0.0490506329113924
0 0.495625 0.6368670886075949 0.025 0.028481012658227847
0 0.75375 0.5237341772151899 0.0375 0.03639240506329114
0 0.86875 0.6107594936708861 0.0375 0.04272151898734177
0 0.500625 0.7333860759493671 0.02125 0.02531645569620253
0 0.50875 0.9161392405063291 0.02375 0.030063291139240507
0 0.81875 0.7420886075949367 0.03625 0.03955696202531646
0 0.87125 0.6740506329113924 0.03875 0.04430379746835443
0 0.820625 0.7705696202531646 0.035 0.03955696202531646
0 0.368125 0.5181962025316456 0.0375 0.03639240506329114
0 0.08625 0.4699367088607595 0.03625 0.03955696202531646
0 0.80875 0.4889240506329114 0.0375 0.03955696202531646
0 0.880625 0.8979430379746836 0.0375 0.04113924050632911
0 0.498125 0.7143987341772152 0.02375 0.02531645569620253
0 0.870625 0.6408227848101266 0.03875 0.03955696202531646
0 0.49375 0.6170886075949367 0.02625 0.023734177215189875
0 0.875625 0.7998417721518988 0.03875 0.04113924050632911
0 0.8775 0.8647151898734177 0.03875 0.04430379746835443
0 0.875625 0.7689873417721519 0.03875 0.03639240506329114
0 0.6925 0.37816455696202533 0.0425 0.05221518987341772
0 0.750625 0.4596518987341772 0.0375 0.03955696202531646
0 0.753125 0.495253164556962 0.03875 0.04588607594936709
0 0.8725 0.7056962025316456 0.03875 0.03955696202531646
0 0.08875 0.5015822784810127 0.0325 0.03164556962025317
0 0.823125 0.8045886075949367 0.0375 0.04272151898734177
0 0.096875 0.689873417721519 0.0375 0.03639240506329114
0 0.86375 0.4833860759493671 0.035 0.0379746835443038
0 0.368125 0.5435126582278481 0.03625 0.04272151898734177
0 0.263125 0.6479430379746836 0.03625 0.03955696202531646
0 0.210625 0.7460443037974683 0.03125 0.02689873417721519
0 0.5075 0.8916139240506329 0.02375 0.028481012658227847
0 0.823125 0.8370253164556962 0.0375 0.03955696202531646
0 0.87375 0.7381329113924051 0.03875 0.04430379746835443
0 0.099375 0.7199367088607594 0.0375 0.03955696202531646
0 0.26625 0.7768987341772152 0.03625 0.03955696202531646
0 0.8625 0.45332278481012656 0.035 0.0379746835443038
0 0.10625 0.9106012658227848 0.03625 0.03955696202531646
0 0.20875 0.6843354430379747 0.03625 0.03322784810126582
0 0.104375 0.8813291139240507 0.035 0.03955696202531646
0 0.810625 0.5189873417721519 0.03625 0.03955696202531646
0 0.656875 0.8465189873417721 0.0375 0.03322784810126582
0 0.860625 0.4200949367088608 0.04 0.04430379746835443
0 0.144375 0.46677215189873417 0.03375 0.03322784810126582
0 0.825625 0.9003164556962026 0.03875 0.03955696202531646
0 0.818125 0.7104430379746836 0.04 0.04272151898734177
0 0.815625 0.678006329113924 0.03875 0.04113924050632911
0 0.758125 0.6170886075949367 0.03625 0.03639240506329114
0 0.43625 0.8599683544303798 0.03375 0.03164556962025317
0 0.824375 0.8686708860759493 0.03875 0.03955696202531646
0 0.63875 0.40348101265822783 0.03375 0.04113924050632911
0 0.7 0.5268987341772152 0.035 0.03639240506329114
0 0.265625 0.7460443037974683 0.0375 0.04430379746835443
0 0.4225 0.5118670886075949 0.0375 0.04113924050632911
0 0.26 0.555379746835443 0.03375 0.03639240506329114
0 0.103125 0.8488924050632911 0.035 0.03955696202531646
0 0.271875 0.870253164556962 0.035 0.03955696202531646
0 0.27125 0.8386075949367089 0.03375 0.03955696202531646
0 0.699375 0.49683544303797467 0.035 0.03955696202531646
0 0.645 0.5284810126582279 0.0375 0.03639240506329114
0 0.101875 0.8180379746835443 0.03625 0.03955696202531646
0 0.16 0.8441455696202531 0.03625 0.03955696202531646
0 0.26125 0.617879746835443 0.035 0.03955696202531646
0 0.3825 0.8947784810126582 0.03625 0.03955696202531646
0 0.320625 0.7072784810126582 0.0375 0.04113924050632911
0 0.329375 0.9311708860759493 0.04 0.03955696202531646
0 0.643125 0.5007911392405063 0.03625 0.03955696202531646
0 0.264375 0.7112341772151899 0.03875 0.04272151898734177
0 0.366875 0.4873417721518987 0.04 0.04430379746835443
0 0.3275 0.8647151898734177 0.03875 0.03955696202531646
0 0.655625 0.814873417721519 0.0375 0.0379746835443038
0 0.595 0.6606012658227848 0.0375 0.03955696202531646
0 0.32375 0.7697784810126582 0.03625 0.03955696202531646
0 0.274375 0.9343354430379747 0.03875 0.04272151898734177
0 0.213125 0.7784810126582279 0.0375 0.04588607594936709
0 0.586875 0.43908227848101267 0.03625 0.0379746835443038
0 0.603125 0.8496835443037974 0.0375 0.03955696202531646
0 0.54 0.6637658227848101 0.03375 0.0379746835443038
0 0.0925 0.5965189873417721 0.0375 0.03955696202531646
0 0.148125 0.5632911392405063 0.0375 0.0379746835443038
0 0.385 0.9272151898734177 0.0375 0.04113924050632911
0 0.21625 0.8734177215189873 0.03625 0.04113924050632911
0 0.205 0.6194620253164557 0.0375 0.03639240506329114
0 0.654375 0.7824367088607594 0.0375 0.03955696202531646
0 0.311875 0.5181962025316456 0.03625 0.03639240506329114
0 0.593125 0.6281645569620253 0.03625 0.04113924050632911
0 0.31375 0.5482594936708861 0.0375 0.03955696202531646
0 0.7025 0.5893987341772152 0.03875 0.04588607594936709
0 0.65875 0.877373417721519 0.03875 0.04272151898734177
0 0.37875 0.7990506329113924 0.03625 0.04113924050632911
0 0.4325 0.7341772151898734 0.03625 0.0379746835443038
0 0.2025 0.557753164556962 0.0375 0.03955696202531646
0 0.433125 0.7642405063291139 0.0375 0.0379746835443038
0 0.158125 0.8140822784810127 0.0375 0.04113924050632911
0 0.321875 0.7397151898734177 0.0375 0.03955696202531646
0 0.328125 0.8979430379746836 0.0375 0.04272151898734177
0 0.090625 0.5656645569620253 0.03625 0.04113924050632911
0 0.756875 0.5878164556962026 0.03875 0.04272151898734177
0 0.315625 0.6147151898734177 0.03875 0.03955696202531646
0 0.375 0.7041139240506329 0.035 0.0379746835443038
0 0.25625 0.4920886075949367 0.0375 0.0379746835443038
0 0.31 0.4564873417721519 0.0375 0.03955696202531646
0 0.65 0.6566455696202531 0.03625 0.0379746835443038
0 0.364375 0.41930379746835444 0.03625 0.03955696202531646
0 0.548125 0.8876582278481012 0.0375 0.04272151898734177
0 0.645625 0.5585443037974683 0.03875 0.04272151898734177
0 0.255 0.4612341772151899 0.035 0.03955696202531646
0 0.30875 0.42325949367088606 0.04 0.04272151898734177
0 0.37375 0.6732594936708861 0.035 0.04113924050632911
0 0.20125 0.5268987341772152 0.0375 0.0379746835443038
0 0.10125 0.7848101265822784 0.03875 0.04430379746835443
0 0.65125 0.6875 0.03625 0.04113924050632911
0 0.545625 0.821993670886076 0.0375 0.04588607594936709
0 0.58875 0.5007911392405063 0.0375 0.03955696202531646
0 0.546875 0.8568037974683544 0.0375 0.03955696202531646
0 0.15625 0.7808544303797469 0.0375 0.04113924050632911
0 0.145625 0.5348101265822784 0.03625 0.03955696202531646
0 0.596875 0.689873417721519 0.03875 0.03955696202531646
0 0.209375 0.7151898734177216 0.0375 0.04430379746835443
0 0.42 0.44936708860759494 0.03375 0.03639240506329114
0 0.31 0.48813291139240506 0.0375 0.03955696202531646
0 0.596875 0.7223101265822784 0.03625 0.04113924050632911
0 0.535625 0.5664556962025317 0.03375 0.03639240506329114
0 0.364375 0.4525316455696203 0.03875 0.04113924050632911
0 0.5375 0.629746835443038 0.035 0.03955696202531646
0 0.375625 0.7365506329113924 0.03625 0.04272151898734177
0 0.59 0.5332278481012658 0.0375 0.04272151898734177
0 0.426875 0.6060126582278481 0.03625 0.04113924050632911
0 0.315 0.5822784810126582 0.0375 0.04113924050632911
0 0.145625 0.5007911392405063 0.0375 0.04588607594936709
0 0.536875 0.5973101265822784 0.03625 0.04113924050632911
0 0.585625 0.40585443037974683 0.03875 0.04430379746835443
0 0.206875 0.6534810126582279 0.04 0.04588607594936709
0 0.528125 0.41139240506329117 0.04 0.04430379746835443
0 0.373125 0.6392405063291139 0.0375 0.04113924050632911
0 0.49875 0.6954113924050633 0.025 0.023734177215189875
0 0.47875 0.5450949367088608 0.0425 0.03639240506329114
0 0.49625 0.6574367088607594 0.02375 0.02531645569620253
0 0.47375 0.4137658227848101 0.03625 0.023734177215189875
0 0.490625 0.8275316455696202 0.03375 0.03164556962025317
0 0.4725 0.38449367088607594 0.04 0.04588607594936709
0 0.476875 0.49287974683544306 0.035 0.03955696202531646
0 0.4975 0.6772151898734177 0.025 0.023734177215189875
0 0.475625 0.46044303797468356 0.0375 0.04113924050632911
0 0.865625 0.5150316455696202 0.03875 0.03955696202531646
0 0.8675 0.5799050632911392 0.03375 0.03481012658227848
0 0.475 0.432753164556962 0.0325 0.02531645569620253
0 0.48125 0.5688291139240507 0.03375 0.028481012658227847
0 0.481875 0.5854430379746836 0.02875 0.012658227848101266
0 0.490625 0.8433544303797469 0.03125 0.014240506329113924
0 0.43625 0.8291139240506329 0.03625 0.04113924050632911
0 0.1075 0.9462025316455697 0.03875 0.04272151898734177
0 0.423125 0.5427215189873418 0.03625 0.03955696202531646
0 0.593125 0.5949367088607594 0.0375 0.03955696202531646
0 0.2675 0.8069620253164557 0.03625 0.0379746835443038
0 0.199375 0.46281645569620256 0.03625 0.03322784810126582
0 0.701875 0.5569620253164557 0.03625 0.03639240506329114
0 0.160625 0.8765822784810127 0.0375 0.0379746835443038
0 0.381875 0.8607594936708861 0.0375 0.04113924050632911
0 0.759375 0.6479430379746836 0.03875 0.04746835443037975
0 0.8075 0.4572784810126582 0.035 0.03955696202531646
0 0.099375 0.7507911392405063 0.035 0.0379746835443038
0 0.433125 0.7958860759493671 0.035 0.03955696202531646
0 0.429375 0.6693037974683544 0.035 0.03955696202531646
0 0.2725 0.9018987341772152 0.03375 0.0379746835443038
0 0.806875 0.42563291139240506 0.03625 0.04272151898734177
0 0.750625 0.4287974683544304 0.0375 0.04272151898734177
0 0.75625 0.5537974683544303 0.0375 0.03955696202531646
0 0.214375 0.8117088607594937 0.0375 0.0379746835443038
0 0.219375 0.9390822784810127 0.04 0.04272151898734177
0 0.089375 0.5324367088607594 0.03625 0.03955696202531646
0 0.380625 0.8306962025316456 0.0375 0.03955696202531646
0 0.43875 0.9248417721518988 0.03875 0.03955696202531646
0 0.319375 0.6772151898734177 0.035 0.0379746835443038
0 0.543125 0.7563291139240507 0.0375 0.03955696202531646
0 0.549375 0.9193037974683544 0.0375 0.03481012658227848
0 0.69625 0.46598101265822783 0.0375 0.0379746835443038
0 0.325625 0.8330696202531646 0.035 0.03955696202531646
0 0.15125 0.6550632911392406 0.035 0.03955696202531646
0 0.54375 0.7887658227848101 0.03125 0.03322784810126582
0 0.6425 0.47151898734177217 0.035 0.0379746835443038
0 0.535 0.5356012658227848 0.035 0.03955696202531646
0 0.591875 0.564873417721519 0.035 0.03955696202531646
0 0.26 0.5838607594936709 0.0375 0.04113924050632911
0 0.094375 0.625 0.03625 0.0379746835443038
0 0.2175 0.9074367088607594 0.03625 0.04113924050632911
0 0.370625 0.6075949367088608 0.03625 0.03481012658227848
0 0.53375 0.5055379746835443 0.0375 0.03955696202531646
0 0.6525 0.75 0.03625 0.03955696202531646
0 0.325 0.8022151898734177 0.03625 0.04113924050632911
0 0.215 0.8417721518987342 0.03625 0.04113924050632911
0 0.425 0.5751582278481012 0.035 0.03955696202531646
0 0.1625 0.9106012658227848 0.0375 0.04430379746835443
0 0.150625 0.6234177215189873 0.0325 0.03481012658227848
0 0.151875 0.6859177215189873 0.03625 0.04113924050632911
0 0.81125 0.5498417721518988 0.0375 0.03955696202531646
0 0.605625 0.9153481012658228 0.03625 0.03955696202531646
0 0.530625 0.4430379746835443 0.03875 0.03639240506329114
0 0.095 0.6582278481012658 0.0375 0.04113924050632911
0 0.263125 0.6795886075949367 0.03625 0.03955696202531646
0 0.54125 0.7294303797468354 0.0375 0.0379746835443038
0 0.42 0.41693037974683544 0.04 0.04272151898734177
0 0.588125 0.46914556962025317 0.03375 0.03639240506329114
0 0.436875 0.8916139240506329 0.0375 0.04272151898734177
0 0.54125 0.6954113924050633 0.03625 0.04272151898734177
0 0.8125 0.5838607594936709 0.0375 0.04272151898734177
0 0.651875 0.7191455696202531 0.035 0.03955696202531646
0 0.15625 0.75 0.03375 0.03639240506329114
0 0.3775 0.7689873417721519 0.03625 0.0379746835443038
0 0.659375 0.9121835443037974 0.0375 0.03955696202531646
0 0.598125 0.7539556962025317 0.035 0.0379746835443038
0 0.600625 0.8204113924050633 0.0375 0.03955696202531646
0 0.604375 0.8837025316455697 0.03625 0.04272151898734177
0 0.141875 0.4375 0.03625 0.03955696202531646
0 0.42125 0.4802215189873418 0.035 0.03955696202531646
0 0.15375 0.7183544303797469 0.035 0.03955696202531646
0 0.6475 0.5917721518987342 0.0375 0.03955696202531646
0 0.695 0.43354430379746833 0.0375 0.04588607594936709
0 0.20375 0.5886075949367089 0.0375 0.04113924050632911
0 0.43125 0.7033227848101266 0.03625 0.04272151898734177
0 0.640625 0.43591772151898733 0.03625 0.04430379746835443
0 0.2575 0.5237341772151899 0.0375 0.04113924050632911
0 0.648125 0.6242088607594937 0.03625 0.03955696202531646
0 0.531875 0.47389240506329117 0.03875 0.04113924050632911
0 0.198125 0.4311708860759494 0.0375 0.04588607594936709
0 0.369375 0.5775316455696202 0.03625 0.04113924050632911
0 0.3175 0.6455696202531646 0.03875 0.04113924050632911
0 0.599375 0.7871835443037974 0.035 0.04113924050632911
0 0.254375 0.4264240506329114 0.03875 0.04272151898734177
0 0.200625 0.495253164556962 0.03625 0.04272151898734177
0 0.4275 0.6384493670886076 0.0375 0.03955696202531646
0 0.14875 0.5925632911392406 0.03625 0.03955696202531646