0 0.13944444444444445 0.8702791461412152 0.034444444444444444 0.042692939244663386
0 0.5005555555555555 0.493431855500821 0.03888888888888889 0.03776683087027915
0 0.5527777777777778 0.28653530377668307 0.034444444444444444 0.041050903119868636
0 0.5527777777777778 0.24548440065681446 0.03666666666666667 0.041050903119868636
0 0.19 0.6625615763546798 0.03333333333333333 0.04433497536945813
0 0.24166666666666667 0.5369458128078818 0.03666666666666667 0.042692939244663386
0 0.5533333333333333 0.15435139573070608 0.035555555555555556 0.04597701149425287
0 0.2411111111111111 0.7044334975369458 0.035555555555555556 0.042692939244663386
0 0.5527777777777778 0.20279146141215107 0.03666666666666667 0.04433497536945813
0 0.2411111111111111 0.41133004926108374 0.035555555555555556 0.04433497536945813
0 0.8594444444444445 0.45566502463054187 0.034444444444444444 0.041050903119868636
0 0.2411111111111111 0.7454844006568144 0.035555555555555556 0.042692939244663386
0 0.24222222222222223 0.2857142857142857 0.035555555555555556 0.04597701149425287
0 0.19111111111111112 0.49589490968801314 0.035555555555555556 0.042692939244663386
0 0.4483333333333333 0.4121510673234811 0.03666666666666667 0.04597701149425287
0 0.5522222222222222 0.32922824302134646 0.035555555555555556 0.04433497536945813
0 0.34444444444444444 0.5788177339901478 0.035555555555555556 0.041050903119868636
0 0.6533333333333333 0.4129720853858785 0.035555555555555556 0.041050903119868636
0 0.6038888888888889 0.2019704433497537 0.034444444444444444 0.04926108374384237
0 0.13833333333333334 0.6617405582922824 0.03222222222222222 0.042692939244663386
0 0.13833333333333334 0.5788177339901478 0.034444444444444444 0.04433497536945813
0 0.13944444444444445 0.8292282430213465 0.034444444444444444 0.042692939244663386
0 0.6533333333333333 0.37192118226600984 0.035555555555555556 0.041050903119868636
0 0.8077777777777778 0.3727422003284072 0.035555555555555556 0.042692939244663386
0 0.6544444444444445 0.7052545155993432 0.035555555555555556 0.04433497536945813
0 0.6544444444444445 0.6609195402298851 0.035555555555555556 0.04433497536945813
0 0.6538888888888889 0.20032840722495895 0.03666666666666667 0.04597701149425287
0 0.345 0.3284072249589491 0.034444444444444444 0.042692939244663386
0 0.1388888888888889 0.7454844006568144 0.035555555555555556 0.042692939244663386
0 0.5516666666666666 0.451559934318555 0.03666666666666667 0.04597701149425287
0 0.19 0.32922824302134646 0.035555555555555556 0.041050903119868636
0 0.34444444444444444 0.41379310344827586 0.035555555555555556 0.04597701149425287
0 0.5527777777777778 0.37110016420361247 0.03222222222222222 0.03940886699507389
0 0.18944444444444444 0.37192118226600984 0.034444444444444444 0.04433497536945813
0 0.19055555555555556 0.7463054187192119 0.034444444444444444 0.04433497536945813
0 0.29388888888888887 0.825944170771757 0.034444444444444444 0.042692939244663386
0 0.24166666666666667 0.5788177339901478 0.03222222222222222 0.041050903119868636
0 0.8583333333333333 0.41379310344827586 0.034444444444444444 0.042692939244663386
0 0.24222222222222223 0.8275862068965517 0.035555555555555556 0.042692939244663386
0 0.13833333333333334 0.28735632183908044 0.034444444444444444 0.04926108374384237
0 0.7583333333333333 0.1568144499178982 0.03666666666666667 0.047619047619047616
0 0.29388888888888887 0.784072249589491 0.034444444444444444 0.041050903119868636
0 0.18944444444444444 0.41461412151067323 0.03222222222222222 0.041050903119868636
0 0.5522222222222222 0.49589490968801314 0.035555555555555556 0.042692939244663386
0 0.2411111111111111 0.6609195402298851 0.03333333333333333 0.04433497536945813
0 0.6538888888888889 0.24548440065681446 0.03666666666666667 0.047619047619047616
0 0.6533333333333333 0.3308702791461412 0.03777777777777778 0.041050903119868636
0 0.34444444444444444 0.6600985221674877 0.035555555555555556 0.042692939244663386
0 0.4488888888888889 0.19950738916256158 0.035555555555555556 0.04433497536945813
0 0.19 0.7881773399014779 0.035555555555555556 0.03940886699507389
0 0.34555555555555556 0.5369458128078818 0.035555555555555556 0.042692939244663386
0 0.24055555555555555 0.32922824302134646 0.03222222222222222 0.041050903119868636
0 0.19055555555555556 0.4548440065681445 0.034444444444444444 0.03940886699507389
0 0.6033333333333334 0.2881773399014778 0.03333333333333333 0.041050903119868636
0 0.8088888888888889 0.4573070607553366 0.035555555555555556 0.04433497536945813
0 0.7061111111111111 0.5779967159277504 0.03666666666666667 0.042692939244663386
0 0.8088888888888889 0.2914614121510673 0.035555555555555556 0.041050903119868636
0 0.8094444444444444 0.41461412151067323 0.03666666666666667 0.041050903119868636
0 0.19055555555555556 0.5361247947454844 0.034444444444444444 0.03776683087027915
0 0.39666666666666667 0.577175697865353 0.03333333333333333 0.041050903119868636
0 0.7566666666666667 0.3760262725779967 0.035555555555555556 0.04597701149425287
0 0.7055555555555556 0.37192118226600984 0.035555555555555556 0.04433497536945813
0 0.9116666666666666 0.1568144499178982 0.034444444444444444 0.04433497536945813
0 0.4483333333333333 0.2471264367816092 0.034444444444444444 0.047619047619047616
0 0.19 0.5763546798029556 0.03333333333333333 0.042692939244663386
0 0.5005555555555555 0.37520525451559933 0.04555555555555556 0.034482758620689655
0 0.5011111111111111 0.34318555008210183 0.044444444444444446 0.026272577996715927
0 0.345 0.49507389162561577 0.034444444444444444 0.041050903119868636
0 0.29388888888888887 0.6633825944170771 0.03222222222222222 0.042692939244663386
0 0.7566666666666667 0.20279146141215107 0.03333333333333333 0.04433497536945813
0 0.8594444444444445 0.20361247947454844 0.034444444444444444 0.042692939244663386
0 0.3977777777777778 0.2889983579638752 0.035555555555555556 0.042692939244663386
0 0.6033333333333334 0.41379310344827586 0.03333333333333333 0.042692939244663386
0 0.7055555555555556 0.4942528735632184 0.035555555555555556 0.042692939244663386
0 0.24222222222222223 0.7865353037766831 0.03333333333333333 0.03940886699507389
0 0.19 0.2848932676518883 0.035555555555555556 0.047619047619047616
0 0.39666666666666667 0.45566502463054187 0.03333333333333333 0.041050903119868636
0 0.9122222222222223 0.4975369458128079 0.035555555555555556 0.042692939244663386
0 0.8583333333333333 0.33004926108374383 0.034444444444444444 0.042692939244663386
0 0.86 0.6190476190476191 0.03777777777777778 0.04597701149425287
0 0.8077777777777778 0.24876847290640394 0.035555555555555556 0.04433497536945813
0 0.6533333333333333 0.8292282430213465 0.035555555555555556 0.04597701149425287
0 0.8594444444444445 0.1568144499178982 0.03666666666666667 0.047619047619047616
0 0.705 0.4154351395730706 0.03666666666666667 0.042692939244663386
0 0.1388888888888889 0.7873563218390804 0.035555555555555556 0.041050903119868636
0 0.19 0.6182266009852216 0.03333333333333333 0.041050903119868636
0 0.29388888888888887 0.3702791461412151 0.03666666666666667 0.04433497536945813
0 0.7044444444444444 0.7446633825944171 0.035555555555555556 0.04433497536945813
0 0.19 0.7036124794745484 0.03333333333333333 0.03776683087027915
0 0.705 0.24794745484400657 0.034444444444444444 0.042692939244663386
0 0.39666666666666667 0.3727422003284072 0.035555555555555556 0.042692939244663386
0 0.44722222222222224 0.36863711001642036 0.034444444444444444 0.041050903119868636
0 0.29388888888888887 0.49589490968801314 0.034444444444444444 0.03940886699507389
0 0.13833333333333334 0.4967159277504105 0.034444444444444444 0.041050903119868636
0 0.24222222222222223 0.4548440065681445 0.03333333333333333 0.042692939244663386
0 0.3461111111111111 0.7446633825944171 0.034444444444444444 0.041050903119868636
0 0.7572222222222222 0.32922824302134646 0.03888888888888889 0.04433497536945813
0 0.9105555555555556 0.29064039408866993 0.034444444444444444 0.042692939244663386
0 0.705 0.20114942528735633 0.03888888888888889 0.047619047619047616
0 0.08666666666666667 0.2857142857142857 0.035555555555555556 0.042692939244663386
0 0.6538888888888889 0.5361247947454844 0.034444444444444444 0.04433497536945813
0 0.9105555555555556 0.45566502463054187 0.034444444444444444 0.041050903119868636
0 0.705 0.2889983579638752 0.03222222222222222 0.03940886699507389
0 0.34555555555555556 0.7865353037766831 0.035555555555555556 0.042692939244663386
0 0.5516666666666666 0.7848932676518884 0.034444444444444444 0.042692939244663386
0 0.6538888888888889 0.45566502463054187 0.034444444444444444 0.04433497536945813
0 0.9105555555555556 0.24466338259441708 0.034444444444444444 0.04597701149425287
0 0.6538888888888889 0.5788177339901478 0.034444444444444444 0.041050903119868636
0 0.3972222222222222 0.41461412151067323 0.034444444444444444 0.041050903119868636
0 0.29444444444444445 0.6198686371100164 0.035555555555555556 0.04433497536945813
0 0.3438888888888889 0.28407224958949095 0.034444444444444444 0.04597701149425287
0 0.7061111111111111 0.6592775041050903 0.034444444444444444 0.04433497536945813
0 0.4477777777777778 0.3284072249589491 0.028888888888888888 0.03940886699507389
0 0.34444444444444444 0.45566502463054187 0.03333333333333333 0.03776683087027915
0 0.3977777777777778 0.909688013136289 0.03777777777777778 0.04597701149425287
0 0.345 0.7019704433497537 0.034444444444444444 0.041050903119868636
0 0.29444444444444445 0.7044334975369458 0.03333333333333333 0.03940886699507389
0 0.5527777777777778 0.409688013136289 0.03222222222222222 0.03776683087027915
0 0.08666666666666667 0.5394088669950738 0.035555555555555556 0.041050903119868636
0 0.5 0.4466338259441708 0.042222222222222223 0.04597701149425287
0 0.13833333333333334 0.5369458128078818 0.034444444444444444 0.03940886699507389
0 0.39666666666666667 0.6600985221674877 0.03111111111111111 0.042692939244663386
0 0.7572222222222222 0.2857142857142857 0.03666666666666667 0.042692939244663386
0 0.86 0.577175697865353 0.03777777777777778 0.041050903119868636
0 0.24333333333333335 0.9113300492610837 0.035555555555555556 0.042692939244663386
0 0.8083333333333333 0.20114942528735633 0.034444444444444444 0.05090311986863711
0 0.3977777777777778 0.24466338259441708 0.035555555555555556 0.042692939244663386
0 0.29444444444444445 0.7430213464696224 0.03111111111111111 0.03776683087027915
0 0.6533333333333333 0.9154351395730707 0.035555555555555556 0.047619047619047616
0 0.3972222222222222 0.15517241379310345 0.034444444444444444 0.047619047619047616
0 0.7055555555555556 0.15517241379310345 0.03777777777777778 0.04433497536945813
0 0.13833333333333334 0.6198686371100164 0.03222222222222222 0.041050903119868636
0 0.5511111111111111 0.5377668308702791 0.035555555555555556 0.04433497536945813
0 0.2411111111111111 0.3702791461412151 0.03111111111111111 0.03776683087027915
0 0.13777777777777778 0.45566502463054187 0.03333333333333333 0.041050903119868636
0 0.8594444444444445 0.24794745484400657 0.034444444444444444 0.04597701149425287
0 0.39666666666666667 0.5369458128078818 0.03111111111111111 0.042692939244663386
0 0.8594444444444445 0.49507389162561577 0.034444444444444444 0.041050903119868636
0 0.3461111111111111 0.9121510673234812 0.03666666666666667 0.04433497536945813
0 0.6544444444444445 0.28981937602627256 0.035555555555555556 0.041050903119868636
0 0.1922222222222222 0.9113300492610837 0.03777777777777778 0.04597701149425287
0 0.5511111111111111 0.5779967159277504 0.035555555555555556 0.03940886699507389
0 0.6033333333333334 0.2471264367816092 0.03333333333333333 0.041050903119868636
0 0.19 0.8292282430213465 0.03333333333333333 0.03940886699507389
0 0.13833333333333334 0.4129720853858785 0.034444444444444444 0.04433497536945813
0 0.8583333333333333 0.3727422003284072 0.034444444444444444 0.042692939244663386
0 0.29555555555555557 0.32594417077175697 0.03777777777777778 0.041050903119868636
0 0.7061111111111111 0.8275862068965517 0.034444444444444444 0.042692939244663386
0 0.9105555555555556 0.4129720853858785 0.034444444444444444 0.041050903119868636
0 0.6538888888888889 0.784072249589491 0.034444444444444444 0.041050903119868636
0 0.39666666666666667 0.6182266009852216 0.03333333333333333 0.041050903119868636
0 0.4477777777777778 0.28981937602627256 0.03111111111111111 0.03776683087027915
0 0.34555555555555556 0.8686371100164204 0.035555555555555556 0.042692939244663386
0 0.5511111111111111 0.6198686371100164 0.035555555555555556 0.04433497536945813
0 0.29444444444444445 0.9121510673234812 0.035555555555555556 0.04433497536945813
0 0.86 0.6633825944170771 0.035555555555555556 0.042692939244663386
0 0.29444444444444445 0.577175697865353 0.035555555555555556 0.041050903119868636
0 0.6544444444444445 0.6174055829228243 0.035555555555555556 0.03940886699507389
0 0.39611111111111114 0.7422003284072249 0.034444444444444444 0.03940886699507389
0 0.7055555555555556 0.7865353037766831 0.03333333333333333 0.03940886699507389
0 0.2427777777777778 0.8702791461412152 0.034444444444444444 0.03940886699507389
0 0.6027777777777777 0.3727422003284072 0.03222222222222222 0.0361247947454844
0 0.29388888888888887 0.45566502463054187 0.034444444444444444 0.041050903119868636
0 0.29388888888888887 0.4121510673234811 0.034444444444444444 0.042692939244663386
0 0.08777777777777777 0.4129720853858785 0.035555555555555556 0.041050903119868636
0 0.34444444444444444 0.37110016420361247 0.035555555555555556 0.042692939244663386
0 0.7055555555555556 0.5369458128078818 0.035555555555555556 0.042692939244663386
0 0.13833333333333334 0.3308702791461412 0.034444444444444444 0.041050903119868636
0 0.5505555555555556 0.6600985221674877 0.034444444444444444 0.03940886699507389
0 0.8594444444444445 0.5361247947454844 0.03666666666666667 0.041050903119868636
0 0.13833333333333334 0.37192118226600984 0.03222222222222222 0.041050903119868636
0 0.8588888888888889 0.2889983579638752 0.03333333333333333 0.03940886699507389
0 0.6538888888888889 0.4967159277504105 0.034444444444444444 0.03776683087027915
0 0.5511111111111111 0.7011494252873564 0.035555555555555556 0.042692939244663386
0 0.9111111111111111 0.37110016420361247 0.035555555555555556 0.042692939244663386
0 0.39666666666666667 0.4942528735632184 0.03111111111111111 0.03940886699507389
0 0.8083333333333333 0.33169129720853857 0.03666666666666667 0.042692939244663386
0 0.2411111111111111 0.6190476190476191 0.03111111111111111 0.03940886699507389
0 0.29444444444444445 0.5361247947454844 0.03333333333333333 0.041050903119868636
0 0.08722222222222223 0.4548440065681445 0.034444444444444444 0.042692939244663386
0 0.5511111111111111 0.8284072249589491 0.03333333333333333 0.041050903119868636
0 0.7577777777777778 0.24548440065681446 0.03333333333333333 0.03776683087027915
0 0.13833333333333334 0.7036124794745484 0.034444444444444444 0.041050903119868636
0 0.2427777777777778 0.4975369458128079 0.034444444444444444 0.0361247947454844
0 0.7044444444444444 0.33004926108374383 0.03333333333333333 0.042692939244663386
0 0.39666666666666667 0.20114942528735633 0.035555555555555556 0.04433497536945813
0 0.86 0.8284072249589491 0.035555555555555556 0.04433497536945813
0 0.39666666666666667 0.8669950738916257 0.035555555555555556 0.042692939244663386
0 0.08777777777777777 0.5796387520525451 0.035555555555555556 0.042692939244663386
0 0.9111111111111111 0.33169129720853857 0.035555555555555556 0.03940886699507389
0 0.5022222222222222 0.3111658456486043 0.04666666666666667 0.041050903119868636
0 0.08722222222222223 0.37192118226600984 0.03666666666666667 0.04433497536945813
0 0.6538888888888889 0.7454844006568144 0.03222222222222222 0.0361247947454844
0 0.345 0.6190476190476191 0.03222222222222222 0.03940886699507389
0 0.7044444444444444 0.4548440065681445 0.03333333333333333 0.0361247947454844
0 0.6538888888888889 0.8727422003284072 0.034444444444444444 0.03776683087027915
0 0.8594444444444445 0.7044334975369458 0.03666666666666667 0.042692939244663386
0 0.34555555555555556 0.8284072249589491 0.03333333333333333 0.041050903119868636
0 0.7061111111111111 0.6182266009852216 0.034444444444444444 0.03776683087027915
0 0.39611111111111114 0.7832512315270936 0.034444444444444444 0.042692939244663386
0 0.29444444444444445 0.2848932676518883 0.03333333333333333 0.041050903119868636
0 0.39611111111111114 0.8251231527093597 0.03222222222222222 0.041050903119868636
0 0.08722222222222223 0.4975369458128079 0.03666666666666667 0.042692939244663386
0 0.8594444444444445 0.9121510673234812 0.03666666666666667 0.04433497536945813
0 0.5516666666666666 0.7438423645320197 0.034444444444444444 0.03940886699507389
0 0.08666666666666667 0.3284072249589491 0.035555555555555556 0.042692939244663386
0 0.9105555555555556 0.20114942528735633 0.034444444444444444 0.04433497536945813
0 0.8594444444444445 0.7471264367816092 0.034444444444444444 0.03940886699507389
0 0.6033333333333334 0.3333333333333333 0.035555555555555556 0.04597701149425287
0 0.5511111111111111 0.8702791461412152 0.03333333333333333 0.042692939244663386
0 0.5005555555555555 0.24220032840722497 0.04555555555555556 0.041050903119868636
0 0.14 0.9121510673234812 0.03333333333333333 0.041050903119868636
0 0.29388888888888887 0.8686371100164204 0.034444444444444444 0.042692939244663386
0 0.86 0.8711001642036125 0.035555555555555556 0.041050903119868636
0 0.7061111111111111 0.9121510673234812 0.03222222222222222 0.04433497536945813
0 0.1 0.6625615763546798 0.022222222222222223 0.03776683087027915
0 0.8594444444444445 0.7865353037766831 0.034444444444444444 0.03940886699507389
0 0.39611111111111114 0.7036124794745484 0.034444444444444444 0.041050903119868636
0 0.5011111111111111 0.14285714285714285 0.04666666666666667 0.03284072249589491
0 0.07444444444444444 0.7438423645320197 0.022222222222222223 0.0361247947454844
0 0.07444444444444444 0.7019704433497537 0.024444444444444446 0.034482758620689655
0 0.19055555555555556 0.867816091954023 0.03222222222222222 0.03776683087027915
0 0.10055555555555555 0.8292282430213465 0.023333333333333334 0.03284072249589491
0 0.5516666666666666 0.9121510673234812 0.03222222222222222 0.041050903119868636
0 0.1 0.6231527093596059 0.022222222222222223 0.034482758620689655
0 0.5011111111111111 0.1781609195402299 0.044444444444444446 0.03776683087027915
0 0.1 0.7873563218390804 0.022222222222222223 0.03776683087027915
0 0.07388888888888889 0.7873563218390804 0.023333333333333334 0.034482758620689655
0 0.07388888888888889 0.8669950738916257 0.021111111111111112 0.0361247947454844
0 0.7061111111111111 0.8686371100164204 0.03666666666666667 0.042692939244663386
0 0.07333333333333333 0.6215106732348111 0.022222222222222223 0.034482758620689655
0 0.1 0.7446633825944171 0.022222222222222223 0.031198686371100164
0 0.075 0.9137931034482759 0.023333333333333334 0.03776683087027915
0 0.07388888888888889 0.8275862068965517 0.021111111111111112 0.03284072249589491
0 0.10166666666666667 0.9137931034482759 0.023333333333333334 0.03776683087027915
0 0.3972222222222222 0.3308702791461412 0.034444444444444444 0.041050903119868636
0 0.10055555555555555 0.8669950738916257 0.023333333333333334 0.03284072249589491
0 0.1 0.7003284072249589 0.022222222222222223 0.031198686371100164
0 0.07388888888888889 0.6600985221674877 0.021111111111111112 0.03284072249589491
0 0.5122222222222222 0.7430213464696224 0.022222222222222223 0.031198686371100164
0 0.5016666666666667 0.277504105090312 0.04555555555555556 0.03284072249589491
0 0.705 0.7036124794745484 0.034444444444444444 0.041050903119868636
0 0.5016666666666667 0.20935960591133004 0.04777777777777778 0.027914614121510674