0 0.49466666666666664 0.43488372093023253 0.030666666666666665 0.03565891472868217
0 0.496 0.3992248062015504 0.029333333333333333 0.03255813953488372
0 0.352 0.26666666666666666 0.036 0.02635658914728682
0 0.126 0.2589147286821705 0.037333333333333336 0.023255813953488372
0 0.6886666666666666 0.7426356589147287 0.036 0.023255813953488372
0 0.5013333333333333 0.289922480620155 0.02666666666666667 0.024806201550387597
0 0.49933333333333335 0.362015503875969 0.028 0.02945736434108527
0 0.7066666666666667 0.27209302325581397 0.036 0.023255813953488372
0 0.544 0.2689922480620155 0.036 0.020155038759689922
0 0.3453333333333333 0.41472868217054265 0.037333333333333336 0.037209302325581395
0 0.334 0.7062015503875969 0.037333333333333336 0.034108527131782945
0 0.796 0.8162790697674419 0.03866666666666667 0.034108527131782945
0 0.2786666666666667 0.7046511627906977 0.03866666666666667 0.03565891472868217
0 0.7973333333333333 0.7449612403100775 0.037333333333333336 0.037209302325581395
0 0.526 0.703875968992248 0.04 0.03875968992248062
0 0.8486666666666667 0.889922480620155 0.042666666666666665 0.03565891472868217
0 0.7966666666666666 0.7813953488372093 0.037333333333333336 0.03565891472868217
0 0.22933333333333333 0.5201550387596899 0.036 0.027906976744186046
0 0.538 0.41627906976744183 0.03866666666666667 0.03565891472868217
0 0.522 0.813953488372093 0.037333333333333336 0.037209302325581395
0 0.10333333333333333 0.8813953488372093 0.04133333333333333 0.04186046511627907
0 0.33 0.8124031007751938 0.03866666666666667 0.03565891472868217
0 0.6313333333333333 0.8162790697674419 0.036 0.02945736434108527
0 0.8633333333333333 0.45813953488372094 0.034666666666666665 0.03255813953488372
0 0.22 0.8108527131782945 0.04 0.040310077519379844
0 0.2753333333333333 0.8124031007751938 0.04133333333333333 0.03875968992248062
0 0.528 0.6674418604651163 0.037333333333333336 0.03255813953488372
0 0.10733333333333334 0.8069767441860465 0.03866666666666667 0.037209302325581395
0 0.22333333333333333 0.7046511627906977 0.04 0.03875968992248062
0 0.8486666666666667 0.8558139534883721 0.04 0.03565891472868217
0 0.866 0.38449612403100775 0.036 0.037209302325581395
0 0.2906666666666667 0.3767441860465116 0.03866666666666667 0.034108527131782945
0 0.22133333333333333 0.7767441860465116 0.036 0.03255813953488372
0 0.6326666666666667 0.7806201550387597 0.04 0.040310077519379844
0 0.6286666666666667 0.8852713178294573 0.04 0.03565891472868217
0 0.338 0.5945736434108527 0.037333333333333336 0.034108527131782945
0 0.6366666666666667 0.6728682170542636 0.04 0.03565891472868217
0 0.3406666666666667 0.5232558139534884 0.036 0.037209302325581395
0 0.8 0.7077519379844961 0.04133333333333333 0.03565891472868217
0 0.6373333333333333 0.6372093023255814 0.03866666666666667 0.037209302325581395
0 0.2773333333333333 0.7395348837209302 0.037333333333333336 0.037209302325581395
0 0.804 0.5651162790697675 0.037333333333333336 0.034108527131782945
0 0.8546666666666667 0.7108527131782946 0.04 0.037209302325581395
0 0.6393333333333333 0.5635658914728682 0.037333333333333336 0.03255813953488372
0 0.12 0.448062015503876 0.03866666666666667 0.03565891472868217
0 0.86 0.568217054263566 0.037333333333333336 0.03875968992248062
0 0.44866666666666666 0.5248062015503876 0.036 0.034108527131782945
0 0.2773333333333333 0.775968992248062 0.036 0.03255813953488372
0 0.524 0.7790697674418605 0.037333333333333336 0.03255813953488372
0 0.8086666666666666 0.45813953488372094 0.03866666666666667 0.034108527131782945
0 0.6886666666666666 0.7767441860465116 0.03866666666666667 0.03875968992248062
0 0.754 0.45348837209302323 0.034666666666666665 0.03255813953488372
0 0.34933333333333333 0.34031007751937986 0.03866666666666667 0.037209302325581395
0 0.22133333333333333 0.7410852713178294 0.03866666666666667 0.03565891472868217
0 0.532 0.5968992248062015 0.036 0.034108527131782945
0 0.856 0.6387596899224807 0.03866666666666667 0.037209302325581395
0 0.39466666666666667 0.5976744186046512 0.03866666666666667 0.03875968992248062
0 0.11066666666666666 0.7372093023255814 0.04 0.03875968992248062
0 0.5426666666666666 0.30387596899224806 0.034666666666666665 0.037209302325581395
0 0.6386666666666667 0.5984496124031008 0.036 0.037209302325581395
0 0.812 0.3496124031007752 0.03866666666666667 0.034108527131782945
0 0.11466666666666667 0.5542635658914729 0.03866666666666667 0.037209302325581395
0 0.7546666666666667 0.4170542635658915 0.04 0.03875968992248062
0 0.8026666666666666 0.637984496124031 0.03866666666666667 0.034108527131782945
0 0.756 0.38372093023255816 0.036 0.03255813953488372
0 0.294 0.30310077519379847 0.03866666666666667 0.03565891472868217
0 0.23733333333333334 0.33565891472868215 0.03866666666666667 0.037209302325581395
0 0.12466666666666666 0.33410852713178296 0.04 0.03565891472868217
0 0.6926666666666667 0.6348837209302326 0.04 0.03565891472868217
0 0.748 0.637984496124031 0.03866666666666667 0.03875968992248062
0 0.44866666666666666 0.5604651162790698 0.037333333333333336 0.037209302325581395
0 0.17933333333333334 0.3744186046511628 0.04 0.037209302325581395
0 0.44666666666666666 0.6333333333333333 0.03866666666666667 0.037209302325581395
0 0.644 0.45348837209302323 0.036 0.03255813953488372
0 0.702 0.34651162790697676 0.037333333333333336 0.037209302325581395
0 0.2806666666666667 0.6333333333333333 0.04 0.040310077519379844
0 0.18133333333333335 0.2992248062015504 0.04 0.03875968992248062
0 0.12133333333333333 0.40930232558139534 0.04133333333333333 0.040310077519379844
0 0.2786666666666667 0.6689922480620155 0.03866666666666667 0.03565891472868217
0 0.2826666666666667 0.5945736434108527 0.03866666666666667 0.03875968992248062
0 0.5906666666666667 0.4186046511627907 0.037333333333333336 0.037209302325581395
0 0.6906666666666667 0.6705426356589147 0.03866666666666667 0.037209302325581395
0 0.23066666666666666 0.4868217054263566 0.037333333333333336 0.03565891472868217
0 0.6986666666666667 0.4906976744186046 0.037333333333333336 0.034108527131782945
0 0.114 0.5922480620155038 0.04 0.037209302325581395
0 0.696 0.5612403100775194 0.036 0.03565891472868217
0 0.11066666666666666 0.6651162790697674 0.03866666666666667 0.03565891472868217
0 0.8033333333333333 0.6007751937984496 0.04 0.03875968992248062
0 0.234 0.4116279069767442 0.04 0.03565891472868217
0 0.22466666666666665 0.6666666666666666 0.04 0.040310077519379844
0 0.8633333333333333 0.4937984496124031 0.03866666666666667 0.03875968992248062
0 0.33666666666666667 0.6325581395348837 0.037333333333333336 0.03565891472868217
0 0.39866666666666667 0.45193798449612405 0.034666666666666665 0.03565891472868217
0 0.6506666666666666 0.3077519379844961 0.037333333333333336 0.03565891472868217
0 0.69 0.7077519379844961 0.04 0.03875968992248062
0 0.3393333333333333 0.5596899224806201 0.03333333333333333 0.03255813953488372
0 0.11266666666666666 0.6294573643410852 0.037333333333333336 0.03565891472868217
0 0.35 0.30310077519379847 0.036 0.037209302325581395
0 0.6473333333333333 0.3813953488372093 0.03866666666666667 0.034108527131782945
0 0.536 0.45348837209302323 0.03333333333333333 0.03255813953488372
0 0.6426666666666667 0.4883720930232558 0.037333333333333336 0.034108527131782945
0 0.3426666666666667 0.4503875968992248 0.037333333333333336 0.034108527131782945
0 0.22733333333333333 0.5937984496124031 0.04 0.040310077519379844
0 0.75 0.6007751937984496 0.037333333333333336 0.03565891472868217
0 0.7013333333333334 0.3813953488372093 0.04 0.037209302325581395
0 0.288 0.4496124031007752 0.04 0.03875968992248062
0 0.12266666666666666 0.3705426356589147 0.04133333333333333 0.040310077519379844
0 0.33466666666666667 0.6697674418604651 0.04133333333333333 0.040310077519379844
0 0.174 0.5217054263565891 0.04133333333333333 0.040310077519379844
0 0.23666666666666666 0.3744186046511628 0.037333333333333336 0.040310077519379844
0 0.3473333333333333 0.37829457364341085 0.037333333333333336 0.03875968992248062
0 0.6993333333333334 0.4542635658914729 0.03866666666666667 0.03565891472868217
0 0.534 0.48914728682170544 0.036 0.03875968992248062
0 0.646 0.4178294573643411 0.03866666666666667 0.03565891472868217
0 0.5853333333333334 0.5651162790697675 0.04 0.040310077519379844
0 0.174 0.4821705426356589 0.04133333333333333 0.04186046511627907
0 0.814 0.31007751937984496 0.03866666666666667 0.04186046511627907
0 0.342 0.4868217054263566 0.036 0.03565891472868217
0 0.29333333333333333 0.34031007751937986 0.03866666666666667 0.03565891472868217
0 0.39666666666666667 0.5589147286821705 0.037333333333333336 0.03875968992248062
0 0.18066666666666667 0.33565891472868215 0.04 0.040310077519379844
0 0.5313333333333333 0.5604651162790698 0.037333333333333336 0.03565891472868217
0 0.7 0.4178294573643411 0.04 0.03875968992248062
0 0.5946666666666667 0.3457364341085271 0.037333333333333336 0.034108527131782945
0 0.586 0.5271317829457365 0.04133333333333333 0.03875968992248062
0 0.4026666666666667 0.37906976744186044 0.03866666666666667 0.03565891472868217
0 0.76 0.31085271317829455 0.037333333333333336 0.03875968992248062
0 0.12533333333333332 0.2961240310077519 0.04 0.040310077519379844
0 0.642 0.5255813953488372 0.04133333333333333 0.04186046511627907
0 0.648 0.3449612403100775 0.04 0.040310077519379844
0 0.8113333333333334 0.386046511627907 0.04133333333333333 0.037209302325581395
0 0.5913333333333334 0.3806201550387597 0.03866666666666667 0.03565891472868217
0 0.588 0.4906976744186046 0.04 0.037209302325581395
0 0.2866666666666667 0.4868217054263566 0.04 0.03565891472868217
0 0.45266666666666666 0.41472868217054265 0.03866666666666667 0.037209302325581395
0 0.45666666666666667 0.3426356589147287 0.03866666666666667 0.03565891472868217
0 0.5393333333333333 0.3798449612403101 0.036 0.037209302325581395
0 0.406 0.30387596899224806 0.03866666666666667 0.040310077519379844
0 0.596 0.30697674418604654 0.037333333333333336 0.040310077519379844
0 0.7573333333333333 0.3496124031007752 0.03866666666666667 0.03565891472868217
0 0.4046666666666667 0.3434108527131783 0.04133333333333333 0.040310077519379844
0 0.4553333333333333 0.37829457364341085 0.037333333333333336 0.03565891472868217
0 0.232 0.44883720930232557 0.04 0.04186046511627907
0 0.2853333333333333 0.524031007751938 0.04 0.04186046511627907
0 0.452 0.45271317829457364 0.037333333333333336 0.03565891472868217
0 0.45066666666666666 0.48992248062015503 0.037333333333333336 0.03565891472868217
0 0.7046666666666667 0.3062015503875969 0.03866666666666667 0.040310077519379844
0 0.22866666666666666 0.5550387596899224 0.04 0.040310077519379844
0 0.45866666666666667 0.3062015503875969 0.037333333333333336 0.037209302325581395
0 0.504 0.24651162790697675 0.02666666666666667 0.020155038759689922
0 0.5026666666666667 0.26589147286821707 0.028 0.020155038759689922
0 0.43666666666666665 0.8860465116279069 0.037333333333333336 0.037209302325581395
0 0.39666666666666667 0.5224806201550387 0.036 0.034108527131782945
0 0.17666666666666667 0.40930232558139534 0.037333333333333336 0.034108527131782945
0 0.442 0.7775193798449612 0.036 0.037209302325581395
0 0.10466666666666667 0.8426356589147287 0.04133333333333333 0.03875968992248062
0 0.85 0.8209302325581396 0.04 0.037209302325581395
0 0.10866666666666666 0.772093023255814 0.037333333333333336 0.03255813953488372
0 0.5253333333333333 0.7418604651162791 0.03866666666666667 0.03875968992248062
0 0.216 0.8844961240310077 0.03866666666666667 0.037209302325581395
0 0.5213333333333333 0.8488372093023255 0.034666666666666665 0.03255813953488372
0 0.21666666666666667 0.8480620155038759 0.037333333333333336 0.03565891472868217
0 0.116 0.517829457364341 0.04 0.037209302325581395
0 0.5053333333333333 0.1937984496124031 0.028 0.027906976744186046
0 0.43933333333333335 0.8155038759689922 0.037333333333333336 0.03565891472868217
0 0.7946666666666666 0.8511627906976744 0.04133333333333333 0.037209302325581395
0 0.5293333333333333 0.6325581395348837 0.03866666666666667 0.037209302325581395
0 0.752 0.5271317829457365 0.037333333333333336 0.040310077519379844
0 0.6946666666666667 0.5992248062015504 0.03866666666666667 0.037209302325581395
0 0.438 0.8511627906976744 0.03333333333333333 0.03255813953488372
0 0.44533333333333336 0.6705426356589147 0.036 0.034108527131782945
0 0.8053333333333333 0.5286821705426357 0.04 0.040310077519379844
0 0.5033333333333333 0.22093023255813954 0.029333333333333333 0.02945736434108527
0 0.86 0.603875968992248 0.034666666666666665 0.03255813953488372
0 0.32866666666666666 0.8496124031007752 0.034666666666666665 0.03565891472868217
0 0.8093333333333333 0.42248062015503873 0.04 0.03565891472868217
0 0.44866666666666666 0.5968992248062015 0.036 0.03255813953488372
0 0.8006666666666666 0.672093023255814 0.037333333333333336 0.034108527131782945
0 0.444 0.7069767441860465 0.03866666666666667 0.03565891472868217
0 0.3333333333333333 0.7410852713178294 0.03866666666666667 0.03565891472868217
0 0.8553333333333333 0.6751937984496124 0.036 0.03255813953488372
0 0.2733333333333333 0.8488372093023255 0.037333333333333336 0.03255813953488372
0 0.226 0.6302325581395349 0.03333333333333333 0.031007751937984496
0 0.5193333333333333 0.8844961240310077 0.037333333333333336 0.03565891472868217
0 0.5406666666666666 0.3426356589147287 0.036 0.037209302325581395
0 0.862 0.5294573643410853 0.03866666666666667 0.03565891472868217
0 0.794 0.8883720930232558 0.04 0.037209302325581395
0 0.634 0.7434108527131783 0.04 0.040310077519379844
0 0.75 0.5651162790697675 0.036 0.03565891472868217
0 0.27266666666666667 0.8844961240310077 0.04 0.040310077519379844
0 0.6346666666666667 0.7069767441860465 0.03866666666666667 0.034108527131782945
0 0.682 0.8868217054263566 0.037333333333333336 0.03565891472868217
0 0.5326666666666666 0.5248062015503876 0.034666666666666665 0.03255813953488372
0 0.33266666666666667 0.7767441860465116 0.03866666666666667 0.03565891472868217
0 0.6846666666666666 0.8503875968992248 0.037333333333333336 0.037209302325581395
0 0.442 0.7418604651162791 0.037333333333333336 0.034108527131782945
0 0.4 0.41550387596899224 0.04 0.03875968992248062
0 0.8673333333333333 0.3426356589147287 0.03866666666666667 0.037209302325581395
0 0.8646666666666667 0.42248062015503873 0.04133333333333333 0.040310077519379844
0 0.3273333333333333 0.8860465116279069 0.04 0.03875968992248062
0 0.686 0.813953488372093 0.04 0.037209302325581395
0 0.23733333333333334 0.2992248062015504 0.034666666666666665 0.03565891472868217
0 0.11733333333333333 0.48294573643410854 0.037333333333333336 0.034108527131782945
0 0.2846666666666667 0.5596899224806201 0.036 0.031007751937984496
0 0.28933333333333333 0.4116279069767442 0.03866666666666667 0.03565891472868217
0 0.8686666666666667 0.3062015503875969 0.03866666666666667 0.03565891472868217
0 0.63 0.8488372093023255 0.04 0.040310077519379844
0 0.3973333333333333 0.4883720930232558 0.034666666666666665 0.034108527131782945
0 0.6966666666666667 0.5248062015503876 0.036 0.034108527131782945
0 0.8066666666666666 0.4937984496124031 0.034666666666666665 0.034108527131782945
0 0.8526666666666667 0.748062015503876 0.03866666666666667 0.03565891472868217
0 0.11 0.7007751937984497 0.04 0.037209302325581395
0 0.5893333333333334 0.4542635658914729 0.034666666666666665 0.034108527131782945
0 0.17666666666666667 0.4449612403100775 0.037333333333333336 0.034108527131782945
0 0.8513333333333334 0.7829457364341085 0.04 0.03875968992248062
0 0.7526666666666667 0.4883720930232558 0.03866666666666667 0.037209302325581395