0 0.4086666666666667 0.6819595645412131 0.04533333333333334 0.04665629860031104
0 0.3413333333333333 0.6671850699844479 0.034666666666666665 0.04043545878693624
0 0.14866666666666667 0.36625194401244165 0.036 0.04043545878693624
0 0.45266666666666666 0.3273716951788491 0.044 0.04665629860031104
0 0.144 0.5124416796267496 0.048 0.041990668740279936
0 0.3873333333333333 0.8584758942457231 0.04666666666666667 0.04510108864696734
0 0.7053333333333334 0.7472783825816485 0.04533333333333334 0.04354587869362364
0 0.7153333333333334 0.6772939346811819 0.04666666666666667 0.04665629860031104
0 0.18466666666666667 0.29937791601866254 0.036 0.04043545878693624
0 0.188 0.6314152410575428 0.044 0.04043545878693624
0 0.158 0.2939346811819596 0.034666666666666665 0.04043545878693624
0 0.16533333333333333 0.22317262830482115 0.03866666666666667 0.04354587869362364
0 0.264 0.46500777604976673 0.042666666666666665 0.04043545878693624
0 0.898 0.5342146189735615 0.04666666666666667 0.04510108864696734
0 0.884 0.6430793157076206 0.04666666666666667 0.04354587869362364
0 0.442 0.39580093312597203 0.042666666666666665 0.041990668740279936
0 0.478 0.5505443234836703 0.042666666666666665 0.04043545878693624
0 0.302 0.6189735614307932 0.044 0.04043545878693624
0 0.8013333333333333 0.4059097978227061 0.044 0.041990668740279936
0 0.372 0.5287713841368584 0.044 0.041990668740279936
0 0.722 0.6026438569206843 0.042666666666666665 0.04510108864696734
0 0.85 0.4572317262830482 0.04933333333333333 0.04354587869362364
0 0.3973333333333333 0.3157076205287714 0.042666666666666665 0.04510108864696734
0 0.854 0.4199066874027994 0.04666666666666667 0.04665629860031104
0 0.5 0.37325038880248834 0.04133333333333333 0.04354587869362364
0 0.14933333333333335 0.4758942457231726 0.048 0.04510108864696734
0 0.5873333333333334 0.3561430793157076 0.04133333333333333 0.038880248833592534
0 0.298 0.6555209953343701 0.044 0.04510108864696734
0 0.7386666666666667 0.46500777604976673 0.042666666666666665 0.04665629860031104
0 0.3873333333333333 0.3856920684292379 0.042666666666666665 0.041990668740279936
0 0.7846666666666666 0.5458786936236392 0.042666666666666665 0.04043545878693624
0 0.834 0.5948678071539658 0.04666666666666667 0.04510108864696734
0 0.8926666666666667 0.5707620528771384 0.04666666666666667 0.041990668740279936
0 0.7706666666666667 0.6524105754276828 0.04533333333333334 0.04354587869362364
0 0.472 0.6220839813374806 0.04666666666666667 0.041990668740279936
0 0.6446666666666667 0.3328149300155521 0.04 0.038880248833592534
0 0.43 0.5038880248833593 0.044 0.04354587869362364
0 0.7093333333333334 0.713841368584759 0.044 0.04043545878693624
0 0.7266666666666667 0.5692068429237948 0.03866666666666667 0.03732503888024884
0 0.6973333333333334 0.343701399688958 0.044 0.04821150855365474
0 0.5966666666666667 0.7231726283048211 0.04533333333333334 0.04354587869362364
0 0.24266666666666667 0.645412130637636 0.048 0.04665629860031104
0 0.204 0.4906687402799378 0.048 0.04354587869362364
0 0.5833333333333334 0.3895800933125972 0.04 0.038880248833592534
0 0.542 0.7099533437013997 0.044 0.041990668740279936
0 0.17666666666666667 0.37169517884914466 0.036 0.041990668740279936
0 0.8433333333333334 0.5233281493001555 0.044 0.041990668740279936
0 0.606 0.6524105754276828 0.03866666666666667 0.04043545878693624
0 0.566 0.531104199066874 0.042666666666666665 0.04043545878693624
0 0.788 0.5101088646967341 0.044 0.04354587869362364
0 0.6726666666666666 0.5583203732503889 0.04 0.038880248833592534
0 0.31533333333333335 0.5139968895800933 0.044 0.04043545878693624
0 0.9146666666666666 0.3942457231726283 0.04666666666666667 0.04665629860031104
0 0.57 0.49611197511664074 0.03866666666666667 0.038880248833592534
0 0.7173333333333334 0.6391912908242613 0.044 0.041990668740279936
0 0.37733333333333335 0.4572317262830482 0.04533333333333334 0.04665629860031104
0 0.196 0.5606531881804043 0.048 0.04665629860031104
0 0.21266666666666667 0.41835147744945567 0.042666666666666665 0.04510108864696734
0 0.5786666666666667 0.42534992223950235 0.04533333333333334 0.04510108864696734
0 0.27666666666666667 0.3584758942457232 0.048 0.04665629860031104
0 0.3473333333333333 0.2620528771384137 0.04666666666666667 0.04821150855365474
0 0.36333333333333334 0.7068429237947123 0.030666666666666665 0.03421461897356143
0 0.5066666666666667 0.3001555209953344 0.044 0.04665629860031104
0 0.15533333333333332 0.8079315707620529 0.037333333333333336 0.04043545878693624
0 0.174 0.7387247278382582 0.04666666666666667 0.04510108864696734
0 0.4053333333333333 0.7169517884914464 0.03866666666666667 0.03732503888024884
0 0.8453333333333334 0.9603421461897356 0.04533333333333334 0.04043545878693624
0 0.49866666666666665 0.7737169517884914 0.029333333333333333 0.03265940902021773
0 0.85 0.9245723172628305 0.04533333333333334 0.041990668740279936
0 0.2833333333333333 0.7978227060653188 0.044 0.041990668740279936
0 0.16133333333333333 0.2581648522550544 0.03333333333333333 0.03732503888024884
0 0.286 0.7651632970451011 0.04533333333333334 0.041990668740279936
0 0.3586666666666667 0.7426127527216174 0.03333333333333333 0.038880248833592534
0 0.3313333333333333 0.7371695178849145 0.03333333333333333 0.03732503888024884
0 0.562 0.19984447900466562 0.03866666666666667 0.03265940902021773
0 0.374 0.4937791601866252 0.044 0.04510108864696734
0 0.17066666666666666 0.7752721617418351 0.048 0.04510108864696734
0 0.6893333333333334 0.8864696734059098 0.044 0.04354587869362364
0 0.27666666666666667 0.8312597200622084 0.048 0.04354587869362364
0 0.13266666666666665 0.6158631415241057 0.042666666666666665 0.04043545878693624
0 0.5326666666666666 0.43390357698289267 0.037333333333333336 0.04043545878693624
0 0.17 0.40746500777604977 0.03333333333333333 0.03576982892690513
0 0.12333333333333334 0.6905132192846034 0.04666666666666667 0.04665629860031104
0 0.8546666666666667 0.8895800933125972 0.048 0.04510108864696734
0 0.8866666666666667 0.6073094867807154 0.04133333333333333 0.04354587869362364
0 0.39266666666666666 0.8227060653188181 0.04533333333333334 0.04354587869362364
0 0.702 0.7830482115085536 0.044 0.04510108864696734
0 0.45266666666666666 0.7643856920684292 0.044 0.04043545878693624
0 0.2 0.5248833592534993 0.04533333333333334 0.041990668740279936
0 0.8686666666666667 0.7830482115085536 0.048 0.04510108864696734
0 0.19266666666666668 0.22783825816485226 0.03333333333333333 0.03732503888024884
0 0.556 0.6049766718506998 0.042666666666666665 0.041990668740279936
0 0.41333333333333333 0.6446345256609642 0.04666666666666667 0.04510108864696734
0 0.222 0.3468118195956454 0.04533333333333334 0.04510108864696734
0 0.35133333333333333 0.22628304821150855 0.04 0.03110419906687403
0 0.18 0.8141524105754276 0.032 0.03421461897356143
0 0.5966666666666667 0.2838258164852255 0.037333333333333336 0.029548989113530325
0 0.24 0.2006220839813375 0.04133333333333333 0.03265940902021773
0 0.91 0.43001555209953346 0.042666666666666665 0.03110419906687403
0 0.8093333333333333 0.3328149300155521 0.042666666666666665 0.03265940902021773
0 0.12866666666666668 0.6508553654743391 0.04533333333333334 0.04665629860031104
0 0.396 0.7877138413685848 0.044 0.04043545878693624
0 0.5586666666666666 0.22783825816485226 0.03866666666666667 0.03732503888024884
0 0.7406666666666667 0.9004665629860031 0.04666666666666667 0.04510108864696734
0 0.208 0.4556765163297045 0.048 0.04354587869362364
0 0.538 0.4004665629860031 0.034666666666666665 0.03421461897356143
0 0.8593333333333333 0.8538102643856921 0.04533333333333334 0.04043545878693624
0 0.4493333333333333 0.797045101088647 0.04133333333333333 0.038880248833592534
0 0.63 0.911353032659409 0.04 0.038880248833592534
0 0.29533333333333334 0.6920684292379471 0.04133333333333333 0.038880248833592534
0 0.5426666666666666 0.36702954898911355 0.04 0.04354587869362364
0 0.5526666666666666 0.6376360808709176 0.042666666666666665 0.04043545878693624
0 0.18 0.7021772939346812 0.04533333333333334 0.041990668740279936
0 0.9013333333333333 0.5007776049766719 0.04 0.038880248833592534
0 0.526 0.8522550544323484 0.04 0.038880248833592534
0 0.336 0.7021772939346812 0.03333333333333333 0.03732503888024884
0 0.766 0.687402799377916 0.042666666666666665 0.04354587869362364
0 0.6913333333333334 0.8522550544323484 0.044 0.04043545878693624
0 0.362 0.5979782270606532 0.04666666666666667 0.04665629860031104
0 0.522 0.885692068429238 0.042666666666666665 0.038880248833592534
0 0.6853333333333333 0.9230171073094868 0.04666666666666667 0.04354587869362364
0 0.30733333333333335 0.5863141524105754 0.04533333333333334 0.041990668740279936
0 0.44466666666666665 0.8312597200622084 0.044 0.04665629860031104
0 0.7553333333333333 0.7947122861586314 0.044 0.04354587869362364
0 0.18 0.33514774494556765 0.032 0.03421461897356143
0 0.14133333333333334 0.5482115085536547 0.04666666666666667 0.041990668740279936
0 0.18466666666666667 0.666407465007776 0.04666666666666667 0.04665629860031104
0 0.7593333333333333 0.7581648522550545 0.044 0.041990668740279936
0 0.8466666666666667 0.4906687402799378 0.042666666666666665 0.03732503888024884
0 0.28933333333333333 0.7262830482115086 0.04533333333333334 0.04665629860031104
0 0.5933333333333334 0.7597200622083982 0.04133333333333333 0.04510108864696734
0 0.25133333333333335 0.573094867807154 0.04533333333333334 0.04354587869362364
0 0.3586666666666667 0.6345256609642301 0.042666666666666665 0.038880248833592534
0 0.154 0.33048211508553654 0.032 0.03421461897356143
0 0.36733333333333335 0.6726283048211509 0.03333333333333333 0.038880248833592534
0 0.418 0.6111975116640747 0.044 0.041990668740279936
0 0.872 0.7472783825816485 0.04666666666666667 0.04354587869362364
0 0.54 0.7457231726283048 0.04533333333333334 0.04510108864696734
0 0.4666666666666667 0.6555209953343701 0.04666666666666667 0.041990668740279936
0 0.696 0.8188180404354588 0.044 0.04043545878693624
0 0.6433333333333333 0.807153965785381 0.044 0.04354587869362364
0 0.6346666666666667 0.8779160186625194 0.042666666666666665 0.04510108864696734
0 0.8753333333333333 0.7115085536547434 0.044 0.04043545878693624
0 0.32 0.4782270606531882 0.037333333333333336 0.03732503888024884
0 0.15333333333333332 0.4385692068429238 0.04533333333333334 0.04354587869362364
0 0.746 0.8654743390357699 0.04533333333333334 0.041990668740279936
0 0.7506666666666667 0.8312597200622084 0.044 0.04354587869362364
0 0.44066666666666665 0.8701399688958009 0.042666666666666665 0.041990668740279936
0 0.6386666666666667 0.8405909797822706 0.04533333333333334 0.04354587869362364
0 0.8786666666666667 0.6780715396578538 0.044 0.04354587869362364
0 0.8586666666666667 0.3810264385692068 0.044 0.04821150855365474
0 0.5293333333333333 0.8157076205287714 0.044 0.04665629860031104
0 0.5506666666666666 0.2954898911353033 0.037333333333333336 0.038880248833592534
0 0.4573333333333333 0.7293934681181959 0.04666666666666667 0.04665629860031104
0 0.40066666666666667 0.7511664074650077 0.04533333333333334 0.04354587869362364
0 0.13666666666666666 0.5824261275272161 0.04533333333333334 0.04354587869362364
0 0.192 0.5972006220839814 0.04533333333333334 0.041990668740279936
0 0.7373333333333333 0.9362363919129082 0.044 0.04043545878693624
0 0.7626666666666667 0.7231726283048211 0.044 0.04510108864696734
0 0.4886666666666667 0.4447900466562986 0.03866666666666667 0.041990668740279936
0 0.18866666666666668 0.26360808709175737 0.032 0.03576982892690513
0 0.668 0.5925349922239502 0.03866666666666667 0.03732503888024884
0 0.5353333333333333 0.7807153965785381 0.042666666666666665 0.041990668740279936
0 0.6486666666666666 0.7682737169517885 0.04533333333333334 0.04821150855365474
0 0.8633333333333333 0.8180404354587869 0.04933333333333333 0.04510108864696734
0 0.2846666666666667 0.2846034214618974 0.04533333333333334 0.04354587869362364
0 0.39866666666666667 0.2776049766718507 0.042666666666666665 0.04665629860031104
0 0.7306666666666667 0.5349922239502333 0.044 0.04043545878693624
0 0.9053333333333333 0.46578538102643857 0.048 0.04510108864696734
0 0.274 0.39580093312597203 0.04533333333333334 0.041990668740279936
0 0.46066666666666667 0.6905132192846034 0.04533333333333334 0.04354587869362364
0 0.248 0.6088646967340591 0.04533333333333334 0.04354587869362364
0 0.218 0.38258164852255055 0.044 0.04354587869362364
0 0.6353333333333333 0.4035769828926905 0.042666666666666665 0.041990668740279936
0 0.6926666666666667 0.380248833592535 0.04666666666666667 0.041990668740279936
0 0.25533333333333336 0.5381026438569206 0.042666666666666665 0.04043545878693624
0 0.43333333333333335 0.46967340590979784 0.042666666666666665 0.041990668740279936
0 0.36666666666666664 0.5629860031104199 0.044 0.04043545878693624
0 0.806 0.36858475894245724 0.044 0.04665629860031104
0 0.384 0.42068429237947125 0.04533333333333334 0.041990668740279936
0 0.6813333333333333 0.48755832037325036 0.042666666666666665 0.041990668740279936
0 0.4826666666666667 0.5163297045101088 0.042666666666666665 0.041990668740279936
0 0.7513333333333333 0.3569206842923795 0.042666666666666665 0.04665629860031104
0 0.3233333333333333 0.44556765163297046 0.04533333333333334 0.04354587869362364
0 0.7473333333333333 0.39502332814930013 0.044 0.04354587869362364
0 0.6633333333333333 0.6290824261275272 0.04533333333333334 0.04821150855365474
0 0.796 0.44090202177293936 0.044 0.04510108864696734
0 0.48533333333333334 0.48055987558320373 0.042666666666666665 0.041990668740279936
0 0.44666666666666666 0.3631415241057543 0.044 0.04354587869362364
0 0.8373333333333334 0.5583203732503889 0.048 0.04510108864696734
0 0.43733333333333335 0.432348367029549 0.042666666666666665 0.04510108864696734
0 0.28933333333333333 0.25038880248833595 0.04533333333333334 0.041990668740279936
0 0.7913333333333333 0.4758942457231726 0.04533333333333334 0.041990668740279936
0 0.688 0.4152410575427683 0.04533333333333334 0.041990668740279936
0 0.2813333333333333 0.32115085536547433 0.042666666666666665 0.04510108864696734
0 0.5546666666666666 0.26283048211508553 0.04133333333333333 0.04043545878693624
0 0.5026666666666667 0.33748055987558323 0.04533333333333334 0.041990668740279936
0 0.574 0.4642301710730949 0.042666666666666665 0.04354587869362364
0 0.61 0.6181959564541213 0.042666666666666665 0.04354587869362364
0 0.734 0.5015552099533437 0.04533333333333334 0.04354587869362364
0 0.4553333333333333 0.2869362363919129 0.044 0.04665629860031104
0 0.742 0.43001555209953346 0.042666666666666665 0.04043545878693624
0 0.494 0.40902021772939345 0.042666666666666665 0.041990668740279936
0 0.42133333333333334 0.5762052877138414 0.04133333333333333 0.04354587869362364
0 0.548 0.6734059097978227 0.04533333333333334 0.04510108864696734
0 0.7753333333333333 0.6150855365474339 0.048 0.04510108864696734
0 0.23133333333333334 0.2737169517884914 0.04533333333333334 0.041990668740279936
0 0.6406666666666667 0.3678071539657854 0.044 0.04354587869362364
0 0.268 0.4307931570762053 0.04533333333333334 0.04510108864696734
0 0.78 0.5800933125972006 0.04533333333333334 0.041990668740279936
0 0.3293333333333333 0.4059097978227061 0.04533333333333334 0.04354587869362364
0 0.6213333333333333 0.5108864696734059 0.04533333333333334 0.04354587869362364
0 0.4246666666666667 0.5396578538102644 0.04533333333333334 0.041990668740279936
0 0.392 0.3514774494556765 0.044 0.04354587869362364
0 0.33666666666666667 0.33825816485225507 0.04666666666666667 0.041990668740279936
0 0.5913333333333334 0.3203732503888025 0.044 0.04665629860031104
0 0.31066666666666665 0.5505443234836703 0.044 0.04354587869362364
0 0.6313333333333333 0.4370139968895801 0.04533333333333334 0.041990668740279936
0 0.3333333333333333 0.3724727838258165 0.044 0.04043545878693624
0 0.4746666666666667 0.5847589424572317 0.04533333333333334 0.04510108864696734
0 0.626 0.47433903576982894 0.048 0.04665629860031104
0 0.562 0.5699844479004665 0.04533333333333334 0.04510108864696734
0 0.618 0.5458786936236392 0.044 0.04043545878693624
0 0.25933333333333336 0.5007776049766719 0.04533333333333334 0.04821150855365474
0 0.6766666666666666 0.5225505443234837 0.04666666666666667 0.04510108864696734
0 0.614 0.5816485225505443 0.044 0.04510108864696734
0 0.6006666666666667 0.6866251944012441 0.04533333333333334 0.04510108864696734
0 0.23466666666666666 0.23716951788491447 0.04133333333333333 0.04510108864696734
0 0.684 0.4510108864696734 0.04533333333333334 0.04354587869362364
0 0.342 0.3024883359253499 0.04533333333333334 0.04665629860031104
0 0.22733333333333333 0.3094867807153966 0.044 0.04354587869362364