0 0.5044444444444445 0.27182866556836904 0.042222222222222223 0.029654036243822075
0 0.6572222222222223 0.28171334431630973 0.034444444444444444 0.026359143327841845
0 0.5044444444444445 0.3418451400329489 0.044444444444444446 0.03459637561779242
0 0.505 0.3698517298187809 0.04555555555555556 0.03459637561779242
0 0.5138888888888888 0.7388797364085667 0.021111111111111112 0.03130148270181219
0 0.8244444444444444 0.4126853377265239 0.022222222222222223 0.03459637561779242
0 0.5038888888888889 0.2026359143327842 0.04555555555555556 0.029654036243822075
0 0.14 0.3212520593080725 0.03333333333333333 0.039538714991762765
0 0.8233333333333334 0.7446457990115322 0.022222222222222223 0.032948929159802305
0 0.295 0.699341021416804 0.034444444444444444 0.04118616144975288
0 0.8633333333333333 0.328665568369028 0.03333333333333333 0.04118616144975288
0 0.76 0.7026359143327842 0.03333333333333333 0.044481054365733116
0 0.5033333333333333 0.2397034596375618 0.044444444444444446 0.044481054365733116
0 0.8238888888888889 0.78500823723229 0.025555555555555557 0.03789126853377265
0 0.39944444444444444 0.2800658978583196 0.034444444444444444 0.036243822075782535
0 0.15055555555555555 0.7413509060955519 0.023333333333333334 0.036243822075782535
0 0.2966666666666667 0.3657331136738056 0.035555555555555556 0.04942339373970346
0 0.08888888888888889 0.3624382207578254 0.035555555555555556 0.04612850082372323
0 0.15222222222222223 0.7825370675453048 0.024444444444444446 0.036243822075782535
0 0.5044444444444445 0.171334431630972 0.044444444444444446 0.039538714991762765
0 0.505 0.3039538714991763 0.043333333333333335 0.04118616144975288
0 0.5027777777777778 0.5280065897858319 0.03222222222222222 0.03789126853377265
0 0.08888888888888889 0.3187808896210873 0.03333333333333333 0.03789126853377265
0 0.5044444444444445 0.13591433278418452 0.04666666666666667 0.03789126853377265
0 0.6061111111111112 0.3270181219110379 0.03222222222222222 0.03789126853377265
0 0.5555555555555556 0.3673805601317957 0.03333333333333333 0.042833607907743
0 0.1411111111111111 0.3640856672158155 0.03333333333333333 0.042833607907743
0 0.40055555555555555 0.24052718286655683 0.034444444444444444 0.042833607907743
0 0.6577777777777778 0.24052718286655683 0.03333333333333333 0.042833607907743
0 0.5538888888888889 0.7018121911037891 0.034444444444444444 0.042833607907743
0 0.08777777777777777 0.6103789126853377 0.035555555555555556 0.044481054365733116
0 0.3477777777777778 0.3228995057660626 0.03111111111111111 0.042833607907743
0 0.6577777777777778 0.19439868204283361 0.03333333333333333 0.04942339373970346
0 0.76 0.6622734761120264 0.03333333333333333 0.039538714991762765
0 0.8111111111111111 0.7026359143327842 0.03333333333333333 0.04118616144975288
0 0.5555555555555556 0.3261943986820428 0.03333333333333333 0.039538714991762765
0 0.915 0.24464579901153213 0.03222222222222222 0.04118616144975288
0 0.5555555555555556 0.2825370675453048 0.03111111111111111 0.047775947281713346
0 0.76 0.6161449752883031 0.03333333333333333 0.04942339373970346
0 0.9155555555555556 0.2883031301482702 0.03333333333333333 0.042833607907743
0 0.09 0.2759472817133443 0.035555555555555556 0.044481054365733116
0 0.29444444444444445 0.657331136738056 0.03333333333333333 0.042833607907743
0 0.7611111111111111 0.37067545304777594 0.03333333333333333 0.04612850082372323
0 0.2966666666666667 0.32207578253706753 0.03333333333333333 0.03789126853377265
0 0.1388888888888889 0.6556836902800659 0.03333333333333333 0.042833607907743
0 0.555 0.6598023064250412 0.034444444444444444 0.044481054365733116
0 0.8627777777777778 0.28665568369028005 0.03222222222222222 0.042833607907743
0 0.24333333333333335 0.657331136738056 0.035555555555555556 0.042833607907743
0 0.19055555555555556 0.699341021416804 0.034444444444444444 0.04118616144975288
0 0.7988888888888889 0.49341021416803954 0.022222222222222223 0.03459637561779242
0 0.8255555555555556 0.45222405271828664 0.022222222222222223 0.03459637561779242
0 0.8 0.45222405271828664 0.022222222222222223 0.03459637561779242
0 0.8111111111111111 0.6598023064250412 0.03333333333333333 0.044481054365733116
0 0.34833333333333333 0.2800658978583196 0.03222222222222222 0.042833607907743
0 0.6066666666666667 0.2841845140032949 0.03333333333333333 0.044481054365733116
0 0.8261111111111111 0.4942339373970346 0.023333333333333334 0.036243822075782535
0 0.24333333333333335 0.7009884678747941 0.035555555555555556 0.044481054365733116
0 0.5544444444444444 0.6128500823723229 0.03333333333333333 0.04612850082372323
0 0.2966666666666667 0.6112026359143328 0.03333333333333333 0.04942339373970346
0 0.9155555555555556 0.1985172981878089 0.03333333333333333 0.051070840197693576
0 0.08777777777777777 0.6548599670510709 0.035555555555555556 0.044481054365733116
0 0.7605555555555555 0.3270181219110379 0.034444444444444444 0.04118616144975288
0 0.13944444444444445 0.6112026359143328 0.034444444444444444 0.04612850082372323
0 0.08777777777777777 0.699341021416804 0.03777777777777778 0.044481054365733116
0 0.245 0.32207578253706753 0.03222222222222222 0.04118616144975288
0 0.1388888888888889 0.700164744645799 0.035555555555555556 0.04612850082372323
0 0.1922222222222222 0.3649093904448105 0.03333333333333333 0.044481054365733116
0 0.45166666666666666 0.3228995057660626 0.034444444444444444 0.039538714991762765
0 0.7072222222222222 0.28171334431630973 0.03222222222222222 0.04612850082372323
0 0.45222222222222225 0.2800658978583196 0.03333333333333333 0.04942339373970346
0 0.45166666666666666 0.3657331136738056 0.034444444444444444 0.04942339373970346
0 0.8633333333333333 0.24217462932454695 0.03111111111111111 0.04612850082372323
0 0.7066666666666667 0.371499176276771 0.03333333333333333 0.047775947281713346
0 0.8111111111111111 0.2841845140032949 0.03333333333333333 0.044481054365733116
0 0.24444444444444444 0.3640856672158155 0.03333333333333333 0.042833607907743
0 0.34944444444444445 0.2372322899505766 0.03222222222222222 0.04612850082372323
0 0.8116666666666666 0.6153212520593081 0.03222222222222222 0.044481054365733116
0 0.7072222222222222 0.3261943986820428 0.03222222222222222 0.042833607907743
0 0.19277777777777777 0.2775947281713344 0.034444444444444444 0.044481054365733116
0 0.2961111111111111 0.27677100494233936 0.034444444444444444 0.04942339373970346
0 0.6583333333333333 0.3237232289950577 0.034444444444444444 0.047775947281713346
0 0.8122222222222222 0.3723228995057661 0.03111111111111111 0.042833607907743
0 0.19055555555555556 0.6120263591433278 0.034444444444444444 0.044481054365733116
0 0.40055555555555555 0.1927512355848435 0.034444444444444444 0.05271828665568369
0 0.7605555555555555 0.2833607907742998 0.034444444444444444 0.04612850082372323
0 0.19055555555555556 0.6565074135090609 0.034444444444444444 0.044481054365733116
0 0.39944444444444444 0.32207578253706753 0.03666666666666667 0.047775947281713346
0 0.24333333333333335 0.6120263591433278 0.035555555555555556 0.044481054365733116
0 0.5033333333333333 0.48846787479406917 0.04 0.04118616144975288
0 0.1922222222222222 0.3212520593080725 0.03333333333333333 0.042833607907743
0 0.5027777777777778 0.44481054365733114 0.04111111111111111 0.04612850082372323
0 0.1411111111111111 0.27677100494233936 0.035555555555555556 0.04612850082372323
0 0.245 0.2784184514003295 0.034444444444444444 0.04612850082372323
0 0.6072222222222222 0.23805601317957167 0.034444444444444444 0.047775947281713346
0 0.8111111111111111 0.32784184514003295 0.03333333333333333 0.042833607907743