0 0.14666666666666667 0.8067434210526315 0.03666666666666667 0.046052631578947366
0 0.14555555555555555 0.8486842105263158 0.035555555555555556 0.049342105263157895
0 0.5605555555555556 0.834703947368421 0.035555555555555556 0.05098684210526316
0 0.9216666666666666 0.2878289473684211 0.03666666666666667 0.047697368421052634
0 0.40555555555555556 0.7171052631578947 0.035555555555555556 0.04276315789473684
0 0.9222222222222223 0.3684210526315789 0.034444444444444444 0.044407894736842105
0 0.8716666666666667 0.11513157894736842 0.03777777777777778 0.05263157894736842
0 0.09666666666666666 0.43667763157894735 0.034444444444444444 0.046052631578947366
0 0.3527777777777778 0.8018092105263158 0.035555555555555556 0.046052631578947366
0 0.2538888888888889 0.2236842105263158 0.03666666666666667 0.044407894736842105
0 0.8688888888888889 0.5797697368421053 0.04 0.049342105263157895
0 0.6655555555555556 0.41776315789473684 0.03222222222222222 0.04276315789473684
0 0.25055555555555553 0.8478618421052632 0.03777777777777778 0.046052631578947366
0 0.14777777777777779 0.4753289473684211 0.035555555555555556 0.044407894736842105
0 0.7155555555555555 0.16529605263157895 0.03111111111111111 0.044407894736842105
0 0.46111111111111114 0.26151315789473684 0.034444444444444444 0.047697368421052634
0 0.8711111111111111 0.20641447368421054 0.03777777777777778 0.047697368421052634
0 0.8188888888888889 0.16447368421052633 0.035555555555555556 0.05263157894736842
0 0.7677777777777778 0.16282894736842105 0.035555555555555556 0.047697368421052634
0 0.7155555555555555 0.3379934210526316 0.03777777777777778 0.05263157894736842
0 0.2011111111111111 0.30838815789473684 0.03333333333333333 0.044407894736842105
0 0.4577777777777778 0.6307565789473685 0.035555555555555556 0.044407894736842105
0 0.7161111111111111 0.29523026315789475 0.03333333333333333 0.046052631578947366
0 0.5116666666666667 0.4194078947368421 0.042222222222222223 0.05098684210526316
0 0.5638888888888889 0.125 0.035555555555555556 0.05263157894736842
0 0.3038888888888889 0.553453947368421 0.035555555555555556 0.044407894736842105
0 0.0961111111111111 0.5995065789473685 0.03666666666666667 0.049342105263157895
0 0.14888888888888888 0.5567434210526315 0.03666666666666667 0.04276315789473684
0 0.46055555555555555 0.17269736842105263 0.034444444444444444 0.05098684210526316
0 0.8188888888888889 0.20559210526315788 0.035555555555555556 0.04276315789473684
0 0.7683333333333333 0.37335526315789475 0.03777777777777778 0.047697368421052634
0 0.14722222222222223 0.5978618421052632 0.034444444444444444 0.046052631578947366
0 0.25166666666666665 0.553453947368421 0.035555555555555556 0.04111842105263158
0 0.14888888888888888 0.3100328947368421 0.03333333333333333 0.046052631578947366
0 0.4583333333333333 0.5518092105263158 0.035555555555555556 0.044407894736842105
0 0.8188888888888889 0.49835526315789475 0.035555555555555556 0.047697368421052634
0 0.87 0.4128289473684211 0.03666666666666667 0.044407894736842105
0 0.0961111111111111 0.5197368421052632 0.03777777777777778 0.044407894736842105
0 0.4588888888888889 0.42598684210526316 0.03666666666666667 0.047697368421052634
0 0.24944444444444444 0.8898026315789473 0.03666666666666667 0.044407894736842105
0 0.8705555555555555 0.2894736842105263 0.03666666666666667 0.049342105263157895
0 0.45944444444444443 0.4662828947368421 0.03666666666666667 0.046052631578947366
0 0.35388888888888886 0.7598684210526315 0.034444444444444444 0.044407894736842105
0 0.3016666666666667 0.8445723684210527 0.035555555555555556 0.046052631578947366
0 0.1511111111111111 0.17927631578947367 0.03777777777777778 0.05098684210526316
0 0.665 0.21134868421052633 0.03333333333333333 0.046052631578947366
0 0.4588888888888889 0.5929276315789473 0.03666666666666667 0.044407894736842105
0 0.355 0.5904605263157895 0.034444444444444444 0.046052631578947366
0 0.6661111111111111 0.1669407894736842 0.034444444444444444 0.047697368421052634
0 0.09722222222222222 0.4786184210526316 0.03666666666666667 0.047697368421052634
0 0.14833333333333334 0.43585526315789475 0.03777777777777778 0.044407894736842105
0 0.4061111111111111 0.6768092105263158 0.035555555555555556 0.047697368421052634
0 0.5638888888888889 0.17105263157894737 0.03666666666666667 0.049342105263157895
0 0.46 0.34292763157894735 0.035555555555555556 0.046052631578947366
0 0.5638888888888889 0.29851973684210525 0.03333333333333333 0.044407894736842105
0 0.35388888888888886 0.8421052631578947 0.03777777777777778 0.047697368421052634
0 0.25055555555555553 0.8042763157894737 0.03777777777777778 0.05098684210526316
0 0.305 0.3050986842105263 0.034444444444444444 0.04111842105263158
0 0.4577777777777778 0.6726973684210527 0.03666666666666667 0.046052631578947366
0 0.5622222222222222 0.5863486842105263 0.03666666666666667 0.05098684210526316
0 0.30333333333333334 0.7179276315789473 0.03666666666666667 0.044407894736842105
0 0.40944444444444444 0.17269736842105263 0.034444444444444444 0.047697368421052634
0 0.3061111111111111 0.22203947368421054 0.034444444444444444 0.047697368421052634
0 0.19944444444444445 0.680921052631579 0.035555555555555556 0.046052631578947366
0 0.2511111111111111 0.47286184210526316 0.035555555555555556 0.047697368421052634
0 0.4583333333333333 0.5098684210526315 0.04 0.049342105263157895
0 0.7672222222222222 0.4152960526315789 0.03888888888888889 0.046052631578947366
0 0.6655555555555556 0.25411184210526316 0.03222222222222222 0.047697368421052634
0 0.35555555555555557 0.5501644736842105 0.034444444444444444 0.044407894736842105
0 0.665 0.37664473684210525 0.03333333333333333 0.047697368421052634
0 0.19944444444444445 0.5995065789473685 0.03666666666666667 0.044407894736842105
0 0.7672222222222222 0.25 0.03777777777777778 0.047697368421052634
0 0.30444444444444446 0.38898026315789475 0.035555555555555556 0.047697368421052634
0 0.20277777777777778 0.22615131578947367 0.03666666666666667 0.046052631578947366
0 0.6655555555555556 0.29605263157894735 0.03 0.04276315789473684
0 0.1988888888888889 0.5575657894736842 0.03666666666666667 0.046052631578947366
0 0.2 0.5164473684210527 0.03666666666666667 0.046052631578947366
0 0.09888888888888889 0.31167763157894735 0.035555555555555556 0.047697368421052634
0 0.2038888888888889 0.17927631578947367 0.03777777777777778 0.05756578947368421
0 0.8194444444444444 0.37417763157894735 0.035555555555555556 0.047697368421052634
0 0.35444444444444445 0.7171052631578947 0.035555555555555556 0.047697368421052634
0 0.46055555555555555 0.21792763157894737 0.03333333333333333 0.046052631578947366
0 0.4083333333333333 0.3840460526315789 0.035555555555555556 0.04276315789473684
0 0.35555555555555557 0.46957236842105265 0.03777777777777778 0.05098684210526316
0 0.3022222222222222 0.7606907894736842 0.035555555555555556 0.046052631578947366
0 0.19777777777777777 0.7631578947368421 0.035555555555555556 0.047697368421052634
0 0.35555555555555557 0.5106907894736842 0.03666666666666667 0.044407894736842105
0 0.2511111111111111 0.5148026315789473 0.03666666666666667 0.046052631578947366
0 0.25055555555555553 0.7615131578947368 0.03666666666666667 0.047697368421052634
0 0.3038888888888889 0.6776315789473685 0.035555555555555556 0.046052631578947366
0 0.14888888888888888 0.3503289473684211 0.034444444444444444 0.044407894736842105
0 0.5633333333333334 0.21463815789473684 0.034444444444444444 0.047697368421052634
0 0.715 0.2080592105263158 0.035555555555555556 0.049342105263157895
0 0.82 0.2911184210526316 0.034444444444444444 0.046052631578947366
0 0.25166666666666665 0.6792763157894737 0.035555555555555556 0.046052631578947366
0 0.2511111111111111 0.71875 0.03666666666666667 0.046052631578947366
0 0.355 0.6759868421052632 0.035555555555555556 0.044407894736842105
0 0.4583333333333333 0.3840460526315789 0.035555555555555556 0.046052631578947366
0 0.5633333333333334 0.2582236842105263 0.03666666666666667 0.046052631578947366
0 0.2511111111111111 0.6398026315789473 0.03777777777777778 0.046052631578947366
0 0.25277777777777777 0.26480263157894735 0.03777777777777778 0.046052631578947366
0 0.3572222222222222 0.22121710526315788 0.03666666666666667 0.046052631578947366
0 0.8194444444444444 0.33223684210526316 0.034444444444444444 0.046052631578947366
0 0.4066666666666667 0.509046052631579 0.03666666666666667 0.046052631578947366
0 0.25222222222222224 0.3059210526315789 0.035555555555555556 0.046052631578947366
0 0.35777777777777775 0.17516447368421054 0.03777777777777778 0.05263157894736842
0 0.3061111111111111 0.17598684210526316 0.03777777777777778 0.05098684210526316
0 0.30333333333333334 0.59375 0.035555555555555556 0.046052631578947366
0 0.3561111111111111 0.42680921052631576 0.035555555555555556 0.047697368421052634
0 0.15222222222222223 0.22697368421052633 0.03777777777777778 0.047697368421052634
0 0.665 0.3363486842105263 0.034444444444444444 0.046052631578947366
0 0.5633333333333334 0.33963815789473684 0.035555555555555556 0.047697368421052634
0 0.8188888888888889 0.24753289473684212 0.03666666666666667 0.047697368421052634
0 0.09722222222222222 0.39473684210526316 0.03333333333333333 0.046052631578947366
0 0.25166666666666665 0.43256578947368424 0.035555555555555556 0.046052631578947366
0 0.7683333333333333 0.29194078947368424 0.035555555555555556 0.046052631578947366
0 0.3572222222222222 0.3034539473684211 0.034444444444444444 0.046052631578947366
0 0.3572222222222222 0.2623355263157895 0.035555555555555556 0.046052631578947366
0 0.5627777777777778 0.3824013157894737 0.035555555555555556 0.047697368421052634
0 0.14944444444444444 0.3939144736842105 0.035555555555555556 0.049342105263157895
0 0.7677777777777778 0.20641447368421054 0.03777777777777778 0.049342105263157895
0 0.4072222222222222 0.5921052631578947 0.035555555555555556 0.046052631578947366
0 0.25166666666666665 0.3470394736842105 0.035555555555555556 0.046052631578947366
0 0.25277777777777777 0.390625 0.03666666666666667 0.047697368421052634
0 0.40944444444444444 0.21875 0.03666666666666667 0.05098684210526316
0 0.305 0.34539473684210525 0.035555555555555556 0.049342105263157895
0 0.255 0.17763157894736842 0.03777777777777778 0.054276315789473686
0 0.3572222222222222 0.38651315789473684 0.034444444444444444 0.047697368421052634
0 0.20055555555555554 0.3495065789473684 0.035555555555555556 0.047697368421052634
0 0.4088888888888889 0.34375 0.035555555555555556 0.047697368421052634
0 0.4077777777777778 0.3026315789473684 0.035555555555555556 0.047697368421052634
0 0.2511111111111111 0.5945723684210527 0.035555555555555556 0.05098684210526316
0 0.14833333333333334 0.515625 0.03777777777777778 0.046052631578947366
0 0.20055555555555554 0.39226973684210525 0.034444444444444444 0.047697368421052634
0 0.3566666666666667 0.34457236842105265 0.035555555555555556 0.046052631578947366
0 0.355 0.6348684210526315 0.03666666666666667 0.047697368421052634
0 0.30444444444444446 0.4309210526315789 0.034444444444444444 0.04276315789473684
0 0.9227777777777778 0.15625 0.03888888888888889 0.05592105263157895
0 0.6633333333333333 0.7088815789473685 0.035555555555555556 0.04276315789473684
0 0.14666666666666667 0.680921052631579 0.034444444444444444 0.047697368421052634
0 0.8705555555555555 0.453125 0.035555555555555556 0.046052631578947366
0 0.56 0.7935855263157895 0.035555555555555556 0.04111842105263158
0 0.2011111111111111 0.43256578947368424 0.034444444444444444 0.04276315789473684
0 0.9233333333333333 0.20476973684210525 0.03777777777777778 0.047697368421052634
0 0.30277777777777776 0.5131578947368421 0.035555555555555556 0.046052631578947366
0 0.09944444444444445 0.18174342105263158 0.03666666666666667 0.047697368421052634
0 0.095 0.8083881578947368 0.03777777777777778 0.046052631578947366
0 0.5227777777777778 0.7014802631578947 0.023333333333333334 0.03289473684210526
0 0.5127777777777778 0.14802631578947367 0.04555555555555556 0.04111842105263158
0 0.5127777777777778 0.24753289473684212 0.043333333333333335 0.03618421052631579
0 0.5138888888888888 0.11513157894736842 0.043333333333333335 0.03453947368421053
0 0.5133333333333333 0.3149671052631579 0.04111111111111111 0.03289473684210526
0 0.5133333333333333 0.17845394736842105 0.04777777777777778 0.03289473684210526
0 0.5105555555555555 0.4564144736842105 0.03888888888888889 0.024671052631578948
0 0.5622222222222222 0.5444078947368421 0.035555555555555556 0.03618421052631579
0 0.5211111111111111 0.7228618421052632 0.02666666666666667 0.009868421052631578
0 0.20166666666666666 0.26726973684210525 0.03333333333333333 0.046052631578947366
0 0.5616666666666666 0.6299342105263158 0.03666666666666667 0.04276315789473684
0 0.3038888888888889 0.6348684210526315 0.03 0.04111842105263158
0 0.095 0.850328947368421 0.034444444444444444 0.047697368421052634
0 0.09555555555555556 0.8939144736842105 0.035555555555555556 0.049342105263157895
0 0.5605555555555556 0.7113486842105263 0.034444444444444444 0.044407894736842105
0 0.19666666666666666 0.8067434210526315 0.03666666666666667 0.044407894736842105
0 0.09666666666666666 0.7228618421052632 0.034444444444444444 0.046052631578947366
0 0.3061111111111111 0.265625 0.035555555555555556 0.047697368421052634
0 0.405 0.7574013157894737 0.034444444444444444 0.046052631578947366
0 0.6638888888888889 0.6266447368421053 0.034444444444444444 0.044407894736842105
0 0.7166666666666667 0.11924342105263158 0.034444444444444444 0.05263157894736842
0 0.5138888888888888 0.34539473684210525 0.042222222222222223 0.03782894736842105
0 0.6622222222222223 0.875 0.03333333333333333 0.046052631578947366
0 0.9222222222222223 0.24588815789473684 0.03666666666666667 0.044407894736842105
0 0.09666666666666666 0.6842105263157895 0.03666666666666667 0.044407894736842105
0 0.0961111111111111 0.6430921052631579 0.035555555555555556 0.047697368421052634
0 0.09833333333333333 0.2689144736842105 0.03777777777777778 0.044407894736842105
0 0.4088888888888889 0.2623355263157895 0.034444444444444444 0.04276315789473684
0 0.09555555555555556 0.7664473684210527 0.04 0.047697368421052634
0 0.14555555555555555 0.8939144736842105 0.035555555555555556 0.047697368421052634
0 0.8711111111111111 0.49506578947368424 0.035555555555555556 0.047697368421052634
0 0.665 0.4597039473684211 0.03666666666666667 0.046052631578947366
0 0.4066666666666667 0.5501644736842105 0.035555555555555556 0.046052631578947366
0 0.4077777777777778 0.42269736842105265 0.03666666666666667 0.04111842105263158
0 0.6633333333333333 0.5411184210526315 0.03666666666666667 0.047697368421052634
0 0.09888888888888889 0.3511513157894737 0.03333333333333333 0.044407894736842105
0 0.19777777777777777 0.890625 0.04 0.047697368421052634
0 0.4066666666666667 0.6348684210526315 0.035555555555555556 0.049342105263157895
0 0.5144444444444445 0.28125 0.043333333333333335 0.044407894736842105
0 0.82 0.41776315789473684 0.034444444444444444 0.046052631578947366
0 0.87 0.5353618421052632 0.03666666666666667 0.046052631578947366
0 0.45666666666666667 0.756578947368421 0.035555555555555556 0.046052631578947366
0 0.7161111111111111 0.2524671052631579 0.035555555555555556 0.049342105263157895
0 0.665 0.5008223684210527 0.034444444444444444 0.046052631578947366
0 0.14722222222222223 0.6398026315789473 0.035555555555555556 0.047697368421052634
0 0.6633333333333333 0.6677631578947368 0.03666666666666667 0.047697368421052634
0 0.6627777777777778 0.75 0.03666666666666667 0.046052631578947366
0 0.46111111111111114 0.30098684210526316 0.03222222222222222 0.039473684210526314
0 0.6633333333333333 0.5863486842105263 0.03777777777777778 0.049342105263157895
0 0.8705555555555555 0.3717105263157895 0.035555555555555556 0.047697368421052634
0 0.3011111111111111 0.8873355263157895 0.03777777777777778 0.049342105263157895
0 0.45611111111111113 0.8807565789473685 0.04111111111111111 0.05098684210526316
0 0.5622222222222222 0.42351973684210525 0.035555555555555556 0.047697368421052634
0 0.405 0.8412828947368421 0.035555555555555556 0.049342105263157895
0 0.5627777777777778 0.5074013157894737 0.03666666666666667 0.044407894736842105
0 0.9216666666666666 0.4095394736842105 0.035555555555555556 0.047697368421052634
0 0.9211111111111111 0.45230263157894735 0.03777777777777778 0.05098684210526316
0 0.19944444444444445 0.47368421052631576 0.03666666666666667 0.049342105263157895
0 0.1988888888888889 0.7220394736842105 0.034444444444444444 0.046052631578947366
0 0.6661111111111111 0.12006578947368421 0.03333333333333333 0.049342105263157895
0 0.4072222222222222 0.46463815789473684 0.03666666666666667 0.05263157894736842
0 0.45666666666666667 0.7146381578947368 0.035555555555555556 0.047697368421052634
0 0.7683333333333333 0.11595394736842106 0.03333333333333333 0.049342105263157895
0 0.19944444444444445 0.640625 0.034444444444444444 0.044407894736842105
0 0.5127777777777778 0.2138157894736842 0.044444444444444446 0.044407894736842105
0 0.40555555555555556 0.8832236842105263 0.03777777777777778 0.044407894736842105
0 0.6627777777777778 0.7911184210526315 0.03666666666666667 0.046052631578947366
0 0.6144444444444445 0.2574013157894737 0.034444444444444444 0.05263157894736842
0 0.14666666666666667 0.7648026315789473 0.035555555555555556 0.047697368421052634
0 0.15166666666666667 0.26973684210526316 0.035555555555555556 0.04111842105263158
0 0.8711111111111111 0.16200657894736842 0.03777777777777778 0.047697368421052634
0 0.5622222222222222 0.4662828947368421 0.035555555555555556 0.047697368421052634
0 0.3527777777777778 0.8848684210526315 0.03666666666666667 0.047697368421052634
0 0.7677777777777778 0.33305921052631576 0.035555555555555556 0.04276315789473684
0 0.0961111111111111 0.5583881578947368 0.035555555555555556 0.04276315789473684
0 0.5605555555555556 0.7532894736842105 0.03666666666666667 0.046052631578947366
0 0.87 0.24835526315789475 0.03666666666666667 0.04276315789473684
0 0.14777777777777779 0.7228618421052632 0.03666666666666667 0.046052631578947366
0 0.6622222222222223 0.8330592105263158 0.03666666666666667 0.044407894736842105
0 0.3016666666666667 0.8026315789473685 0.035555555555555556 0.047697368421052634
0 0.3038888888888889 0.47286184210526316 0.034444444444444444 0.047697368421052634
0 0.8205555555555556 0.11677631578947369 0.035555555555555556 0.05263157894736842
0 0.1 0.22615131578947367 0.03777777777777778 0.047697368421052634
0 0.46166666666666667 0.12664473684210525 0.035555555555555556 0.047697368421052634
0 0.405 0.796875 0.03777777777777778 0.049342105263157895
0 0.9222222222222223 0.32894736842105265 0.035555555555555556 0.044407894736842105
0 0.19722222222222222 0.8486842105263158 0.03666666666666667 0.049342105263157895
0 0.82 0.4555921052631579 0.034444444444444444 0.046052631578947366
0 0.45666666666666667 0.837171052631579 0.03666666666666667 0.046052631578947366
0 0.5611111111111111 0.6702302631578947 0.03222222222222222 0.046052631578947366
0 0.87 0.3314144736842105 0.03333333333333333 0.04276315789473684
0 0.45666666666666667 0.7960526315789473 0.035555555555555556 0.046052631578947366