0 0.295 0.3379934210526316 0.034444444444444444 0.04111842105263158
0 0.5538888888888889 0.71875 0.034444444444444444 0.04276315789473684
0 0.6183333333333333 0.42598684210526316 0.01888888888888889 0.03289473684210526
0 0.7711111111111111 0.4243421052631579 0.024444444444444446 0.03618421052631579
0 0.4638888888888889 0.7154605263157895 0.025555555555555557 0.03618421052631579
0 0.4633333333333333 0.928453947368421 0.022222222222222223 0.03453947368421053
0 0.1 0.8791118421052632 0.022222222222222223 0.03453947368421053
0 0.43833333333333335 0.8404605263157895 0.023333333333333334 0.03618421052631579
0 0.09888888888888889 0.9235197368421053 0.024444444444444446 0.03453947368421053
0 0.7744444444444445 0.5476973684210527 0.024444444444444446 0.03618421052631579
0 0.07555555555555556 0.9243421052631579 0.024444444444444446 0.03618421052631579
0 0.43777777777777777 0.881578947368421 0.024444444444444446 0.03618421052631579
0 0.4622222222222222 0.8404605263157895 0.024444444444444446 0.039473684210526314
0 0.5044444444444445 0.15789473684210525 0.044444444444444446 0.03289473684210526
0 0.46444444444444444 0.7985197368421053 0.024444444444444446 0.03453947368421053
0 0.2961111111111111 0.296875 0.03222222222222222 0.04111842105263158
0 0.5038888888888889 0.22039473684210525 0.04555555555555556 0.02631578947368421
0 0.4633333333333333 0.7549342105263158 0.022222222222222223 0.03618421052631579
0 0.4633333333333333 0.8832236842105263 0.022222222222222223 0.03618421052631579
0 0.7744444444444445 0.46875 0.024444444444444446 0.03618421052631579
0 0.2038888888888889 0.46463815789473684 0.023333333333333334 0.04111842105263158
0 0.5122222222222222 0.7598684210526315 0.024444444444444446 0.029605263157894735
0 0.6183333333333333 0.5518092105263158 0.025555555555555557 0.03453947368421053
0 0.8633333333333333 0.25493421052631576 0.035555555555555556 0.046052631578947366
0 0.5538888888888889 0.33963815789473684 0.034444444444444444 0.04111842105263158
0 0.5033333333333333 0.5041118421052632 0.03777777777777778 0.044407894736842105
0 0.19111111111111112 0.6299342105263158 0.035555555555555556 0.049342105263157895
0 0.5527777777777778 0.29523026315789475 0.034444444444444444 0.047697368421052634
0 0.45222222222222225 0.2944078947368421 0.035555555555555556 0.046052631578947366
0 0.2411111111111111 0.7146381578947368 0.035555555555555556 0.047697368421052634
0 0.6572222222222223 0.25493421052631576 0.034444444444444444 0.046052631578947366
0 0.8111111111111111 0.29605263157894735 0.03111111111111111 0.04276315789473684
0 0.9166666666666666 0.20888157894736842 0.035555555555555556 0.049342105263157895
0 0.7077777777777777 0.21134868421052633 0.035555555555555556 0.054276315789473686
0 0.5538888888888889 0.3824013157894737 0.034444444444444444 0.047697368421052634
0 0.1388888888888889 0.6282894736842105 0.03333333333333333 0.046052631578947366
0 0.5027777777777778 0.4597039473684211 0.03888888888888889 0.044407894736842105
0 0.24333333333333335 0.29769736842105265 0.035555555555555556 0.046052631578947366
0 0.45166666666666666 0.33963815789473684 0.034444444444444444 0.044407894736842105
0 0.8116666666666666 0.3404605263157895 0.034444444444444444 0.04276315789473684
0 0.2961111111111111 0.2532894736842105 0.034444444444444444 0.049342105263157895
0 0.45166666666666666 0.3824013157894737 0.034444444444444444 0.04111842105263158
0 0.19 0.7162828947368421 0.035555555555555556 0.044407894736842105
0 0.5038888888888889 0.2524671052631579 0.043333333333333335 0.03782894736842105
0 0.6055555555555555 0.296875 0.03333333333333333 0.047697368421052634
0 0.14 0.3832236842105263 0.03333333333333333 0.04276315789473684
0 0.19166666666666668 0.3412828947368421 0.034444444444444444 0.03782894736842105
0 0.39944444444444444 0.6282894736842105 0.034444444444444444 0.049342105263157895
0 0.19055555555555556 0.6735197368421053 0.034444444444444444 0.03782894736842105
0 0.7605555555555555 0.3824013157894737 0.03888888888888889 0.04111842105263158
0 0.2427777777777778 0.3404605263157895 0.03666666666666667 0.04276315789473684
0 0.7066666666666667 0.2582236842105263 0.03333333333333333 0.03618421052631579
0 0.08722222222222223 0.3848684210526316 0.03666666666666667 0.049342105263157895
0 0.3983333333333333 0.6743421052631579 0.03222222222222222 0.039473684210526314
0 0.08777777777777777 0.6291118421052632 0.035555555555555556 0.044407894736842105
0 0.7072222222222222 0.29851973684210525 0.034444444444444444 0.047697368421052634
0 0.13777777777777778 0.6735197368421053 0.035555555555555556 0.044407894736842105
0 0.9166666666666666 0.2565789473684211 0.03333333333333333 0.039473684210526314
0 0.6061111111111112 0.3832236842105263 0.034444444444444444 0.04276315789473684
0 0.19055555555555556 0.3815789473684211 0.03666666666666667 0.04276315789473684
0 0.5938888888888889 0.4251644736842105 0.021111111111111112 0.03453947368421053
0 0.76 0.34210526315789475 0.035555555555555556 0.039473684210526314
0 0.34833333333333333 0.20888157894736842 0.034444444444444444 0.05263157894736842
0 0.13833333333333334 0.7162828947368421 0.034444444444444444 0.044407894736842105
0 0.2427777777777778 0.6307565789473685 0.034444444444444444 0.047697368421052634
0 0.3472222222222222 0.2993421052631579 0.034444444444444444 0.046052631578947366
0 0.8116666666666666 0.3815789473684211 0.03666666666666667 0.039473684210526314
0 0.9161111111111111 0.29851973684210525 0.03666666666666667 0.044407894736842105
0 0.08722222222222223 0.6743421052631579 0.03666666666666667 0.046052631578947366
0 0.14 0.29769736842105265 0.03333333333333333 0.046052631578947366
0 0.08666666666666667 0.7162828947368421 0.03777777777777778 0.04111842105263158
0 0.6055555555555555 0.6726973684210527 0.035555555555555556 0.046052631578947366
0 0.7594444444444445 0.29769736842105265 0.03222222222222222 0.049342105263157895
0 0.5055555555555555 0.3207236842105263 0.04 0.039473684210526314
0 0.19166666666666668 0.296875 0.034444444444444444 0.05098684210526316
0 0.6066666666666667 0.6299342105263158 0.03333333333333333 0.04276315789473684
0 0.3988888888888889 0.7171052631578947 0.03333333333333333 0.046052631578947366
0 0.08833333333333333 0.3404605263157895 0.034444444444444444 0.04276315789473684
0 0.41333333333333333 0.29523026315789475 0.022222222222222223 0.04111842105263158
0 0.44 0.46463815789473684 0.022222222222222223 0.03782894736842105
0 0.3477777777777778 0.2574013157894737 0.03111111111111111 0.04111842105263158
0 0.5538888888888889 0.6291118421052632 0.034444444444444444 0.044407894736842105
0 0.5033333333333333 0.546875 0.028888888888888888 0.04111842105263158
0 0.5938888888888889 0.4629934210526316 0.021111111111111112 0.03453947368421053
0 0.24222222222222223 0.3832236842105263 0.035555555555555556 0.04276315789473684
0 0.4633333333333333 0.42598684210526316 0.02 0.03618421052631579
0 0.6055555555555555 0.3412828947368421 0.03333333333333333 0.04111842105263158
0 0.1388888888888889 0.3404605263157895 0.03333333333333333 0.04276315789473684
0 0.8633333333333333 0.33963815789473684 0.03111111111111111 0.03782894736842105
0 0.6572222222222223 0.3412828947368421 0.03222222222222222 0.04111842105263158
0 0.6183333333333333 0.4662828947368421 0.021111111111111112 0.03782894736842105
0 0.43944444444444447 0.4251644736842105 0.021111111111111112 0.03453947368421053
0 0.46444444444444444 0.5074013157894737 0.022222222222222223 0.03782894736842105
0 0.8122222222222222 0.7195723684210527 0.035555555555555556 0.044407894736842105
0 0.5533333333333333 0.6759868421052632 0.035555555555555556 0.046052631578947366
0 0.4638888888888889 0.5888157894736842 0.023333333333333334 0.039473684210526314
0 0.075 0.8379934210526315 0.025555555555555557 0.03782894736842105
0 0.6055555555555555 0.7179276315789473 0.035555555555555556 0.044407894736842105
0 0.5044444444444445 0.3881578947368421 0.042222222222222223 0.03289473684210526
0 0.6572222222222223 0.3001644736842105 0.03222222222222222 0.04111842105263158
0 0.8133333333333334 0.6307565789473685 0.03111111111111111 0.044407894736842105
0 0.09944444444444445 0.756578947368421 0.021111111111111112 0.03618421052631579
0 0.18 0.5082236842105263 0.024444444444444446 0.03618421052631579
0 0.43777777777777777 0.6710526315789473 0.024444444444444446 0.03618421052631579
0 0.4388888888888889 0.5863486842105263 0.022222222222222223 0.03782894736842105
0 0.44055555555555553 0.506578947368421 0.021111111111111112 0.03289473684210526
0 0.1 0.7993421052631579 0.024444444444444446 0.03618421052631579
0 0.18 0.4251644736842105 0.024444444444444446 0.03782894736842105
0 0.4633333333333333 0.4654605263157895 0.022222222222222223 0.03618421052631579
0 0.43833333333333335 0.7129934210526315 0.023333333333333334 0.03782894736842105
0 0.5038888888888889 0.2886513157894737 0.04111111111111111 0.03125
0 0.15055555555555555 0.8001644736842105 0.025555555555555557 0.03782894736842105
0 0.20444444444444446 0.4243421052631579 0.022222222222222223 0.03289473684210526
0 0.4388888888888889 0.6299342105263158 0.024444444444444446 0.03618421052631579
0 0.4633333333333333 0.6291118421052632 0.022222222222222223 0.03782894736842105
0 0.43777777777777777 0.7976973684210527 0.024444444444444446 0.03618421052631579
0 0.08833333333333333 0.29769736842105265 0.03222222222222222 0.04276315789473684
0 0.17888888888888888 0.4654605263157895 0.024444444444444446 0.039473684210526314
0 0.07333333333333333 0.7985197368421053 0.022222222222222223 0.03782894736842105
0 0.07444444444444444 0.8791118421052632 0.024444444444444446 0.03782894736842105
0 0.43944444444444447 0.7549342105263158 0.023333333333333334 0.039473684210526314
0 0.5033333333333333 0.18832236842105263 0.042222222222222223 0.03782894736842105
0 0.07444444444444444 0.7557565789473685 0.022222222222222223 0.03453947368421053
0 0.4388888888888889 0.5452302631578947 0.022222222222222223 0.04111842105263158
0 0.17944444444444443 0.5493421052631579 0.023333333333333334 0.03618421052631579
0 0.5038888888888889 0.35526315789473684 0.04111111111111111 0.03289473684210526
0 0.3883333333333333 0.29523026315789475 0.023333333333333334 0.03782894736842105
0 0.8644444444444445 0.2993421052631579 0.03111111111111111 0.04276315789473684
0 0.4633333333333333 0.671875 0.024444444444444446 0.03782894736842105
0 0.46444444444444444 0.5493421052631579 0.022222222222222223 0.03618421052631579
0 0.8127777777777778 0.6743421052631579 0.034444444444444444 0.046052631578947366
0 0.1511111111111111 0.7582236842105263 0.022222222222222223 0.03289473684210526
0 0.43833333333333335 0.9259868421052632 0.023333333333333334 0.03618421052631579