0 0.17222222222222222 0.9425287356321839 0.04 0.052545155993431854
0 0.49444444444444446 0.47619047619047616 0.042222222222222223 0.047619047619047616
0 0.5261111111111111 0.25862068965517243 0.04 0.05090311986863711
0 0.5222222222222223 0.21839080459770116 0.042222222222222223 0.05090311986863711
0 0.20222222222222222 0.7249589490968801 0.03888888888888889 0.052545155993431854
0 0.24166666666666667 0.5878489326765188 0.042222222222222223 0.052545155993431854
0 0.5144444444444445 0.12807881773399016 0.04111111111111111 0.05582922824302135
0 0.25722222222222224 0.7528735632183908 0.04111111111111111 0.052545155993431854
0 0.5183333333333333 0.17651888341543515 0.042222222222222223 0.054187192118226604
0 0.22944444444444445 0.4638752052545156 0.04111111111111111 0.054187192118226604
0 0.8461111111111111 0.34318555008210183 0.04 0.05090311986863711
0 0.2611111111111111 0.7931034482758621 0.04111111111111111 0.052545155993431854
0 0.21888888888888888 0.34072249589490966 0.04111111111111111 0.05582922824302135
0 0.18777777777777777 0.5607553366174056 0.04111111111111111 0.052545155993431854
0 0.43444444444444447 0.41050903119868637 0.042222222222222223 0.05582922824302135
0 0.5294444444444445 0.3013136288998358 0.04111111111111111 0.054187192118226604
0 0.3472222222222222 0.6018062397372742 0.04111111111111111 0.05090311986863711
0 0.6377777777777778 0.3563218390804598 0.04111111111111111 0.05090311986863711
0 0.5688888888888889 0.16174055829228243 0.04 0.05747126436781609
0 0.1511111111111111 0.7372742200328407 0.03777777777777778 0.05090311986863711
0 0.14333333333333334 0.6568144499178982 0.04 0.054187192118226604
0 0.16833333333333333 0.90311986863711 0.04 0.052545155993431854
0 0.6338888888888888 0.3160919540229885 0.04111111111111111 0.05090311986863711
0 0.7872222222222223 0.27586206896551724 0.04111111111111111 0.052545155993431854
0 0.6666666666666666 0.6436781609195402 0.04111111111111111 0.054187192118226604
0 0.6622222222222223 0.6001642036124795 0.04111111111111111 0.054187192118226604
0 0.6177777777777778 0.1469622331691297 0.042222222222222223 0.05582922824302135
0 0.3244444444444444 0.35467980295566504 0.04 0.052545155993431854
0 0.15944444444444444 0.8201970443349754 0.04111111111111111 0.052545155993431854
0 0.5411111111111111 0.4211822660098522 0.042222222222222223 0.05582922824302135
0 0.17055555555555554 0.3973727422003284 0.04111111111111111 0.05090311986863711
0 0.33166666666666667 0.43924466338259444 0.04111111111111111 0.05582922824302135
0 0.5338888888888889 0.3415435139573071 0.035555555555555556 0.047619047619047616
0 0.17444444444444446 0.43842364532019706 0.04 0.054187192118226604
0 0.2111111111111111 0.8070607553366174 0.04 0.054187192118226604
0 0.3211111111111111 0.8579638752052545 0.04 0.052545155993431854
0 0.24555555555555555 0.6288998357963875 0.03777777777777778 0.04926108374384237
0 0.8411111111111111 0.30295566502463056 0.04 0.052545155993431854
0 0.26944444444444443 0.8735632183908046 0.04111111111111111 0.052545155993431854
0 0.11555555555555555 0.3694581280788177 0.04 0.05747126436781609
0 0.7177777777777777 0.07635467980295567 0.042222222222222223 0.05747126436781609
0 0.31666666666666665 0.8169129720853858 0.04 0.05090311986863711
0 0.17888888888888888 0.48111658456486045 0.03777777777777778 0.04926108374384237
0 0.5455555555555556 0.46469622331691296 0.04111111111111111 0.052545155993431854
0 0.25277777777777777 0.7093596059113301 0.03888888888888889 0.052545155993431854
0 0.6222222222222222 0.19129720853858784 0.042222222222222223 0.05747126436781609
0 0.63 0.27504105090311987 0.042222222222222223 0.05090311986863711
0 0.355 0.6814449917898193 0.04111111111111111 0.052545155993431854
0 0.415 0.20032840722495895 0.04111111111111111 0.054187192118226604
0 0.21444444444444444 0.8489326765188834 0.04 0.04926108374384237
0 0.34444444444444444 0.5599343185550082 0.04111111111111111 0.052545155993431854
0 0.22111111111111112 0.3842364532019704 0.03777777777777778 0.04926108374384237
0 0.18333333333333332 0.5205254515599343 0.03888888888888889 0.04926108374384237
0 0.5761111111111111 0.2471264367816092 0.03888888888888889 0.04926108374384237
0 0.7961111111111111 0.3587848932676519 0.04111111111111111 0.054187192118226604
0 0.7055555555555556 0.5049261083743842 0.042222222222222223 0.052545155993431854
0 0.78 0.19540229885057472 0.04111111111111111 0.05090311986863711
0 0.7927777777777778 0.3169129720853859 0.042222222222222223 0.05090311986863711
0 0.19111111111111112 0.6009852216748769 0.03777777777777778 0.047619047619047616
0 0.3988888888888889 0.5862068965517241 0.03888888888888889 0.04926108374384237
0 0.7366666666666667 0.29310344827586204 0.04111111111111111 0.05582922824302135
0 0.6855555555555556 0.3021346469622332 0.04111111111111111 0.054187192118226604
0 0.8694444444444445 0.0361247947454844 0.04 0.054187192118226604
0 0.41888888888888887 0.2471264367816092 0.04 0.05582922824302135
0 0.1938888888888889 0.6403940886699507 0.03888888888888889 0.05090311986863711
0 0.48277777777777775 0.36042692939244664 0.04888888888888889 0.04597701149425287
0 0.48055555555555557 0.3284072249589491 0.04666666666666667 0.03776683087027915
0 0.34 0.5188834154351396 0.04 0.05090311986863711
0 0.3055555555555556 0.6986863711001642 0.03777777777777778 0.05090311986863711
0 0.7205555555555555 0.12233169129720854 0.03888888888888889 0.052545155993431854
0 0.8222222222222222 0.09523809523809523 0.04 0.052545155993431854
0 0.37277777777777776 0.3021346469622332 0.04111111111111111 0.052545155993431854
0 0.5883333333333334 0.3702791461412151 0.03888888888888889 0.05090311986863711
0 0.6972222222222222 0.42282430213464695 0.04111111111111111 0.052545155993431854
0 0.26555555555555554 0.8325123152709359 0.03666666666666667 0.047619047619047616
0 0.16666666666666666 0.35385878489326766 0.04111111111111111 0.05747126436781609
0 0.3877777777777778 0.4671592775041051 0.03888888888888889 0.04926108374384237
0 0.9016666666666666 0.37110016420361247 0.04111111111111111 0.052545155993431854
0 0.8333333333333334 0.22085385878489328 0.04 0.052545155993431854
0 0.8622222222222222 0.5049261083743842 0.043333333333333335 0.05582922824302135
0 0.775 0.1535303776683087 0.04111111111111111 0.054187192118226604
0 0.6766666666666666 0.7660098522167488 0.04111111111111111 0.05582922824302135
0 0.8177777777777778 0.05008210180623974 0.042222222222222223 0.05747126436781609
0 0.6888888888888889 0.34564860426929395 0.042222222222222223 0.052545155993431854
0 0.1638888888888889 0.861247947454844 0.04111111111111111 0.05090311986863711
0 0.19777777777777777 0.6814449917898193 0.03888888888888889 0.04926108374384237
0 0.2777777777777778 0.409688013136289 0.042222222222222223 0.054187192118226604
0 0.7194444444444444 0.6699507389162561 0.04111111111111111 0.054187192118226604
0 0.20666666666666667 0.7651888341543513 0.03666666666666667 0.04597701149425287
0 0.6733333333333333 0.180623973727422 0.04 0.052545155993431854
0 0.38 0.3850574712643678 0.04111111111111111 0.052545155993431854
0 0.42944444444444446 0.367816091954023 0.04 0.05090311986863711
0 0.28944444444444445 0.5336617405582923 0.03888888888888889 0.04926108374384237
0 0.13555555555555557 0.5755336617405583 0.04 0.05090311986863711
0 0.23444444444444446 0.506568144499179 0.03888888888888889 0.05090311986863711
0 0.36444444444444446 0.764367816091954 0.04 0.05090311986863711
0 0.7327777777777778 0.24630541871921183 0.044444444444444446 0.054187192118226604
0 0.8811111111111111 0.1683087027914614 0.04 0.052545155993431854
0 0.6694444444444444 0.13464696223316913 0.044444444444444446 0.05747126436781609
0 0.06444444444444444 0.3817733990147783 0.04111111111111111 0.052545155993431854
0 0.6494444444444445 0.47783251231527096 0.04 0.054187192118226604
0 0.8961111111111111 0.33004926108374383 0.04 0.05090311986863711
0 0.6772222222222222 0.22085385878489328 0.035555555555555556 0.047619047619047616
0 0.36833333333333335 0.8054187192118226 0.04111111111111111 0.052545155993431854
0 0.5722222222222222 0.7495894909688013 0.04 0.052545155993431854
0 0.6422222222222222 0.3981937602627258 0.04 0.054187192118226604
0 0.8766666666666667 0.12233169129720854 0.04 0.05582922824302135
0 0.6538888888888889 0.5188834154351396 0.04 0.05090311986863711
0 0.3844444444444444 0.42610837438423643 0.04 0.05090311986863711
0 0.3016666666666667 0.6551724137931034 0.04111111111111111 0.054187192118226604
0 0.3188888888888889 0.3111658456486043 0.04 0.05582922824302135
0 0.7133333333333334 0.5853858784893268 0.04 0.054187192118226604
0 0.4261111111111111 0.3275862068965517 0.03222222222222222 0.047619047619047616
0 0.33611111111111114 0.4802955665024631 0.03666666666666667 0.04597701149425287
0 0.4311111111111111 0.9129720853858785 0.043333333333333335 0.05582922824302135
0 0.35944444444444446 0.7233169129720853 0.04 0.05090311986863711
0 0.31 0.7389162561576355 0.03666666666666667 0.047619047619047616
0 0.5383333333333333 0.3793103448275862 0.035555555555555556 0.04597701149425287
0 0.08888888888888889 0.6313628899835796 0.04111111111111111 0.05090311986863711
0 0.4888888888888889 0.4302134646962233 0.04777777777777778 0.05747126436781609
0 0.13944444444444445 0.6149425287356322 0.03888888888888889 0.04926108374384237
0 0.4066666666666667 0.6683087027914614 0.03666666666666667 0.05090311986863711
0 0.7283333333333334 0.20361247947454844 0.042222222222222223 0.052545155993431854
0 0.8583333333333333 0.4630541871921182 0.042222222222222223 0.05090311986863711
0 0.2783333333333333 0.9556650246305419 0.04111111111111111 0.052545155993431854
0 0.7711111111111111 0.10755336617405582 0.04 0.059113300492610835
0 0.3688888888888889 0.25862068965517243 0.04111111111111111 0.052545155993431854
0 0.31333333333333335 0.7758620689655172 0.034444444444444444 0.04597701149425287
0 0.685 0.8513957307060755 0.04111111111111111 0.05747126436781609
0 0.36 0.17077175697865354 0.04 0.05582922824302135
0 0.6655555555555556 0.08866995073891626 0.043333333333333335 0.054187192118226604
0 0.14722222222222223 0.6962233169129721 0.03777777777777778 0.04926108374384237
0 0.5483333333333333 0.506568144499179 0.04111111111111111 0.054187192118226604
0 0.22555555555555556 0.4236453201970443 0.034444444444444444 0.04597701149425287
0 0.13166666666666665 0.535303776683087 0.03888888888888889 0.04926108374384237
0 0.8261111111111111 0.13957307060755336 0.04 0.05582922824302135
0 0.395 0.5467980295566502 0.03666666666666667 0.05090311986863711
0 0.8494444444444444 0.3825944170771757 0.04 0.05090311986863711
0 0.38055555555555554 0.9293924466338259 0.042222222222222223 0.054187192118226604
0 0.6277777777777778 0.23563218390804597 0.04111111111111111 0.05090311986863711
0 0.22722222222222221 0.9663382594417077 0.043333333333333335 0.052545155993431854
0 0.5522222222222222 0.5459770114942529 0.04 0.04926108374384237
0 0.5727777777777778 0.20689655172413793 0.03888888888888889 0.04926108374384237
0 0.21833333333333332 0.8883415435139573 0.03666666666666667 0.047619047619047616
0 0.1272222222222222 0.49261083743842365 0.04 0.054187192118226604
0 0.8372222222222222 0.2627257799671593 0.04 0.052545155993431854
0 0.275 0.36535303776683087 0.042222222222222223 0.05090311986863711
0 0.7294444444444445 0.7504105090311987 0.04 0.052545155993431854
0 0.8922222222222222 0.2881773399014778 0.04 0.05090311986863711
0 0.6733333333333333 0.7208538587848933 0.04 0.05090311986863711
0 0.4027777777777778 0.6264367816091954 0.03888888888888889 0.04926108374384237
0 0.42277777777777775 0.28981937602627256 0.034444444444444444 0.04597701149425287
0 0.3761111111111111 0.8866995073891626 0.04111111111111111 0.052545155993431854
0 0.5561111111111111 0.5870279146141215 0.04111111111111111 0.054187192118226604
0 0.32944444444444443 0.9433497536945813 0.04111111111111111 0.054187192118226604
0 0.8661111111111112 0.5476190476190477 0.04111111111111111 0.052545155993431854
0 0.29777777777777775 0.6133004926108374 0.04111111111111111 0.05090311986863711
0 0.6583333333333333 0.5574712643678161 0.04 0.04926108374384237
0 0.41388888888888886 0.7487684729064039 0.03888888888888889 0.04926108374384237
0 0.7244444444444444 0.7101806239737274 0.03666666666666667 0.047619047619047616
0 0.2738888888888889 0.9154351395730707 0.03888888888888889 0.04926108374384237
0 0.5838888888888889 0.33004926108374383 0.035555555555555556 0.04433497536945813
0 0.28555555555555556 0.4942528735632184 0.04 0.05090311986863711
0 0.2816666666666667 0.45073891625615764 0.04 0.052545155993431854
0 0.07777777777777778 0.5057471264367817 0.04111111111111111 0.05090311986863711
0 0.3277777777777778 0.3973727422003284 0.04111111111111111 0.052545155993431854
0 0.7011111111111111 0.46469622331691296 0.04111111111111111 0.052545155993431854
0 0.12 0.4121510673234811 0.04 0.05090311986863711
0 0.5588888888888889 0.6264367816091954 0.03888888888888889 0.04926108374384237
0 0.8533333333333334 0.42282430213464695 0.042222222222222223 0.05090311986863711
0 0.1238888888888889 0.45320197044334976 0.03777777777777778 0.04926108374384237
0 0.83 0.17980295566502463 0.03666666666666667 0.047619047619047616
0 0.6461111111111111 0.43924466338259444 0.03777777777777778 0.047619047619047616
0 0.5633333333333334 0.6674876847290641 0.04111111111111111 0.052545155993431854
0 0.8888888888888888 0.2471264367816092 0.04111111111111111 0.052545155993431854
0 0.39111111111111113 0.5041050903119869 0.034444444444444444 0.047619047619047616
0 0.7833333333333333 0.23563218390804597 0.042222222222222223 0.052545155993431854
0 0.24888888888888888 0.6683087027914614 0.034444444444444444 0.047619047619047616
0 0.29388888888888887 0.5722495894909688 0.03888888888888889 0.04926108374384237
0 0.0811111111111111 0.5476190476190477 0.04 0.052545155993431854
0 0.5755555555555556 0.7922824302134647 0.03888888888888889 0.04926108374384237
0 0.7255555555555555 0.16420361247947454 0.03666666666666667 0.04597701149425287
0 0.155 0.7791461412151067 0.04 0.05090311986863711
0 0.2388888888888889 0.548440065681445 0.03777777777777778 0.04597701149425287
0 0.6805555555555556 0.26108374384236455 0.03888888888888889 0.05090311986863711
0 0.36333333333333334 0.21674876847290642 0.04111111111111111 0.054187192118226604
0 0.8816666666666667 0.7110016420361248 0.04111111111111111 0.054187192118226604
0 0.4261111111111111 0.8719211822660099 0.04111111111111111 0.052545155993431854
0 0.09333333333333334 0.6707717569786535 0.04111111111111111 0.052545155993431854
0 0.8855555555555555 0.20853858784893267 0.04 0.04926108374384237
0 0.47833333333333333 0.2963875205254516 0.051111111111111114 0.052545155993431854
0 0.07333333333333333 0.4663382594417077 0.042222222222222223 0.054187192118226604
0 0.6694444444444444 0.6839080459770115 0.035555555555555556 0.04433497536945813
0 0.3516666666666667 0.6412151067323482 0.035555555555555556 0.047619047619047616
0 0.6922222222222222 0.3842364532019704 0.03666666666666667 0.04433497536945813
0 0.6816666666666666 0.8087027914614121 0.03777777777777778 0.047619047619047616
0 0.8694444444444445 0.5886699507389163 0.042222222222222223 0.052545155993431854
0 0.37222222222222223 0.8472906403940886 0.03888888888888889 0.04926108374384237
0 0.7094444444444444 0.5443349753694581 0.03777777777777778 0.047619047619047616
0 0.4177777777777778 0.7889983579638752 0.04 0.052545155993431854
0 0.27055555555555555 0.32594417077175697 0.03888888888888889 0.04926108374384237
0 0.4216666666666667 0.8300492610837439 0.03777777777777778 0.04926108374384237
0 0.085 0.5894909688013136 0.042222222222222223 0.052545155993431854
0 0.8888888888888888 0.7931034482758621 0.042222222222222223 0.054187192118226604
0 0.5677777777777778 0.7093596059113301 0.03888888888888889 0.04926108374384237
0 0.06833333333333333 0.4236453201970443 0.04111111111111111 0.052545155993431854
0 0.8727777777777778 0.07963875205254516 0.04 0.054187192118226604
0 0.8733333333333333 0.6305418719211823 0.03888888888888889 0.04926108374384237
0 0.5805555555555556 0.2914614121510673 0.04111111111111111 0.05582922824302135
0 0.5794444444444444 0.8333333333333334 0.03888888888888889 0.05090311986863711
0 0.47055555555555556 0.229064039408867 0.05 0.052545155993431854
0 0.1761111111111111 0.9761904761904762 0.03777777777777778 0.0361247947454844
0 0.325 0.9006568144499179 0.04 0.052545155993431854
0 0.8855555555555555 0.7528735632183908 0.04111111111111111 0.05090311986863711
0 0.7372222222222222 0.8341543513957307 0.03777777777777778 0.052545155993431854
0 0.11333333333333333 0.7487684729064039 0.025555555555555557 0.04433497536945813
0 0.8772222222222222 0.6691297208538588 0.03888888888888889 0.04926108374384237
0 0.41055555555555556 0.7101806239737274 0.04 0.05090311986863711
0 0.46166666666666667 0.13136288998357964 0.05 0.04433497536945813
0 0.09555555555555556 0.8357963875205254 0.025555555555555557 0.042692939244663386
0 0.09166666666666666 0.7947454844006568 0.027777777777777776 0.041050903119868636
0 0.2222222222222222 0.9269293924466339 0.035555555555555556 0.04597701149425287
0 0.12944444444444445 0.9129720853858785 0.02666666666666667 0.03940886699507389
0 0.5838888888888889 0.874384236453202 0.03777777777777778 0.04926108374384237
0 0.10944444444444444 0.7101806239737274 0.025555555555555557 0.041050903119868636
0 0.465 0.16584564860426929 0.04888888888888889 0.04926108374384237
0 0.125 0.8711001642036125 0.025555555555555557 0.04433497536945813
0 0.09888888888888889 0.8784893267651889 0.02666666666666667 0.041050903119868636
0 0.10666666666666667 0.9564860426929392 0.024444444444444446 0.042692939244663386
0 0.7333333333333333 0.7906403940886699 0.042222222222222223 0.052545155993431854
0 0.08333333333333333 0.7151067323481116 0.025555555555555557 0.041050903119868636
0 0.12055555555555555 0.8300492610837439 0.025555555555555557 0.03776683087027915
0 0.11166666666666666 0.9885057471264368 0.02666666666666667 0.016420361247947456
0 0.10277777777777777 0.9178981937602627 0.024444444444444446 0.03940886699507389
0 0.13833333333333334 0.9844006568144499 0.02666666666666667 0.022988505747126436
0 0.3761111111111111 0.34318555008210183 0.04 0.05090311986863711
0 0.13333333333333333 0.9499178981937603 0.02666666666666667 0.03940886699507389
0 0.11666666666666667 0.7865353037766831 0.025555555555555557 0.03776683087027915
0 0.08722222222222223 0.7536945812807881 0.024444444444444446 0.03940886699507389
0 0.5288888888888889 0.7183908045977011 0.025555555555555557 0.03776683087027915
0 0.475 0.26354679802955666 0.04888888888888889 0.04433497536945813
0 0.7161111111111111 0.6288998357963875 0.04 0.05090311986863711
0 0.4683333333333333 0.1962233169129721 0.05 0.041050903119868636