0 0.14133333333333334 0.6612403100775194 0.04 0.046511627906976744
0 0.6986666666666667 0.862015503875969 0.042666666666666665 0.04496124031007752
0 0.65 0.5782945736434109 0.03866666666666667 0.043410852713178294
0 0.44533333333333336 0.2806201550387597 0.03866666666666667 0.04186046511627907
0 0.446 0.8488372093023255 0.042666666666666665 0.043410852713178294
0 0.6873333333333334 0.7937984496124031 0.044 0.04186046511627907
0 0.716 0.6395348837209303 0.044 0.04496124031007752
0 0.262 0.7798449612403101 0.04133333333333333 0.043410852713178294
0 0.6406666666666667 0.8418604651162791 0.042666666666666665 0.043410852713178294
0 0.698 0.5348837209302325 0.042666666666666665 0.043410852713178294
0 0.6973333333333334 0.2 0.04133333333333333 0.05116279069767442
0 0.8653333333333333 0.5302325581395348 0.042666666666666665 0.04496124031007752
0 0.3433333333333333 0.9100775193798449 0.042666666666666665 0.046511627906976744
0 0.45466666666666666 0.5868217054263566 0.04133333333333333 0.04186046511627907
0 0.848 0.4232558139534884 0.042666666666666665 0.043410852713178294
0 0.41533333333333333 0.6689922480620155 0.042666666666666665 0.043410852713178294
0 0.4746666666666667 0.6961240310077519 0.042666666666666665 0.04496124031007752
0 0.692 0.4992248062015504 0.044 0.046511627906976744
0 0.07 0.4131782945736434 0.034666666666666665 0.040310077519379844
0 0.8413333333333334 0.3891472868217054 0.042666666666666665 0.04496124031007752
0 0.10933333333333334 0.6294573643410852 0.036 0.043410852713178294
0 0.15866666666666668 0.5054263565891473 0.03866666666666667 0.04186046511627907
0 0.29533333333333334 0.958139534883721 0.03866666666666667 0.043410852713178294
0 0.672 0.39069767441860465 0.042666666666666665 0.043410852713178294
0 0.704 0.2372093023255814 0.042666666666666665 0.043410852713178294
0 0.26266666666666666 0.44728682170542633 0.042666666666666665 0.046511627906976744
0 0.122 0.5503875968992248 0.037333333333333336 0.046511627906976744
0 0.244 0.6713178294573643 0.04133333333333333 0.043410852713178294
0 0.6753333333333333 0.7224806201550388 0.042666666666666665 0.04496124031007752
0 0.07666666666666666 0.44883720930232557 0.037333333333333336 0.043410852713178294
0 0.4593333333333333 0.9209302325581395 0.042666666666666665 0.04496124031007752
0 0.09733333333333333 0.40930232558139534 0.036 0.043410852713178294
0 0.5933333333333334 0.889922480620155 0.042666666666666665 0.04496124031007752
0 0.4533333333333333 0.8844961240310077 0.042666666666666665 0.046511627906976744
0 0.7946666666666666 0.43643410852713177 0.042666666666666665 0.043410852713178294
0 0.596 0.5922480620155038 0.04133333333333333 0.04186046511627907
0 0.5113333333333333 0.9054263565891473 0.04133333333333333 0.043410852713178294
0 0.19133333333333333 0.6844961240310078 0.04 0.03875968992248062
0 0.6793333333333333 0.4255813953488372 0.04133333333333333 0.04186046511627907
0 0.622 0.7356589147286822 0.042666666666666665 0.04496124031007752
0 0.324 0.4697674418604651 0.04133333333333333 0.046511627906976744
0 0.8286666666666667 0.31627906976744186 0.042666666666666665 0.04186046511627907
0 0.576 0.7829457364341085 0.042666666666666665 0.04496124031007752
0 0.436 0.47984496124031006 0.03866666666666667 0.04186046511627907
0 0.6673333333333333 0.35348837209302325 0.04133333333333333 0.04496124031007752
0 0.8346666666666667 0.35271317829457366 0.044 0.046511627906976744
0 0.6613333333333333 0.3178294573643411 0.04133333333333333 0.043410852713178294
0 0.4613333333333333 0.6232558139534884 0.04133333333333333 0.043410852713178294
0 0.644 0.5441860465116279 0.04133333333333333 0.04186046511627907
0 0.5566666666666666 0.6751937984496124 0.042666666666666665 0.04496124031007752
0 0.536 0.5689922480620155 0.044 0.046511627906976744
0 0.32466666666666666 0.8038759689922481 0.042666666666666665 0.04496124031007752
0 0.27 0.48294573643410854 0.042666666666666665 0.043410852713178294
0 0.806 0.5085271317829457 0.044 0.04806201550387597
0 0.768 0.29457364341085274 0.04 0.040310077519379844
0 0.5426666666666666 0.603875968992248 0.042666666666666665 0.04496124031007752
0 0.514 0.4248062015503876 0.04 0.04186046511627907
0 0.694 0.8263565891472868 0.044 0.046511627906976744
0 0.8233333333333334 0.28294573643410853 0.042666666666666665 0.04496124031007752
0 0.7626666666666667 0.25813953488372093 0.042666666666666665 0.04806201550387597
0 0.44 0.813953488372093 0.042666666666666665 0.04496124031007752
0 0.6806666666666666 0.7589147286821706 0.042666666666666665 0.04496124031007752
0 0.33666666666666667 0.8736434108527131 0.044 0.046511627906976744
0 0.5806666666666667 0.8178294573643411 0.042666666666666665 0.04496124031007752
0 0.5046666666666667 0.8697674418604651 0.04533333333333334 0.04961240310077519
0 0.6693333333333333 0.6875968992248062 0.042666666666666665 0.04496124031007752
0 0.3913333333333333 0.5279069767441861 0.044 0.046511627906976744
0 0.28733333333333333 0.5883720930232558 0.042666666666666665 0.04496124031007752
0 0.566 0.413953488372093 0.042666666666666665 0.04496124031007752
0 0.8173333333333334 0.24651162790697675 0.04533333333333334 0.04806201550387597
0 0.20266666666666666 0.7573643410852713 0.044 0.046511627906976744
0 0.17866666666666667 0.6139534883720931 0.04666666666666667 0.04806201550387597
0 0.20733333333333334 0.4565891472868217 0.04133333333333333 0.043410852713178294
0 0.59 0.5558139534883721 0.044 0.046511627906976744
0 0.5873333333333334 0.8542635658914729 0.04666666666666667 0.04806201550387597
0 0.36 0.34651162790697676 0.04133333333333333 0.04806201550387597
0 0.632 0.4744186046511628 0.042666666666666665 0.04496124031007752
0 0.30666666666666664 0.35968992248062015 0.04133333333333333 0.046511627906976744
0 0.312 0.7325581395348837 0.044 0.046511627906976744
0 0.5253333333333333 0.49612403100775193 0.042666666666666665 0.04496124031007752
0 0.16533333333333333 0.541860465116279 0.04533333333333334 0.04806201550387597
0 0.202 0.42093023255813955 0.042666666666666665 0.04496124031007752
0 0.578 0.48294573643410854 0.042666666666666665 0.046511627906976744
0 0.662 0.6488372093023256 0.044 0.04806201550387597
0 0.608 0.6596899224806202 0.04533333333333334 0.04806201550387597
0 0.6133333333333333 0.3674418604651163 0.04133333333333333 0.04186046511627907
0 0.35533333333333333 0.6488372093023256 0.044 0.046511627906976744
0 0.608 0.3325581395348837 0.044 0.04806201550387597
0 0.366 0.3821705426356589 0.042666666666666665 0.04496124031007752
0 0.21333333333333335 0.4937984496124031 0.04533333333333334 0.04806201550387597
0 0.7046666666666667 0.5689922480620155 0.044 0.04496124031007752
0 0.3 0.6596899224806202 0.042666666666666665 0.04496124031007752
0 0.734 0.41472868217054265 0.044 0.04496124031007752
0 0.226 0.5658914728682171 0.042666666666666665 0.04496124031007752
0 0.318 0.4317829457364341 0.042666666666666665 0.04496124031007752
0 0.31866666666666665 0.7674418604651163 0.042666666666666665 0.04496124031007752
0 0.2813333333333333 0.5527131782945737 0.044 0.04496124031007752
0 0.368 0.7224806201550388 0.04666666666666667 0.05116279069767442
0 0.372 0.4193798449612403 0.044 0.046511627906976744
0 0.6013333333333334 0.2930232558139535 0.04533333333333334 0.05116279069767442
0 0.4106666666666667 0.33798449612403103 0.04 0.046511627906976744
0 0.424 0.4077519379844961 0.044 0.04496124031007752
0 0.14533333333333334 0.4317829457364341 0.048 0.05116279069767442
0 0.42933333333333334 0.44573643410852715 0.042666666666666665 0.04496124031007752
0 0.3486666666666667 0.6116279069767442 0.044 0.04806201550387597
0 0.758 0.5511627906976744 0.04666666666666667 0.05271317829457364
0 0.342 0.5736434108527132 0.042666666666666665 0.046511627906976744
0 0.25066666666666665 0.37131782945736436 0.048 0.04961240310077519
0 0.37933333333333336 0.4558139534883721 0.042666666666666665 0.04496124031007752
0 0.2946666666666667 0.624031007751938 0.044 0.046511627906976744
0 0.33066666666666666 0.8387596899224806 0.044 0.046511627906976744
0 0.7386666666666667 0.44883720930232557 0.044 0.04496124031007752
0 0.5846666666666667 0.5201550387596899 0.042666666666666665 0.04496124031007752
0 0.878 0.6015503875968993 0.044 0.04496124031007752
0 0.486 0.7651162790697674 0.04 0.04186046511627907
0 0.228 0.9767441860465116 0.032 0.03875968992248062
0 0.77 0.6263565891472869 0.042666666666666665 0.04496124031007752
0 0.7766666666666666 0.662015503875969 0.044 0.046511627906976744
0 0.4806666666666667 0.7302325581395349 0.04133333333333333 0.04186046511627907
0 0.214 0.9069767441860465 0.032 0.03875968992248062
0 0.7893333333333333 0.7310077519379845 0.044 0.04186046511627907
0 0.20333333333333334 0.834108527131783 0.03333333333333333 0.037209302325581395
0 0.3486666666666667 0.9441860465116279 0.042666666666666665 0.043410852713178294
0 0.8066666666666666 0.8372093023255814 0.044 0.046511627906976744
0 0.646 0.8751937984496124 0.04133333333333333 0.04186046511627907
0 0.498 0.8333333333333334 0.04133333333333333 0.040310077519379844
0 0.4673333333333333 0.6581395348837209 0.044 0.046511627906976744
0 0.7833333333333333 0.6976744186046512 0.042666666666666665 0.04496124031007752
0 0.08866666666666667 0.5201550387596899 0.03333333333333333 0.037209302325581395
0 0.44866666666666666 0.5519379844961241 0.04533333333333334 0.04961240310077519
0 0.7953333333333333 0.7666666666666667 0.042666666666666665 0.04496124031007752
0 0.884 0.6364341085271318 0.04533333333333334 0.04806201550387597
0 0.4646666666666667 0.3829457364341085 0.037333333333333336 0.04496124031007752
0 0.10266666666666667 0.5914728682170542 0.03866666666666667 0.04496124031007752
0 0.8966666666666666 0.7069767441860465 0.04 0.03255813953488372
0 0.4513333333333333 0.31317829457364343 0.037333333333333336 0.037209302325581395
0 0.54 0.7875968992248062 0.032 0.03875968992248062
0 0.8106666666666666 0.21085271317829457 0.04133333333333333 0.03565891472868217
0 0.6026666666666667 0.6248062015503876 0.037333333333333336 0.031007751937984496
0 0.24333333333333335 0.3325581395348837 0.042666666666666665 0.03565891472868217
0 0.596 0.25503875968992246 0.042666666666666665 0.03565891472868217
0 0.752 0.5170542635658915 0.03866666666666667 0.031007751937984496
0 0.35333333333333333 0.31085271317829455 0.03866666666666667 0.03255813953488372
0 0.4086666666666667 0.6317829457364341 0.04 0.034108527131782945
0 0.908 0.7798449612403101 0.04133333333333333 0.043410852713178294
0 0.47333333333333333 0.45348837209302323 0.03333333333333333 0.04186046511627907
0 0.9146666666666666 0.8131782945736434 0.04533333333333334 0.04496124031007752
0 0.4693333333333333 0.4186046511627907 0.034666666666666665 0.037209302325581395
0 0.108 0.47984496124031006 0.036 0.03875968992248062
0 0.8533333333333334 0.45968992248062013 0.044 0.04806201550387597
0 0.902 0.7418604651162791 0.04666666666666667 0.05116279069767442
0 0.8013333333333333 0.8031007751937984 0.042666666666666665 0.04496124031007752
0 0.8906666666666667 0.6744186046511628 0.04533333333333334 0.04806201550387597
0 0.6333333333333333 0.8046511627906977 0.04 0.04496124031007752
0 0.08466666666666667 0.4844961240310077 0.034666666666666665 0.043410852713178294
0 0.096 0.5573643410852713 0.032 0.04186046511627907
0 0.44 0.24573643410852714 0.037333333333333336 0.040310077519379844
0 0.228 0.8302325581395349 0.034666666666666665 0.037209302325581395
0 0.254 0.9705426356589147 0.034666666666666665 0.03565891472868217
0 0.4166666666666667 0.3736434108527132 0.04133333333333333 0.043410852713178294
0 0.6373333333333333 0.5093023255813953 0.042666666666666665 0.04496124031007752
0 0.13733333333333334 0.6232558139534884 0.03333333333333333 0.040310077519379844
0 0.11533333333333333 0.5147286821705427 0.034666666666666665 0.03875968992248062
0 0.12866666666666668 0.5883720930232558 0.034666666666666665 0.040310077519379844
0 0.8713333333333333 0.5651162790697675 0.042666666666666665 0.04806201550387597
0 0.492 0.7992248062015503 0.04 0.043410852713178294
0 0.10266666666666667 0.4449612403100775 0.034666666666666665 0.04186046511627907
0 0.43466666666666665 0.21550387596899226 0.036 0.037209302325581395
0 0.5493333333333333 0.6395348837209303 0.042666666666666665 0.04496124031007752
0 0.8586666666666667 0.49612403100775193 0.04133333333333333 0.04186046511627907
0 0.656 0.6131782945736434 0.042666666666666665 0.04496124031007752
0 0.288 0.9224806201550387 0.042666666666666665 0.04496124031007752
0 0.30466666666666664 0.6961240310077519 0.04133333333333333 0.04806201550387597
0 0.434 0.7790697674418605 0.044 0.046511627906976744
0 0.7886666666666666 0.4015503875968992 0.042666666666666665 0.04496124031007752
0 0.19533333333333333 0.7193798449612403 0.04533333333333334 0.04806201550387597
0 0.5193333333333333 0.4604651162790698 0.04133333333333333 0.043410852713178294
0 0.532 0.5317829457364341 0.044 0.046511627906976744
0 0.686 0.45968992248062013 0.04133333333333333 0.04806201550387597
0 0.22 0.5294573643410853 0.044 0.043410852713178294
0 0.24933333333333332 0.7062015503875969 0.044 0.046511627906976744
0 0.38466666666666666 0.4906976744186046 0.042666666666666665 0.04496124031007752
0 0.56 0.37751937984496126 0.03866666666666667 0.04186046511627907
0 0.208 0.796124031007752 0.04666666666666667 0.04806201550387597
0 0.276 0.8503875968992248 0.04533333333333334 0.04961240310077519
0 0.49466666666666664 0.3178294573643411 0.04133333333333333 0.04496124031007752
0 0.2693333333333333 0.813953488372093 0.044 0.04496124031007752
0 0.24866666666666667 0.9356589147286821 0.036 0.04186046511627907
0 0.422 0.7054263565891473 0.044 0.04806201550387597
0 0.276 0.5162790697674419 0.04533333333333334 0.04496124031007752
0 0.7093333333333334 0.27209302325581397 0.042666666666666665 0.04496124031007752
0 0.7273333333333334 0.3798449612403101 0.04533333333333334 0.04496124031007752
0 0.548 0.30697674418604654 0.04 0.04496124031007752
0 0.33 0.506201550387597 0.04133333333333333 0.043410852713178294
0 0.6253333333333333 0.4387596899224806 0.04133333333333333 0.043410852713178294
0 0.31266666666666665 0.39689922480620154 0.042666666666666665 0.04496124031007752
0 0.3606666666666667 0.6837209302325581 0.04133333333333333 0.043410852713178294
0 0.62 0.40232558139534885 0.042666666666666665 0.04496124031007752
0 0.716 0.3062015503875969 0.04533333333333334 0.04496124031007752
0 0.5013333333333333 0.35426356589147284 0.042666666666666665 0.04496124031007752
0 0.33666666666666667 0.5387596899224806 0.04 0.040310077519379844
0 0.24133333333333334 0.8984496124031007 0.03866666666666667 0.046511627906976744
0 0.8 0.47131782945736433 0.042666666666666665 0.04496124031007752
0 0.17266666666666666 0.5775193798449613 0.042666666666666665 0.04496124031007752
0 0.7213333333333334 0.3434108527131783 0.04533333333333334 0.04806201550387597
0 0.15266666666666667 0.47054263565891474 0.044 0.046511627906976744
0 0.4033333333333333 0.6007751937984496 0.042666666666666665 0.04496124031007752
0 0.7733333333333333 0.32868217054263565 0.042666666666666665 0.04496124031007752
0 0.23733333333333334 0.6356589147286822 0.042666666666666665 0.04806201550387597
0 0.746 0.48527131782945737 0.044 0.04806201550387597
0 0.554 0.3426356589147287 0.04133333333333333 0.043410852713178294
0 0.6553333333333333 0.28294573643410853 0.042666666666666665 0.046511627906976744
0 0.196 0.38372093023255816 0.042666666666666665 0.046511627906976744
0 0.13866666666666666 0.3937984496124031 0.04133333333333333 0.043410852713178294
0 0.5686666666666667 0.7457364341085271 0.04533333333333334 0.04806201550387597
0 0.7826666666666666 0.36589147286821705 0.04133333333333333 0.04496124031007752
0 0.25666666666666665 0.4108527131782946 0.042666666666666665 0.04496124031007752
0 0.39666666666666667 0.5651162790697675 0.044 0.046511627906976744
0 0.6146666666666667 0.6984496124031008 0.04533333333333334 0.04961240310077519
0 0.42866666666666664 0.7434108527131783 0.042666666666666665 0.04496124031007752
0 0.5073333333333333 0.3891472868217054 0.037333333333333336 0.04186046511627907
0 0.71 0.603875968992248 0.044 0.04496124031007752
0 0.184 0.6519379844961241 0.042666666666666665 0.04496124031007752
0 0.44133333333333336 0.5147286821705427 0.04 0.043410852713178294
0 0.5713333333333334 0.448062015503876 0.04133333333333333 0.040310077519379844
0 0.282 0.8868217054263566 0.042666666666666665 0.04496124031007752
0 0.23133333333333334 0.6007751937984496 0.03866666666666667 0.040310077519379844
0 0.562 0.7108527131782946 0.044 0.046511627906976744
0 0.7646666666666667 0.5914728682170542 0.04666666666666667 0.04806201550387597
0 0.23533333333333334 0.8635658914728682 0.034666666666666665 0.03875968992248062
0 0.628 0.7705426356589147 0.04133333333333333 0.043410852713178294
0 0.22133333333333333 0.9403100775193799 0.037333333333333336 0.043410852713178294
0 0.20866666666666667 0.8705426356589148 0.03333333333333333 0.04186046511627907
0 0.256 0.7441860465116279 0.042666666666666665 0.04496124031007752