0 0.9333333333333333 0.537828947368421 0.03666666666666667 0.047697368421052634
0 0.19111111111111112 0.453125 0.028888888888888888 0.044407894736842105
0 0.22611111111111112 0.296875 0.02666666666666667 0.04276315789473684
0 0.35777777777777775 0.33223684210526316 0.025555555555555557 0.04276315789473684
0 0.36333333333333334 0.25 0.025555555555555557 0.039473684210526314
0 0.26055555555555554 0.5962171052631579 0.025555555555555557 0.04111842105263158
0 0.38666666666666666 0.2582236842105263 0.027777777777777776 0.04111842105263158
0 0.8777777777777778 0.5616776315789473 0.035555555555555556 0.044407894736842105
0 0.2816666666666667 0.27055921052631576 0.022222222222222223 0.03453947368421053
0 0.3711111111111111 0.5032894736842105 0.023333333333333334 0.03618421052631579
0 0.9244444444444444 0.6981907894736842 0.03888888888888889 0.047697368421052634
0 0.2788888888888889 0.31167763157894735 0.025555555555555557 0.04276315789473684
0 0.3005555555555556 0.40131578947368424 0.027777777777777776 0.04111842105263158
0 0.36833333333333335 0.15953947368421054 0.025555555555555557 0.046052631578947366
0 0.3522222222222222 0.4144736842105263 0.024444444444444446 0.039473684210526314
0 0.15222222222222223 0.23355263157894737 0.024444444444444446 0.039473684210526314
0 0.9261111111111111 0.6603618421052632 0.03777777777777778 0.046052631578947366
0 0.18055555555555555 0.6151315789473685 0.027777777777777776 0.047697368421052634
0 0.2238888888888889 0.3371710526315789 0.027777777777777776 0.044407894736842105
0 0.7572222222222222 0.8199013157894737 0.04 0.05263157894736842
0 0.24888888888888888 0.8026315789473685 0.024444444444444446 0.039473684210526314
0 0.17166666666666666 0.7820723684210527 0.028888888888888888 0.044407894736842105
0 0.19555555555555557 0.37006578947368424 0.025555555555555557 0.03782894736842105
0 0.48277777777777775 0.40789473684210525 0.025555555555555557 0.03782894736842105
0 0.3322222222222222 0.27713815789473684 0.025555555555555557 0.03289473684210526
0 0.7627777777777778 0.7384868421052632 0.03666666666666667 0.047697368421052634
0 0.30722222222222223 0.27631578947368424 0.022222222222222223 0.03618421052631579
0 0.37777777777777777 0.37993421052631576 0.024444444444444446 0.03289473684210526
0 0.165 0.8667763157894737 0.03111111111111111 0.049342105263157895
0 0.6405555555555555 0.37335526315789475 0.025555555555555557 0.04276315789473684
0 0.9111111111111111 0.9029605263157895 0.034444444444444444 0.046052631578947366
0 0.28944444444444445 0.5616776315789473 0.027777777777777776 0.04276315789473684
0 0.335 0.6990131578947368 0.027777777777777776 0.039473684210526314
0 0.265 0.5139802631578947 0.02666666666666667 0.04111842105263158
0 0.2683333333333333 0.4745065789473684 0.025555555555555557 0.04111842105263158
0 0.17222222222222222 0.7393092105263158 0.028888888888888888 0.044407894736842105
0 0.30277777777777776 0.35855263157894735 0.027777777777777776 0.04276315789473684
0 0.4905555555555556 0.2878289473684211 0.025555555555555557 0.039473684210526314
0 0.29833333333333334 0.44161184210526316 0.028888888888888888 0.046052631578947366
0 0.24333333333333335 0.8865131578947368 0.024444444444444446 0.039473684210526314
0 0.2644444444444444 0.5550986842105263 0.025555555555555557 0.04111842105263158
0 0.41944444444444445 0.5567434210526315 0.02666666666666667 0.03782894736842105
0 0.2727777777777778 0.39144736842105265 0.025555555555555557 0.04111842105263158
0 0.18833333333333332 0.49506578947368424 0.02666666666666667 0.03782894736842105
0 0.185 0.5345394736842105 0.023333333333333334 0.039473684210526314
0 0.24 0.5082236842105263 0.024444444444444446 0.03782894736842105
0 0.8827777777777778 0.47944078947368424 0.03888888888888889 0.047697368421052634
0 0.20722222222222222 0.20641447368421054 0.02666666666666667 0.04111842105263158
0 0.3161111111111111 0.14473684210526316 0.02666666666666667 0.04111842105263158
0 0.24944444444444444 0.34292763157894735 0.024444444444444446 0.03618421052631579
0 0.3972222222222222 0.9259868421052632 0.03 0.046052631578947366
0 0.3372222222222222 0.6587171052631579 0.02666666666666667 0.046052631578947366
0 0.5277777777777778 0.3305921052631579 0.04666666666666667 0.044407894736842105
0 0.17833333333333334 0.6570723684210527 0.03 0.044407894736842105
0 0.275 0.3503289473684211 0.024444444444444446 0.03289473684210526
0 0.345 0.5353618421052632 0.025555555555555557 0.03453947368421053
0 0.5322222222222223 0.2631578947368421 0.04888888888888889 0.04276315789473684
0 0.21222222222222223 0.11430921052631579 0.027777777777777776 0.046052631578947366
0 0.7666666666666667 0.6537828947368421 0.03777777777777778 0.05263157894736842
0 0.18388888888888888 0.5740131578947368 0.027777777777777776 0.039473684210526314
0 0.9138888888888889 0.8601973684210527 0.034444444444444444 0.054276315789473686
0 0.9177777777777778 0.8207236842105263 0.03777777777777778 0.04111842105263158
0 0.8716666666666667 0.6455592105263158 0.04 0.05592105263157895
0 0.16722222222222222 0.8223684210526315 0.027777777777777776 0.04276315789473684
0 0.20944444444444443 0.16282894736842105 0.022222222222222223 0.03125
0 0.2861111111111111 0.6019736842105263 0.02666666666666667 0.039473684210526314
0 0.2911111111111111 0.5189144736842105 0.02666666666666667 0.03618421052631579
0 0.5216666666666666 0.42680921052631576 0.04555555555555556 0.044407894736842105
0 0.5094444444444445 0.796875 0.022222222222222223 0.02631578947368421
0 0.5105555555555555 0.7763157894736842 0.023333333333333334 0.027960526315789474
0 0.7805555555555556 0.45230263157894735 0.035555555555555556 0.047697368421052634
0 0.7472222222222222 0.977796052631579 0.03888888888888889 0.044407894736842105
0 0.42777777777777776 0.43338815789473684 0.02666666666666667 0.03125
0 0.31333333333333335 0.19078947368421054 0.02666666666666667 0.04276315789473684
0 0.5233333333333333 0.3972039473684211 0.04666666666666667 0.044407894736842105
0 0.5122222222222222 0.5411184210526315 0.043333333333333335 0.04111842105263158
0 0.7783333333333333 0.4942434210526316 0.04111111111111111 0.054276315789473686
0 0.675 0.4662828947368421 0.03777777777777778 0.05098684210526316
0 0.725 0.48026315789473684 0.03777777777777778 0.05098684210526316
0 0.8283333333333334 0.5098684210526315 0.04 0.054276315789473686
0 0.8427777777777777 0.29605263157894735 0.04 0.05756578947368421
0 0.7355555555555555 0.30838815789473684 0.04 0.05756578947368421
0 0.11333333333333333 0.22450657894736842 0.03888888888888889 0.05592105263157895
0 0.7911111111111111 0.28125 0.04 0.05756578947368421
0 0.72 0.5583881578947368 0.03666666666666667 0.049342105263157895
0 0.68 0.3848684210526316 0.03777777777777778 0.049342105263157895
0 0.6827777777777778 0.3412828947368421 0.03777777777777778 0.054276315789473686
0 0.7883333333333333 0.32730263157894735 0.04 0.05592105263157895
0 0.6311111111111111 0.32648026315789475 0.03666666666666667 0.05263157894736842
0 0.7861111111111111 0.3717105263157895 0.04 0.05263157894736842
0 0.7038888888888889 0.8453947368421053 0.04 0.054276315789473686
0 0.57 0.4777960526315789 0.03888888888888889 0.054276315789473686
0 0.7266666666666667 0.43914473684210525 0.03888888888888889 0.05263157894736842
0 0.3988888888888889 0.8848684210526315 0.03222222222222222 0.049342105263157895
0 0.8338888888888889 0.42680921052631576 0.03777777777777778 0.05098684210526316
0 0.4261111111111111 0.4777960526315789 0.03 0.044407894736842105
0 0.7827777777777778 0.4136513157894737 0.035555555555555556 0.047697368421052634
0 0.7088888888888889 0.7648026315789473 0.03777777777777778 0.05263157894736842
0 0.9444444444444444 0.37006578947368424 0.04111111111111111 0.06578947368421052
0 0.8788888888888889 0.522203947368421 0.03777777777777778 0.05098684210526316
0 0.8311111111111111 0.46875 0.03666666666666667 0.049342105263157895
0 0.41444444444444445 0.6373355263157895 0.027777777777777776 0.044407894736842105
0 0.24888888888888888 0.3840460526315789 0.028888888888888888 0.046052631578947366
0 0.26055555555555554 0.17845394736842105 0.02666666666666667 0.04276315789473684
0 0.7694444444444445 0.6134868421052632 0.03333333333333333 0.04276315789473684
0 0.8927777777777778 0.30838815789473684 0.03888888888888889 0.05592105263157895
0 0.75 0.9424342105263158 0.03888888888888889 0.047697368421052634
0 0.9216666666666666 0.7384868421052632 0.03888888888888889 0.05263157894736842
0 0.3811111111111111 0.33963815789473684 0.02666666666666667 0.046052631578947366
0 0.36833333333333335 0.5444078947368421 0.02666666666666667 0.04111842105263158
0 0.94 0.41776315789473684 0.03888888888888889 0.049342105263157895
0 0.465 0.28125 0.025555555555555557 0.04111842105263158
0 0.4172222222222222 0.5978618421052632 0.027777777777777776 0.04276315789473684
0 0.37666666666666665 0.42105263157894735 0.024444444444444446 0.039473684210526314
0 0.4677777777777778 0.23601973684210525 0.02666666666666667 0.047697368421052634
0 0.7522222222222222 0.9013157894736842 0.03888888888888889 0.05263157894736842
0 0.23833333333333334 0.5493421052631579 0.028888888888888888 0.046052631578947366
0 0.7155555555555555 0.6381578947368421 0.03333333333333333 0.049342105263157895
0 0.27 0.43256578947368424 0.02666666666666667 0.04276315789473684
0 0.21777777777777776 0.8824013157894737 0.03 0.044407894736842105
0 0.4088888888888889 0.7631578947368421 0.02666666666666667 0.03782894736842105
0 0.3472222222222222 0.49588815789473684 0.02666666666666667 0.04111842105263158
0 0.33055555555555555 0.78125 0.028888888888888888 0.047697368421052634
0 0.25833333333333336 0.21957236842105263 0.025555555555555557 0.039473684210526314
0 0.6783333333333333 0.42351973684210525 0.03666666666666667 0.047697368421052634
0 0.9094444444444445 0.9457236842105263 0.03888888888888889 0.05921052631578947
0 0.4955555555555556 0.19736842105263158 0.027777777777777776 0.04276315789473684
0 0.32722222222222225 0.8231907894736842 0.03 0.044407894736842105
0 0.4077777777777778 0.3462171052631579 0.02666666666666667 0.04111842105263158
0 0.40555555555555556 0.8009868421052632 0.025555555555555557 0.039473684210526314
0 0.45666666666666667 0.4004934210526316 0.024444444444444446 0.039473684210526314
0 0.10777777777777778 0.3059210526315789 0.034444444444444444 0.05263157894736842
0 0.2838888888888889 0.22779605263157895 0.024444444444444446 0.03782894736842105
0 0.6377777777777778 0.23684210526315788 0.03777777777777778 0.05756578947368421
0 0.24333333333333335 0.4662828947368421 0.027777777777777776 0.044407894736842105
0 0.5366666666666666 0.1981907894736842 0.04777777777777778 0.047697368421052634
0 0.3894444444444444 0.21463815789473684 0.027777777777777776 0.04276315789473684
0 0.35444444444444445 0.3717105263157895 0.02666666666666667 0.04276315789473684
0 0.35944444444444446 0.29194078947368424 0.023333333333333334 0.03782894736842105
0 0.25833333333333336 0.6398026315789473 0.02666666666666667 0.04276315789473684
0 0.3927777777777778 0.16776315789473684 0.027777777777777776 0.046052631578947366
0 0.5333333333333333 0.23108552631578946 0.04666666666666667 0.05098684210526316
0 0.22555555555555556 0.7524671052631579 0.027777777777777776 0.04111842105263158
0 0.5983333333333334 0.2236842105263158 0.028888888888888888 0.046052631578947366
0 0.1 0.4317434210526316 0.04111111111111111 0.05263157894736842
0 0.4761111111111111 0.4909539473684211 0.025555555555555557 0.03618421052631579
0 0.29 0.13898026315789475 0.025555555555555557 0.044407894736842105
0 0.295 0.48273026315789475 0.02666666666666667 0.039473684210526314
0 0.4711111111111111 0.18996710526315788 0.025555555555555557 0.046052631578947366
0 0.19333333333333333 0.4120065789473684 0.027777777777777776 0.04276315789473684
0 0.245 0.8421052631578947 0.028888888888888888 0.04276315789473684
0 0.22277777777777777 0.7976973684210527 0.028888888888888888 0.044407894736842105
0 0.3416666666666667 0.5773026315789473 0.02666666666666667 0.039473684210526314
0 0.2361111111111111 0.5888157894736842 0.02666666666666667 0.03782894736842105
0 0.44222222222222224 0.22861842105263158 0.027777777777777776 0.047697368421052634
0 0.23277777777777778 0.6332236842105263 0.02666666666666667 0.039473684210526314
0 0.1761111111111111 0.24259868421052633 0.02666666666666667 0.039473684210526314
0 0.25333333333333335 0.7195723684210527 0.02666666666666667 0.04111842105263158
0 0.765 0.6973684210526315 0.04 0.05592105263157895
0 0.25277777777777777 0.3050986842105263 0.025555555555555557 0.039473684210526314
0 0.5866666666666667 0.3963815789473684 0.025555555555555557 0.04276315789473684
0 0.3055555555555556 0.3157894736842105 0.027777777777777776 0.044407894736842105
0 0.22666666666666666 0.7146381578947368 0.023333333333333334 0.03618421052631579
0 0.25 0.759046052631579 0.027777777777777776 0.046052631578947366
0 0.2011111111111111 0.2894736842105263 0.023333333333333334 0.03782894736842105
0 0.59 0.35444078947368424 0.02666666666666667 0.046052631578947366
0 0.22944444444444445 0.2582236842105263 0.02666666666666667 0.04276315789473684
0 0.09777777777777778 0.4712171052631579 0.042222222222222223 0.049342105263157895
0 0.5922222222222222 0.3149671052631579 0.027777777777777776 0.04111842105263158
0 0.3322222222222222 0.7417763157894737 0.02666666666666667 0.039473684210526314
0 0.37333333333333335 0.4621710526315789 0.025555555555555557 0.03782894736842105
0 0.20333333333333334 0.24917763157894737 0.02666666666666667 0.04276315789473684
0 0.25555555555555554 0.6792763157894737 0.025555555555555557 0.039473684210526314
0 0.21944444444444444 0.837171052631579 0.02666666666666667 0.039473684210526314
0 0.48 0.4498355263157895 0.02666666666666667 0.044407894736842105
0 0.19833333333333333 0.3305921052631579 0.02666666666666667 0.04276315789473684
0 0.41 0.3050986842105263 0.022222222222222223 0.04276315789473684
0 0.24555555555555555 0.42598684210526316 0.02666666666666667 0.039473684210526314
0 0.17444444444444446 0.6973684210526315 0.02666666666666667 0.04111842105263158
0 0.3655555555555556 0.20641447368421054 0.025555555555555557 0.04111842105263158
0 0.32166666666666666 0.9095394736842105 0.03222222222222222 0.05098684210526316
0 0.31055555555555553 0.23519736842105263 0.027777777777777776 0.046052631578947366
0 0.885 0.44243421052631576 0.03777777777777778 0.046052631578947366
0 0.745 0.9991776315789473 0.04 0.001644736842105263
0 0.45055555555555554 0.524671052631579 0.02666666666666667 0.04111842105263158
0 0.9188888888888889 0.7820723684210527 0.03888888888888889 0.05592105263157895
0 0.4027777777777778 0.84375 0.03 0.046052631578947366
0 0.875 0.6011513157894737 0.03888888888888889 0.054276315789473686
0 0.8905555555555555 0.35526315789473684 0.03777777777777778 0.054276315789473686
0 0.10555555555555556 0.3470394736842105 0.03666666666666667 0.049342105263157895
0 0.4127777777777778 0.6800986842105263 0.02666666666666667 0.04111842105263158
0 0.325 0.8643092105263158 0.03222222222222222 0.047697368421052634
0 0.935 0.4975328947368421 0.03777777777777778 0.049342105263157895
0 0.595 0.2722039473684211 0.028888888888888888 0.044407894736842105
0 0.7066666666666667 0.8050986842105263 0.03666666666666667 0.046052631578947366
0 0.5261111111111111 0.36430921052631576 0.04666666666666667 0.05098684210526316
0 0.46055555555555555 0.36019736842105265 0.023333333333333334 0.03782894736842105
0 0.5288888888888889 0.29605263157894735 0.04777777777777778 0.054276315789473686
0 0.45555555555555555 0.4432565789473684 0.02666666666666667 0.046052631578947366
0 0.48777777777777775 0.328125 0.024444444444444446 0.04276315789473684
0 0.34 0.6167763157894737 0.028888888888888888 0.046052631578947366
0 0.09333333333333334 0.515625 0.043333333333333335 0.05921052631578947
0 0.34833333333333333 0.4555921052631579 0.027777777777777776 0.044407894736842105
0 0.49277777777777776 0.24259868421052633 0.02666666666666667 0.03782894736842105
0 0.6922222222222222 0.9917763157894737 0.03888888888888889 0.01644736842105263
0 0.2311111111111111 0.6751644736842105 0.028888888888888888 0.044407894736842105
0 0.4444444444444444 0.18174342105263158 0.028888888888888888 0.047697368421052634
0 0.385 0.29769736842105265 0.02666666666666667 0.04276315789473684
0 0.10222222222222223 0.38898026315789475 0.03888888888888889 0.05263157894736842
0 0.9305555555555556 0.578125 0.03888888888888889 0.05098684210526316
0 0.40944444444444444 0.7236842105263158 0.028888888888888888 0.046052631578947366
0 0.48444444444444446 0.3684210526315789 0.027777777777777776 0.044407894736842105
0 0.685 0.29523026315789475 0.03666666666666667 0.05592105263157895
0 0.11166666666666666 0.26480263157894735 0.03888888888888889 0.049342105263157895
0 0.7755555555555556 0.5345394736842105 0.03888888888888889 0.049342105263157895
0 0.25555555555555554 0.2631578947368421 0.027777777777777776 0.046052631578947366
0 0.7011111111111111 0.8873355263157895 0.03777777777777778 0.049342105263157895
0 0.42277777777777775 0.5172697368421053 0.028888888888888888 0.044407894736842105
0 0.43444444444444447 0.35526315789473684 0.02666666666666667 0.04111842105263158
0 0.7138888888888889 0.6792763157894737 0.03666666666666667 0.05098684210526316
0 0.2872222222222222 0.18503289473684212 0.027777777777777776 0.044407894736842105
0 0.695 0.9703947368421053 0.03666666666666667 0.049342105263157895
0 0.7111111111111111 0.7212171052631579 0.03888888888888889 0.05098684210526316
0 0.4361111111111111 0.3149671052631579 0.02666666666666667 0.04111842105263158
0 0.5672222222222222 0.5213815789473685 0.04111111111111111 0.05592105263157895
0 0.4388888888888889 0.2722039473684211 0.027777777777777776 0.046052631578947366
0 0.9383333333333334 0.4564144736842105 0.03888888888888889 0.05098684210526316
0 0.8866666666666667 0.40131578947368424 0.03888888888888889 0.05592105263157895
0 0.47444444444444445 0.5320723684210527 0.028888888888888888 0.047697368421052634
0 0.8388888888888889 0.34292763157894735 0.03777777777777778 0.054276315789473686
0 0.5722222222222222 0.4317434210526316 0.03777777777777778 0.05592105263157895
0 0.4527777777777778 0.48519736842105265 0.027777777777777776 0.04276315789473684
0 0.8372222222222222 0.3848684210526316 0.03888888888888889 0.05098684210526316
0 0.7222222222222222 0.5189144736842105 0.03777777777777778 0.046052631578947366
0 0.9288888888888889 0.6200657894736842 0.04 0.05263157894736842
0 0.7294444444444445 0.3972039473684211 0.034444444444444444 0.049342105263157895
0 0.5161111111111111 0.4975328947368421 0.04555555555555556 0.05921052631578947
0 0.7555555555555555 0.8601973684210527 0.04 0.049342105263157895
0 0.7177777777777777 0.5995065789473685 0.03888888888888889 0.05098684210526316
0 0.6711111111111111 0.5074013157894737 0.042222222222222223 0.05592105263157895
0 0.6983333333333334 0.9292763157894737 0.03777777777777778 0.05098684210526316
0 0.635 0.28289473684210525 0.035555555555555556 0.046052631578947366
0 0.4633333333333333 0.3215460526315789 0.02666666666666667 0.04276315789473684
0 0.7733333333333333 0.5748355263157895 0.03666666666666667 0.049342105263157895
0 0.76 0.7787828947368421 0.03888888888888889 0.05098684210526316
0 0.7322222222222222 0.3560855263157895 0.03666666666666667 0.05263157894736842
0 0.4305555555555556 0.3963815789473684 0.02666666666666667 0.04276315789473684