0 0.11866666666666667 0.5891472868217055 0.036 0.043410852713178294
0 0.6426666666666667 0.8240310077519379 0.04 0.04186046511627907
0 0.6326666666666667 0.5372093023255814 0.036 0.040310077519379844
0 0.47 0.22713178294573644 0.036 0.03875968992248062
0 0.39466666666666667 0.7953488372093023 0.04 0.03875968992248062
0 0.6406666666666667 0.7542635658914729 0.04133333333333333 0.037209302325581395
0 0.6893333333333334 0.6023255813953489 0.04133333333333333 0.040310077519379844
0 0.222 0.7147286821705426 0.03866666666666667 0.040310077519379844
0 0.588 0.7992248062015503 0.04 0.03875968992248062
0 0.6853333333333333 0.49612403100775193 0.04 0.03875968992248062
0 0.73 0.162015503875969 0.037333333333333336 0.04806201550387597
0 0.8513333333333334 0.5031007751937985 0.03866666666666667 0.04186046511627907
0 0.2846666666666667 0.8496124031007752 0.03866666666666667 0.043410852713178294
0 0.438 0.5341085271317829 0.03866666666666667 0.03875968992248062
0 0.8493333333333334 0.3945736434108527 0.04 0.03875968992248062
0 0.388 0.6131782945736434 0.04 0.03875968992248062
0 0.44266666666666665 0.6441860465116279 0.03866666666666667 0.04186046511627907
0 0.684 0.46124031007751937 0.04 0.043410852713178294
0 0.08066666666666666 0.3372093023255814 0.032 0.037209302325581395
0 0.8473333333333334 0.35968992248062015 0.03866666666666667 0.04186046511627907
0 0.09066666666666667 0.5550387596899224 0.032 0.040310077519379844
0 0.15666666666666668 0.43488372093023253 0.036 0.03875968992248062
0 0.23 0.8945736434108527 0.036 0.040310077519379844
0 0.68 0.35038759689922483 0.04 0.03875968992248062
0 0.7313333333333333 0.1992248062015504 0.04 0.03875968992248062
0 0.2673333333333333 0.3821705426356589 0.03866666666666667 0.043410852713178294
0 0.11333333333333333 0.47751937984496123 0.03333333333333333 0.043410852713178294
0 0.218 0.6062015503875969 0.03866666666666667 0.040310077519379844
0 0.6386666666666667 0.6829457364341085 0.04 0.04186046511627907
0 0.08266666666666667 0.37286821705426354 0.03333333333333333 0.040310077519379844
0 0.3973333333333333 0.8682170542635659 0.04 0.040310077519379844
0 0.10866666666666666 0.33410852713178296 0.032 0.040310077519379844
0 0.5346666666666666 0.8449612403100775 0.04 0.040310077519379844
0 0.39666666666666667 0.8310077519379845 0.03866666666666667 0.043410852713178294
0 0.7946666666666666 0.40387596899224804 0.04 0.03875968992248062
0 0.5766666666666667 0.548062015503876 0.03866666666666667 0.03875968992248062
0 0.4513333333333333 0.8558139534883721 0.03866666666666667 0.040310077519379844
0 0.16466666666666666 0.6162790697674418 0.037333333333333336 0.03565891472868217
0 0.682 0.386046511627907 0.03866666666666667 0.03875968992248062
0 0.5833333333333334 0.6930232558139535 0.04 0.040310077519379844
0 0.32466666666666666 0.40852713178294575 0.037333333333333336 0.043410852713178294
0 0.8453333333333334 0.2868217054263566 0.04 0.037209302325581395
0 0.5313333333333333 0.7372093023255814 0.04 0.040310077519379844
0 0.434 0.4263565891472868 0.036 0.03875968992248062
0 0.6793333333333333 0.313953488372093 0.037333333333333336 0.04186046511627907
0 0.846 0.32248062015503876 0.04133333333333333 0.04186046511627907
0 0.6786666666666666 0.2775193798449612 0.03866666666666667 0.040310077519379844
0 0.43933333333333335 0.5705426356589147 0.03866666666666667 0.040310077519379844
0 0.6313333333333333 0.5031007751937985 0.03866666666666667 0.03875968992248062
0 0.5273333333333333 0.627906976744186 0.04 0.040310077519379844
0 0.522 0.5209302325581395 0.04 0.043410852713178294
0 0.2806666666666667 0.7434108527131783 0.03866666666666667 0.04186046511627907
0 0.2693333333333333 0.4186046511627907 0.04 0.03875968992248062
0 0.796 0.47674418604651164 0.04 0.04496124031007752
0 0.7873333333333333 0.26046511627906976 0.037333333333333336 0.037209302325581395
0 0.5233333333333333 0.5565891472868217 0.04 0.04186046511627907
0 0.518 0.3744186046511628 0.037333333333333336 0.03875968992248062
0 0.642 0.7875968992248062 0.04 0.043410852713178294
0 0.844 0.2527131782945736 0.04 0.040310077519379844
0 0.7866666666666666 0.224031007751938 0.03866666666666667 0.04496124031007752
0 0.3933333333333333 0.7596899224806202 0.04 0.04186046511627907
0 0.6386666666666667 0.7201550387596899 0.04 0.04186046511627907
0 0.2833333333333333 0.813953488372093 0.04133333333333333 0.04186046511627907
0 0.5313333333333333 0.7728682170542636 0.04 0.040310077519379844
0 0.4493333333333333 0.8193798449612403 0.04133333333333333 0.04496124031007752
0 0.6373333333333333 0.6472868217054264 0.04 0.04186046511627907
0 0.38333333333333336 0.47054263565891474 0.04133333333333333 0.04186046511627907
0 0.272 0.5255813953488372 0.04 0.04186046511627907
0 0.572 0.3682170542635659 0.04 0.040310077519379844
0 0.8433333333333334 0.21627906976744185 0.04133333333333333 0.043410852713178294
0 0.166 0.6883720930232559 0.04 0.043410852713178294
0 0.162 0.5441860465116279 0.042666666666666665 0.043410852713178294
0 0.21133333333333335 0.3883720930232558 0.03866666666666667 0.040310077519379844
0 0.576 0.5116279069767442 0.04 0.043410852713178294
0 0.5326666666666666 0.8093023255813954 0.042666666666666665 0.043410852713178294
0 0.376 0.2875968992248062 0.037333333333333336 0.04496124031007752
0 0.6286666666666667 0.4325581395348837 0.03866666666666667 0.04186046511627907
0 0.322 0.29767441860465116 0.037333333333333336 0.043410852713178294
0 0.2773333333333333 0.6713178294573643 0.04133333333333333 0.04186046511627907
0 0.52 0.44728682170542633 0.04 0.04186046511627907
0 0.158 0.47054263565891474 0.04133333333333333 0.043410852713178294
0 0.21066666666666667 0.35271317829457366 0.04 0.04186046511627907
0 0.574 0.4372093023255814 0.03866666666666667 0.043410852713178294
0 0.6353333333333333 0.6093023255813953 0.04 0.04496124031007752
0 0.5793333333333334 0.6155038759689923 0.04133333333333333 0.043410852713178294
0 0.6246666666666667 0.324031007751938 0.03866666666666667 0.03875968992248062
0 0.3313333333333333 0.5899224806201551 0.04 0.043410852713178294
0 0.624 0.28837209302325584 0.04 0.04496124031007752
0 0.37866666666666665 0.3248062015503876 0.04 0.04186046511627907
0 0.21266666666666667 0.4255813953488372 0.04133333333333333 0.043410852713178294
0 0.688 0.5310077519379846 0.04133333333333333 0.040310077519379844
0 0.2753333333333333 0.5968992248062015 0.04 0.04186046511627907
0 0.738 0.37906976744186044 0.04133333333333333 0.040310077519379844
0 0.21466666666666667 0.4992248062015504 0.04 0.04186046511627907
0 0.324 0.3705426356589147 0.03866666666666667 0.04186046511627907
0 0.2793333333333333 0.7062015503875969 0.04 0.04186046511627907
0 0.2713333333333333 0.48914728682170544 0.04133333333333333 0.040310077519379844
0 0.334 0.6635658914728683 0.042666666666666665 0.046511627906976744
0 0.37933333333333336 0.362015503875969 0.04133333333333333 0.04186046511627907
0 0.6226666666666667 0.2503875968992248 0.04133333333333333 0.046511627906976744
0 0.42866666666666664 0.28294573643410853 0.036 0.043410852713178294
0 0.43266666666666664 0.35348837209302325 0.04133333333333333 0.040310077519379844
0 0.15333333333333332 0.35968992248062015 0.044 0.04806201550387597
0 0.43266666666666664 0.39147286821705424 0.03866666666666667 0.04186046511627907
0 0.33 0.5519379844961241 0.04 0.04496124031007752
0 0.7426666666666667 0.5162790697674419 0.042666666666666665 0.04806201550387597
0 0.32866666666666666 0.5147286821705427 0.03866666666666667 0.043410852713178294
0 0.2653333333333333 0.3062015503875969 0.044 0.046511627906976744
0 0.38133333333333336 0.39767441860465114 0.04 0.04186046511627907
0 0.274 0.5612403100775194 0.04133333333333333 0.04186046511627907
0 0.282 0.7782945736434108 0.04133333333333333 0.04186046511627907
0 0.738 0.4131782945736434 0.04133333333333333 0.040310077519379844
0 0.5753333333333334 0.4751937984496124 0.03866666666666667 0.04186046511627907
0 0.8546666666666667 0.5736434108527132 0.04133333333333333 0.040310077519379844
0 0.44466666666666665 0.713953488372093 0.037333333333333336 0.03875968992248062
0 0.162 0.9093023255813953 0.029333333333333333 0.03565891472868217
0 0.7446666666666667 0.5930232558139535 0.04 0.040310077519379844
0 0.7466666666666667 0.6294573643410852 0.04133333333333333 0.04186046511627907
0 0.444 0.6782945736434108 0.03866666666666667 0.03875968992248062
0 0.15733333333333333 0.8395348837209302 0.029333333333333333 0.03565891472868217
0 0.75 0.6984496124031008 0.04133333333333333 0.037209302325581395
0 0.156 0.765891472868217 0.030666666666666665 0.034108527131782945
0 0.2853333333333333 0.8844961240310077 0.04 0.03875968992248062
0 0.7526666666666667 0.8062015503875969 0.04133333333333333 0.04186046511627907
0 0.5886666666666667 0.8333333333333334 0.03866666666666667 0.03875968992248062
0 0.448 0.7837209302325582 0.03866666666666667 0.037209302325581395
0 0.44133333333333336 0.6062015503875969 0.04133333333333333 0.04186046511627907
0 0.748 0.6635658914728683 0.03866666666666667 0.04186046511627907
0 0.08533333333333333 0.4449612403100775 0.030666666666666665 0.034108527131782945
0 0.43666666666666665 0.49844961240310076 0.04133333333333333 0.04496124031007752
0 0.7506666666666667 0.7348837209302326 0.04 0.04186046511627907
0 0.856 0.6093023255813953 0.04133333333333333 0.043410852713178294
0 0.476 0.3302325581395349 0.03333333333333333 0.04186046511627907
0 0.08866666666666667 0.5170542635658915 0.034666666666666665 0.040310077519379844
0 0.8586666666666667 0.6806201550387597 0.04 0.027906976744186046
0 0.472 0.2596899224806202 0.034666666666666665 0.03255813953488372
0 0.49533333333333335 0.7395348837209302 0.029333333333333333 0.03565891472868217
0 0.8406666666666667 0.17906976744186046 0.03866666666666667 0.031007751937984496
0 0.5793333333333334 0.57984496124031 0.037333333333333336 0.027906976744186046
0 0.264 0.26744186046511625 0.04 0.031007751937984496
0 0.6226666666666667 0.2116279069767442 0.04 0.031007751937984496
0 0.7413333333333333 0.48294573643410854 0.03866666666666667 0.02635658914728682
0 0.37466666666666665 0.25116279069767444 0.03866666666666667 0.027906976744186046
0 0.38666666666666666 0.5767441860465117 0.03866666666666667 0.02945736434108527
0 0.8606666666666667 0.7542635658914729 0.03866666666666667 0.040310077519379844
0 0.4746666666666667 0.4015503875968992 0.030666666666666665 0.03875968992248062
0 0.862 0.7875968992248062 0.042666666666666665 0.040310077519379844
0 0.47533333333333333 0.36666666666666664 0.032 0.034108527131782945
0 0.10933333333333334 0.4062015503875969 0.03333333333333333 0.03565891472868217
0 0.8493333333333334 0.43023255813953487 0.04 0.04496124031007752
0 0.8593333333333333 0.7162790697674418 0.042666666666666665 0.046511627906976744
0 0.752 0.7713178294573644 0.04 0.040310077519379844
0 0.858 0.648062015503876 0.04133333333333333 0.043410852713178294
0 0.586 0.7627906976744186 0.036 0.04186046511627907
0 0.08533333333333333 0.40930232558139534 0.030666666666666665 0.040310077519379844
0 0.088 0.48294573643410854 0.029333333333333333 0.03875968992248062
0 0.4693333333333333 0.19224806201550387 0.034666666666666665 0.03565891472868217
0 0.18066666666666667 0.7627906976744186 0.032 0.034108527131782945
0 0.18866666666666668 0.9054263565891473 0.030666666666666665 0.03255813953488372
0 0.43 0.3178294573643411 0.03866666666666667 0.040310077519379844
0 0.6293333333333333 0.46744186046511627 0.04 0.04186046511627907
0 0.12 0.5503875968992248 0.030666666666666665 0.037209302325581395
0 0.11133333333333334 0.44108527131782943 0.032 0.03565891472868217
0 0.116 0.5155038759689923 0.032 0.037209302325581395
0 0.8533333333333334 0.5387596899224806 0.03866666666666667 0.04496124031007752
0 0.446 0.7488372093023256 0.037333333333333336 0.040310077519379844
0 0.10866666666666666 0.3705426356589147 0.032 0.03875968992248062
0 0.468 0.162015503875969 0.03333333333333333 0.03255813953488372
0 0.5253333333333333 0.5914728682170542 0.03866666666666667 0.04186046511627907
0 0.85 0.46744186046511627 0.03866666666666667 0.03875968992248062
0 0.634 0.5728682170542636 0.04 0.040310077519379844
0 0.228 0.8589147286821706 0.04 0.040310077519379844
0 0.2753333333333333 0.6341085271317829 0.037333333333333336 0.04496124031007752
0 0.392 0.724031007751938 0.04133333333333333 0.04186046511627907
0 0.7933333333333333 0.3682170542635659 0.04 0.04186046511627907
0 0.164 0.6511627906976745 0.04133333333333333 0.043410852713178294
0 0.5186666666666667 0.4108527131782946 0.03866666666666667 0.040310077519379844
0 0.5213333333333333 0.48372093023255813 0.04 0.043410852713178294
0 0.684 0.42170542635658914 0.037333333333333336 0.04496124031007752
0 0.214 0.462015503875969 0.04133333333333333 0.03875968992248062
0 0.21866666666666668 0.6410852713178294 0.04 0.043410852713178294
0 0.382 0.43333333333333335 0.03866666666666667 0.04186046511627907
0 0.5713333333333334 0.3302325581395349 0.036 0.03875968992248062
0 0.166 0.7271317829457364 0.042666666666666665 0.043410852713178294
0 0.226 0.7868217054263565 0.04133333333333333 0.04496124031007752
0 0.514 0.26744186046511625 0.037333333333333336 0.04186046511627907
0 0.22466666666666665 0.7503875968992249 0.04133333333333333 0.040310077519379844
0 0.188 0.8697674418604651 0.03333333333333333 0.03875968992248062
0 0.39 0.6503875968992248 0.04 0.04496124031007752
0 0.27066666666666667 0.45348837209302323 0.042666666666666665 0.040310077519379844
0 0.732 0.23488372093023255 0.03866666666666667 0.04186046511627907
0 0.736 0.3434108527131783 0.042666666666666665 0.040310077519379844
0 0.568 0.2596899224806202 0.036 0.04186046511627907
0 0.326 0.4449612403100775 0.03866666666666667 0.040310077519379844
0 0.6273333333333333 0.39612403100775195 0.03866666666666667 0.040310077519379844
0 0.3233333333333333 0.33565891472868215 0.04 0.04186046511627907
0 0.332 0.6255813953488372 0.03866666666666667 0.040310077519379844
0 0.626 0.35968992248062015 0.03866666666666667 0.04186046511627907
0 0.734 0.26976744186046514 0.042666666666666665 0.040310077519379844
0 0.5153333333333333 0.30465116279069765 0.04 0.04186046511627907
0 0.328 0.4790697674418605 0.037333333333333336 0.037209302325581395
0 0.18466666666666667 0.8325581395348837 0.034666666666666665 0.04186046511627907
0 0.7946666666666666 0.43953488372093025 0.04 0.04186046511627907
0 0.16 0.5069767441860465 0.04 0.040310077519379844
0 0.7346666666666667 0.30697674418604654 0.04133333333333333 0.043410852713178294
0 0.15466666666666667 0.3992248062015504 0.04133333333333333 0.04186046511627907
0 0.386 0.5457364341085271 0.04 0.040310077519379844
0 0.7886666666666666 0.29534883720930233 0.03866666666666667 0.04186046511627907
0 0.21666666666666667 0.5697674418604651 0.03866666666666667 0.04496124031007752
0 0.7406666666666667 0.4503875968992248 0.04 0.04496124031007752
0 0.5693333333333334 0.2961240310077519 0.03866666666666667 0.040310077519379844
0 0.6773333333333333 0.24186046511627907 0.03866666666666667 0.043410852713178294
0 0.20933333333333334 0.31550387596899226 0.03866666666666667 0.043410852713178294
0 0.152 0.32170542635658916 0.03866666666666667 0.040310077519379844
0 0.5293333333333333 0.7 0.04133333333333333 0.043410852713178294
0 0.792 0.33410852713178296 0.037333333333333336 0.04186046511627907
0 0.26666666666666666 0.3457364341085271 0.04 0.040310077519379844
0 0.384 0.5085271317829457 0.04 0.043410852713178294
0 0.5813333333333334 0.6550387596899225 0.04133333333333333 0.04496124031007752
0 0.3913333333333333 0.6891472868217055 0.04 0.04186046511627907
0 0.5166666666666667 0.3395348837209302 0.034666666666666665 0.037209302325581395
0 0.688 0.5666666666666667 0.04133333333333333 0.040310077519379844
0 0.162 0.5821705426356589 0.04 0.04186046511627907
0 0.43466666666666665 0.46124031007751937 0.037333333333333336 0.040310077519379844
0 0.5726666666666667 0.40232558139534885 0.03866666666666667 0.037209302325581395
0 0.22666666666666666 0.8240310077519379 0.04 0.04186046511627907
0 0.21533333333333332 0.5333333333333333 0.036 0.037209302325581395
0 0.528 0.6643410852713179 0.04133333333333333 0.04186046511627907
0 0.7446666666666667 0.5573643410852713 0.042666666666666665 0.043410852713178294
0 0.18333333333333332 0.7968992248062016 0.032 0.03565891472868217
0 0.5846666666666667 0.7286821705426356 0.03866666666666667 0.040310077519379844
0 0.15933333333333333 0.8728682170542635 0.03333333333333333 0.040310077519379844
0 0.15666666666666668 0.8023255813953488 0.030666666666666665 0.03875968992248062
0 0.22066666666666668 0.6790697674418604 0.04 0.04186046511627907