0 0.19277777777777777 0.4218241042345277 0.03222222222222222 0.04560260586319218
0 0.4 0.747557003257329 0.03111111111111111 0.03908794788273615
0 0.19333333333333333 0.3338762214983713 0.03111111111111111 0.03908794788273615
0 0.5572222222222222 0.8314332247557004 0.034444444444444444 0.04071661237785016
0 0.24388888888888888 0.9153094462540716 0.03888888888888889 0.04560260586319218
0 0.29777777777777775 0.8680781758957655 0.03333333333333333 0.03908794788273615
0 0.8666666666666667 0.38192182410423453 0.035555555555555556 0.03745928338762215
0 0.8166666666666667 0.8729641693811075 0.03333333333333333 0.04234527687296417
0 0.7122222222222222 0.5863192182410424 0.03333333333333333 0.04234527687296417
0 0.34944444444444445 0.9144951140065146 0.034444444444444444 0.04071661237785016
0 0.5055555555555555 0.25 0.044444444444444446 0.03745928338762215
0 0.9177777777777778 0.2964169381107492 0.03333333333333333 0.03908794788273615
0 0.9194444444444444 0.9153094462540716 0.034444444444444444 0.04234527687296417
0 0.92 0.6669381107491856 0.035555555555555556 0.04071661237785016
0 0.245 0.7915309446254072 0.034444444444444444 0.04234527687296417
0 0.8166666666666667 0.8314332247557004 0.03333333333333333 0.04071661237785016
0 0.14222222222222222 0.4600977198697068 0.03111111111111111 0.03745928338762215
0 0.5572222222222222 0.500814332247557 0.03 0.03745928338762215
0 0.4533333333333333 0.4185667752442997 0.02666666666666667 0.03908794788273615
0 0.8677777777777778 0.9153094462540716 0.03777777777777778 0.04560260586319218
0 0.6083333333333333 0.5423452768729642 0.03 0.03908794788273615
0 0.09 0.6612377850162866 0.03333333333333333 0.03908794788273615
0 0.4011111111111111 0.8672638436482085 0.035555555555555556 0.043973941368078175
0 0.4011111111111111 0.9120521172638436 0.035555555555555556 0.04560260586319218
0 0.08888888888888889 0.5423452768729642 0.03333333333333333 0.04234527687296417
0 0.09 0.3729641693811075 0.03111111111111111 0.04234527687296417
0 0.5066666666666667 0.18566775244299674 0.044444444444444446 0.03908794788273615
0 0.2972222222222222 0.9128664495114006 0.03888888888888889 0.04723127035830619
0 0.5072222222222222 0.31596091205211724 0.043333333333333335 0.03908794788273615
0 0.245 0.4592833876221498 0.034444444444444444 0.035830618892508145
0 0.8166666666666667 0.5846905537459284 0.035555555555555556 0.04234527687296417
0 0.1411111111111111 0.3298045602605863 0.035555555555555556 0.03745928338762215
0 0.66 0.6669381107491856 0.03333333333333333 0.043973941368078175
0 0.5577777777777778 0.5846905537459284 0.03333333333333333 0.04234527687296417
0 0.8666666666666667 0.7915309446254072 0.03777777777777778 0.04234527687296417
0 0.66 0.7907166123778502 0.03333333333333333 0.04071661237785016
0 0.2972222222222222 0.7899022801302932 0.034444444444444444 0.04234527687296417
0 0.14333333333333334 0.16205211726384364 0.03111111111111111 0.043973941368078175
0 0.14166666666666666 0.252442996742671 0.03222222222222222 0.03908794788273615
0 0.1922222222222222 0.2923452768729642 0.03111111111111111 0.043973941368078175
0 0.8661111111111112 0.4600977198697068 0.034444444444444444 0.04071661237785016
0 0.8661111111111112 0.2972312703583062 0.034444444444444444 0.04071661237785016
0 0.8172222222222222 0.7092833876221498 0.03666666666666667 0.043973941368078175
0 0.14166666666666666 0.4226384364820847 0.03222222222222222 0.03745928338762215
0 0.8655555555555555 0.5423452768729642 0.03333333333333333 0.04234527687296417
0 0.9188888888888889 0.25814332247557004 0.035555555555555556 0.04071661237785016
0 0.08888888888888889 0.4600977198697068 0.035555555555555556 0.04071661237785016
0 0.08944444444444444 0.499185667752443 0.034444444444444444 0.04071661237785016
0 0.6083333333333333 0.6245928338762216 0.034444444444444444 0.043973941368078175
0 0.6605555555555556 0.8737785016286646 0.03666666666666667 0.043973941368078175
0 0.7633333333333333 0.3802931596091205 0.035555555555555556 0.04723127035830619
0 0.6083333333333333 0.749185667752443 0.034444444444444444 0.04234527687296417
0 0.5577777777777778 0.254071661237785 0.03333333333333333 0.03908794788273615
0 0.2972222222222222 0.747557003257329 0.034444444444444444 0.04234527687296417
0 0.9188888888888889 0.6254071661237784 0.035555555555555556 0.04234527687296417
0 0.8161111111111111 0.6669381107491856 0.03666666666666667 0.04071661237785016
0 0.7111111111111111 0.5 0.03111111111111111 0.03908794788273615
0 0.66 0.8306188925081434 0.035555555555555556 0.04234527687296417
0 0.4 0.7076547231270358 0.03111111111111111 0.04071661237785016
0 0.34944444444444445 0.7084690553745928 0.034444444444444444 0.04234527687296417
0 0.5566666666666666 0.7907166123778502 0.03333333333333333 0.04071661237785016
0 0.9183333333333333 0.4609120521172638 0.034444444444444444 0.03908794788273615
0 0.14166666666666666 0.2915309446254072 0.03222222222222222 0.03908794788273615
0 0.6077777777777778 0.6653094462540716 0.03333333333333333 0.03745928338762215
0 0.8672222222222222 0.6685667752442996 0.03666666666666667 0.043973941368078175
0 0.5066666666666667 0.497557003257329 0.04 0.030944625407166124
0 0.08833333333333333 0.5806188925081434 0.034444444444444444 0.024429967426710098
0 0.5194444444444445 0.7271986970684039 0.021111111111111112 0.024429967426710098
0 0.40055555555555555 0.4600977198697068 0.034444444444444444 0.04071661237785016
0 0.6083333333333333 0.3770358306188925 0.03222222222222222 0.043973941368078175
0 0.34944444444444445 0.46172638436482083 0.034444444444444444 0.04071661237785016
0 0.40055555555555555 0.5431596091205212 0.03222222222222222 0.04071661237785016
0 0.4011111111111111 0.501628664495114 0.03333333333333333 0.04234527687296417
0 0.5577777777777778 0.2964169381107492 0.035555555555555556 0.04234527687296417
0 0.8155555555555556 0.1995114006514658 0.03333333333333333 0.02768729641693811
0 0.66 0.15309446254071662 0.035555555555555556 0.029315960912052116
0 0.865 0.1986970684039088 0.034444444444444444 0.02280130293159609
0 0.5194444444444445 0.745114006514658 0.021111111111111112 0.017915309446254073
0 0.5577777777777778 0.5423452768729642 0.03333333333333333 0.04234527687296417
0 0.34944444444444445 0.6254071661237784 0.034444444444444444 0.04234527687296417
0 0.4011111111111111 0.3762214983713355 0.03333333333333333 0.04234527687296417
0 0.6072222222222222 0.501628664495114 0.034444444444444444 0.04234527687296417
0 0.6605555555555556 0.1767100977198697 0.02666666666666667 0.019543973941368076
0 0.8161111111111111 0.22312703583061888 0.02666666666666667 0.017915309446254073
0 0.8683333333333333 0.21905537459283386 0.027777777777777776 0.017915309446254073
0 0.5183333333333333 0.759771986970684 0.02 0.013029315960912053
0 0.6622222222222223 0.9144951140065146 0.03777777777777778 0.02768729641693811
0 0.8155555555555556 0.3794788273615635 0.035555555555555556 0.04234527687296417
0 0.5572222222222222 0.33794788273615634 0.034444444444444444 0.04071661237785016
0 0.245 0.5846905537459284 0.03666666666666667 0.04234527687296417
0 0.29777777777777775 0.2931596091205212 0.03333333333333333 0.04560260586319218
0 0.5572222222222222 0.3802931596091205 0.034444444444444444 0.043973941368078175
0 0.8166666666666667 0.4609120521172638 0.035555555555555556 0.04234527687296417
0 0.5572222222222222 0.4609120521172638 0.03222222222222222 0.04234527687296417
0 0.6594444444444445 0.5423452768729642 0.034444444444444444 0.04560260586319218
0 0.71 0.255700325732899 0.035555555555555556 0.04234527687296417
0 0.34833333333333333 0.3778501628664495 0.034444444444444444 0.03908794788273615
0 0.6088888888888889 0.2947882736156352 0.03333333333333333 0.048859934853420196
0 0.815 0.254885993485342 0.03666666666666667 0.043973941368078175
0 0.34944444444444445 0.4193811074918567 0.034444444444444444 0.043973941368078175
0 0.66 0.3786644951140065 0.035555555555555556 0.04071661237785016
0 0.6094444444444445 0.7068403908794788 0.034444444444444444 0.04560260586319218
0 0.505 0.4535830618892508 0.04111111111111111 0.04723127035830619
0 0.35 0.5407166123778502 0.03333333333333333 0.04234527687296417
0 0.7633333333333333 0.33957654723127034 0.035555555555555556 0.043973941368078175
0 0.45222222222222225 0.4609120521172638 0.03333333333333333 0.04560260586319218
0 0.7116666666666667 0.4177524429967427 0.034444444444444444 0.04071661237785016
0 0.6605555555555556 0.4201954397394137 0.034444444444444444 0.04234527687296417
0 0.2966666666666667 0.4600977198697068 0.035555555555555556 0.04071661237785016
0 0.24444444444444444 0.6270358306188925 0.03333333333333333 0.04234527687296417
0 0.2972222222222222 0.5415309446254072 0.034444444444444444 0.04071661237785016
0 0.6605555555555556 0.33713355048859933 0.034444444444444444 0.04234527687296417
0 0.7116666666666667 0.4600977198697068 0.034444444444444444 0.04071661237785016
0 0.4011111111111111 0.4185667752442997 0.03333333333333333 0.04234527687296417
0 0.4 0.6229641693811075 0.03333333333333333 0.043973941368078175
0 0.5577777777777778 0.6262214983713354 0.03333333333333333 0.04071661237785016
0 0.6088888888888889 0.20846905537459284 0.03333333333333333 0.04560260586319218
0 0.2961111111111111 0.5 0.034444444444444444 0.04234527687296417
0 0.8155555555555556 0.33794788273615634 0.03333333333333333 0.04071661237785016
0 0.24555555555555555 0.3762214983713355 0.035555555555555556 0.04234527687296417
0 0.24555555555555555 0.4185667752442997 0.03333333333333333 0.04234527687296417
0 0.8155555555555556 0.2972312703583062 0.03777777777777778 0.04071661237785016
0 0.1411111111111111 0.3737785016286645 0.035555555555555556 0.050488599348534204
0 0.34833333333333333 0.33713355048859933 0.03222222222222222 0.03908794788273615
0 0.7105555555555556 0.2972312703583062 0.034444444444444444 0.04071661237785016
0 0.71 0.21254071661237786 0.035555555555555556 0.043973941368078175
0 0.34944444444444445 0.500814332247557 0.034444444444444444 0.03745928338762215
0 0.08777777777777777 0.7084690553745928 0.03777777777777778 0.04560260586319218
0 0.3488888888888889 0.6669381107491856 0.03333333333333333 0.04071661237785016
0 0.6594444444444445 0.6245928338762216 0.03222222222222222 0.04071661237785016
0 0.2972222222222222 0.3762214983713355 0.034444444444444444 0.04234527687296417
0 0.19277777777777777 0.3770358306188925 0.03222222222222222 0.043973941368078175
0 0.8166666666666667 0.5431596091205212 0.035555555555555556 0.04071661237785016
0 0.66 0.2939739413680782 0.03333333333333333 0.043973941368078175
0 0.2972222222222222 0.6661237785016286 0.034444444444444444 0.04234527687296417
0 0.2972222222222222 0.6237785016286646 0.034444444444444444 0.04560260586319218
0 0.6594444444444445 0.20928338762214985 0.034444444444444444 0.043973941368078175
0 0.8161111111111111 0.4210097719869707 0.034444444444444444 0.04071661237785016
0 0.4538888888888889 0.3762214983713355 0.03222222222222222 0.04234527687296417
0 0.7111111111111111 0.5423452768729642 0.03333333333333333 0.04560260586319218
0 0.6083333333333333 0.5814332247557004 0.03222222222222222 0.04234527687296417
0 0.7627777777777778 0.255700325732899 0.034444444444444444 0.04560260586319218
0 0.8161111111111111 0.6270358306188925 0.03666666666666667 0.04234527687296417
0 0.9183333333333333 0.33957654723127034 0.034444444444444444 0.04071661237785016
0 0.7116666666666667 0.34039087947882735 0.034444444444444444 0.04234527687296417
0 0.6088888888888889 0.33713355048859933 0.03333333333333333 0.035830618892508145
0 0.9188888888888889 0.21009771986970685 0.035555555555555556 0.05211726384364821
0 0.8161111111111111 0.502442996742671 0.034444444444444444 0.04071661237785016
0 0.4 0.5830618892508144 0.03333333333333333 0.03908794788273615
0 0.7105555555555556 0.16368078175895764 0.03666666666666667 0.050488599348534204
0 0.5572222222222222 0.20928338762214985 0.03222222222222222 0.050488599348534204
0 0.6083333333333333 0.251628664495114 0.03222222222222222 0.03745928338762215
0 0.6077777777777778 0.8729641693811075 0.035555555555555556 0.04234527687296417
0 0.3488888888888889 0.5822475570032574 0.03333333333333333 0.04071661237785016
0 0.245 0.6685667752442996 0.034444444444444444 0.043973941368078175
0 0.24555555555555555 0.747557003257329 0.03333333333333333 0.04234527687296417
0 0.4 0.3346905537459283 0.03333333333333333 0.04071661237785016
0 0.8666666666666667 0.33957654723127034 0.035555555555555556 0.04723127035830619
0 0.34833333333333333 0.2931596091205212 0.034444444444444444 0.048859934853420196
0 0.5572222222222222 0.4210097719869707 0.03222222222222222 0.03745928338762215
0 0.7616666666666667 0.2980456026058632 0.03222222222222222 0.03908794788273615
0 0.6083333333333333 0.4584690553745928 0.034444444444444444 0.043973941368078175
0 0.8672222222222222 0.6270358306188925 0.03666666666666667 0.04234527687296417
0 0.6077777777777778 0.7915309446254072 0.03333333333333333 0.03908794788273615
0 0.7122222222222222 0.3794788273615635 0.03333333333333333 0.03908794788273615
0 0.245 0.5431596091205212 0.034444444444444444 0.043973941368078175
0 0.6077777777777778 0.4177524429967427 0.03333333333333333 0.03745928338762215
0 0.66 0.499185667752443 0.03333333333333333 0.03745928338762215
0 0.8166666666666667 0.7899022801302932 0.035555555555555556 0.04234527687296417
0 0.455 0.3322475570032573 0.03222222222222222 0.04234527687296417
0 0.245 0.500814332247557 0.034444444444444444 0.043973941368078175
0 0.2972222222222222 0.7076547231270358 0.03222222222222222 0.03745928338762215
0 0.4011111111111111 0.2972312703583062 0.03111111111111111 0.03745928338762215
0 0.2972222222222222 0.3355048859934853 0.03222222222222222 0.03908794788273615
0 0.8666666666666667 0.501628664495114 0.035555555555555556 0.04234527687296417
0 0.7627777777777778 0.21172638436482086 0.034444444444444444 0.04560260586319218
0 0.24555555555555555 0.3338762214983713 0.035555555555555556 0.03908794788273615
0 0.39944444444444444 0.6661237785016286 0.03666666666666667 0.04234527687296417
0 0.6077777777777778 0.8314332247557004 0.03333333333333333 0.04071661237785016
0 0.2972222222222222 0.4193811074918567 0.034444444444444444 0.043973941368078175
0 0.66 0.4609120521172638 0.03333333333333333 0.03908794788273615
0 0.35 0.8721498371335505 0.035555555555555556 0.043973941368078175
0 0.9183333333333333 0.3811074918566775 0.034444444444444444 0.04234527687296417
0 0.2972222222222222 0.5822475570032574 0.03222222222222222 0.04071661237785016
0 0.6066666666666667 0.9161237785016286 0.035555555555555556 0.043973941368078175
0 0.8666666666666667 0.7117263843648208 0.035555555555555556 0.04234527687296417
0 0.9188888888888889 0.5439739413680782 0.035555555555555556 0.04234527687296417
0 0.6605555555555556 0.7109120521172638 0.034444444444444444 0.043973941368078175
0 0.4022222222222222 0.25651465798045603 0.03333333333333333 0.043973941368078175
0 0.8661111111111112 0.253257328990228 0.03666666666666667 0.050488599348534204
0 0.8666666666666667 0.5838762214983714 0.035555555555555556 0.04071661237785016
0 0.9183333333333333 0.4226384364820847 0.034444444444444444 0.03745928338762215
0 0.24555555555555555 0.2907166123778502 0.03333333333333333 0.04071661237785016
0 0.9194444444444444 0.501628664495114 0.034444444444444444 0.04234527687296417
0 0.14333333333333334 0.20846905537459284 0.03333333333333333 0.04560260586319218
0 0.5072222222222222 0.15065146579804561 0.043333333333333335 0.03420195439739414
0 0.40166666666666667 0.16286644951140064 0.034444444444444444 0.04560260586319218
0 0.9205555555555556 0.8322475570032574 0.03666666666666667 0.04234527687296417
0 0.8672222222222222 0.751628664495114 0.034444444444444444 0.04071661237785016
0 0.08833333333333333 0.4169381107491857 0.03222222222222222 0.04234527687296417
0 0.24555555555555555 0.8338762214983714 0.035555555555555556 0.03908794788273615
0 0.8672222222222222 0.4193811074918567 0.034444444444444444 0.03745928338762215
0 0.29777777777777775 0.8298045602605864 0.03333333333333333 0.03745928338762215
0 0.245 0.7076547231270358 0.034444444444444444 0.03420195439739414
0 0.3488888888888889 0.749185667752443 0.03333333333333333 0.03908794788273615
0 0.5566666666666666 0.7068403908794788 0.03111111111111111 0.04234527687296417
0 0.34944444444444445 0.8306188925081434 0.034444444444444444 0.03908794788273615
0 0.6594444444444445 0.251628664495114 0.03222222222222222 0.04071661237785016
0 0.6605555555555556 0.751628664495114 0.034444444444444444 0.03745928338762215
0 0.4 0.7890879478827362 0.035555555555555556 0.043973941368078175
0 0.5572222222222222 0.6653094462540716 0.034444444444444444 0.03745928338762215
0 0.9211111111111111 0.7890879478827362 0.035555555555555556 0.043973941368078175
0 0.8666666666666667 0.8330618892508144 0.03777777777777778 0.043973941368078175
0 0.455 0.2931596091205212 0.03222222222222222 0.03257328990228013
0 0.5577777777777778 0.9104234527687296 0.03333333333333333 0.048859934853420196
0 0.245 0.8721498371335505 0.034444444444444444 0.04071661237785016
0 0.6583333333333333 0.5830618892508144 0.034444444444444444 0.03908794788273615
0 0.9205555555555556 0.8729641693811075 0.034444444444444444 0.03908794788273615
0 0.8155555555555556 0.9153094462540716 0.03333333333333333 0.03908794788273615
0 0.9188888888888889 0.5846905537459284 0.03333333333333333 0.03908794788273615
0 0.8672222222222222 0.8729641693811075 0.034444444444444444 0.03908794788273615
0 0.4011111111111111 0.8289902280130294 0.035555555555555556 0.035830618892508145
0 0.34944444444444445 0.7907166123778502 0.034444444444444444 0.043973941368078175
0 0.9194444444444444 0.7092833876221498 0.03 0.03745928338762215
0 0.5072222222222222 0.3802931596091205 0.043333333333333335 0.03420195439739414
0 0.4011111111111111 0.21172638436482086 0.035555555555555556 0.04560260586319218
0 0.08833333333333333 0.6180781758957655 0.027777777777777776 0.04071661237785016
0 0.5577777777777778 0.747557003257329 0.03333333333333333 0.04234527687296417
0 0.5077777777777778 0.3517915309446254 0.042222222222222223 0.03257328990228013
0 0.8166666666666667 0.75 0.035555555555555556 0.03745928338762215
0 0.10333333333333333 0.2899022801302932 0.022222222222222223 0.035830618892508145
0 0.9211111111111111 0.747557003257329 0.03333333333333333 0.03908794788273615
0 0.10333333333333333 0.20521172638436483 0.024444444444444446 0.03257328990228013
0 0.10333333333333333 0.16123778501628663 0.024444444444444446 0.03908794788273615
0 0.5055555555555555 0.28501628664495116 0.044444444444444446 0.029315960912052116
0 0.5055555555555555 0.2182410423452769 0.044444444444444446 0.029315960912052116
0 0.1527777777777778 0.498371335504886 0.023333333333333334 0.035830618892508145
0 0.10111111111111111 0.3289902280130293 0.022222222222222223 0.03257328990228013
0 0.10333333333333333 0.24674267100977199 0.022222222222222223 0.03745928338762215
0 0.5577777777777778 0.8697068403908795 0.035555555555555556 0.026058631921824105