0 0.3175 0.17246835443037975 0.0275 0.0379746835443038
0 0.61 0.6637658227848101 0.04125 0.04272151898734177
0 0.535625 0.5031645569620253 0.04 0.04430379746835443
0 0.235 0.5609177215189873 0.0375 0.04430379746835443
0 0.189375 0.5126582278481012 0.0425 0.04430379746835443
0 0.37125 0.47705696202531644 0.03875 0.04113924050632911
0 0.5425 0.47310126582278483 0.04 0.04272151898734177
0 0.6175 0.6337025316455697 0.04125 0.04272151898734177
0 0.603125 0.46281645569620256 0.04125 0.04272151898734177
0 0.019375 0.7531645569620253 0.03875 0.04746835443037975
0 0.731875 0.6400316455696202 0.0425 0.04272151898734177
0 0.256875 0.18670886075949367 0.03 0.0379746835443038
0 0.6325 0.571993670886076 0.03875 0.04113924050632911
0 0.685625 0.5917721518987342 0.04 0.04272151898734177
0 0.439375 0.43670886075949367 0.0375 0.04113924050632911
0 0.5425 0.939873417721519 0.045 0.04746835443037975
0 0.1675 0.6060126582278481 0.04125 0.04430379746835443
0 0.301875 0.2389240506329114 0.03125 0.0379746835443038
0 0.738125 0.6091772151898734 0.04 0.04272151898734177
0 0.5275 0.5348101265822784 0.04125 0.04272151898734177
0 0.55625 0.4098101265822785 0.0425 0.04588607594936709
0 0.53625 0.7373417721518988 0.04375 0.04588607594936709
0 0.361875 0.5079113924050633 0.03875 0.04272151898734177
0 0.490625 0.6867088607594937 0.0425 0.04588607594936709
0 0.571875 0.8164556962025317 0.0425 0.04272151898734177
0 0.595625 0.49287974683544306 0.0425 0.04113924050632911
0 0.324375 0.13924050632911392 0.03125 0.0379746835443038
0 0.248125 0.22231012658227847 0.03125 0.04113924050632911
0 0.2875 0.34810126582278483 0.045 0.04746835443037975
0 0.678125 0.6210443037974683 0.04 0.04272151898734177
0 0.820625 0.5031645569620253 0.0425 0.04746835443037975
0 0.49625 0.6558544303797469 0.04125 0.04272151898734177
0 0.625625 0.8354430379746836 0.0425 0.04588607594936709
0 0.589375 0.5237341772151899 0.0425 0.04430379746835443
0 0.51125 0.5957278481012658 0.04 0.04430379746835443
0 0.661875 0.44936708860759494 0.0425 0.04746835443037975
0 0.715 0.4651898734177215 0.0425 0.04588607594936709
0 0.64 0.5411392405063291 0.04125 0.04430379746835443
0 0.670625 0.6526898734177216 0.04125 0.04430379746835443
0 0.331875 0.3987341772151899 0.045 0.04746835443037975
0 0.76125 0.5181962025316456 0.0425 0.04588607594936709
0 0.431875 0.4675632911392405 0.04 0.04272151898734177
0 0.52 0.564873417721519 0.03875 0.04272151898734177
0 0.235 0.3275316455696203 0.045 0.04746835443037975
0 0.504375 0.6265822784810127 0.04125 0.04113924050632911
0 0.64125 0.7745253164556962 0.04375 0.04588607594936709
0 0.39375 0.6194620253164557 0.03875 0.0379746835443038
0 0.03125 0.689873417721519 0.04 0.03955696202531646
0 0.7725 0.8837025316455697 0.025 0.028481012658227847
0 0.79875 0.5973101265822784 0.04125 0.04430379746835443
0 0.07 0.5363924050632911 0.0425 0.04272151898734177
0 0.360625 0.11471518987341772 0.025 0.030063291139240507
0 0.768125 0.9517405063291139 0.04125 0.04430379746835443
0 0.254375 0.07674050632911393 0.02875 0.0379746835443038
0 0.444375 0.872626582278481 0.04 0.04272151898734177
0 0.201875 0.05617088607594937 0.0275 0.03481012658227848
0 0.55 0.9074367088607594 0.04 0.04113924050632911
0 0.580625 0.5545886075949367 0.03625 0.04113924050632911
0 0.25125 0.49920886075949367 0.0425 0.04430379746835443
0 0.23875 0.14477848101265822 0.03 0.03639240506329114
0 0.5425 0.7064873417721519 0.04125 0.03955696202531646
0 0.438125 0.9018987341772152 0.0425 0.04588607594936709
0 0.363125 0.742879746835443 0.03875 0.04113924050632911
0 0.13625 0.2602848101265823 0.0375 0.04113924050632911
0 0.175625 0.04509493670886076 0.03 0.03955696202531646
0 0.76 0.9802215189873418 0.04375 0.03955696202531646
0 0.1775 0.1574367088607595 0.03 0.03481012658227848
0 0.79125 0.8607594936708861 0.04375 0.04430379746835443
0 0.6725 0.8837025316455697 0.0425 0.04272151898734177
0 0.046875 0.629746835443038 0.0425 0.04272151898734177
0 0.271875 0.6408227848101266 0.03875 0.04113924050632911
0 0.2225 0.21044303797468356 0.02625 0.03164556962025317
0 0.2275 0.5925632911392406 0.0375 0.04113924050632911
0 0.33625 0.21518987341772153 0.025 0.030063291139240507
0 0.03875 0.6598101265822784 0.04375 0.04588607594936709
0 0.460625 0.810126582278481 0.04 0.04430379746835443
0 0.70875 0.7318037974683544 0.04375 0.04272151898734177
0 0.099375 0.4137658227848101 0.04 0.04272151898734177
0 0.81375 0.7681962025316456 0.04375 0.04430379746835443
0 0.105625 0.3837025316455696 0.0425 0.04272151898734177
0 0.385625 0.6487341772151899 0.0425 0.04430379746835443
0 0.701875 0.9873417721518988 0.0425 0.02531645569620253
0 0.246875 0.10996835443037975 0.0275 0.03322784810126582
0 0.724375 0.9011075949367089 0.04125 0.04272151898734177
0 0.8075 0.567246835443038 0.0375 0.04113924050632911
0 0.52 0.7950949367088608 0.045 0.0490506329113924
0 0.34625 0.8037974683544303 0.0425 0.04588607594936709
0 0.343125 0.1819620253164557 0.02875 0.03955696202531646
0 0.3975 0.20094936708860758 0.03 0.0379746835443038
0 0.739375 0.8401898734177216 0.04125 0.04272151898734177
0 0.349375 0.5664556962025317 0.03875 0.03639240506329114
0 0.14125 0.1819620253164557 0.03 0.03955696202531646
0 0.195 0.20094936708860758 0.03 0.03639240506329114
0 0.829375 0.7088607594936709 0.0425 0.04272151898734177
0 0.220625 0.622626582278481 0.04375 0.04430379746835443
0 0.193125 0.0893987341772152 0.02875 0.0379746835443038
0 0.369375 0.7112341772151899 0.04 0.04430379746835443
0 0.181875 0.7784810126582279 0.04375 0.04430379746835443
0 0.38875 0.23338607594936708 0.03125 0.03955696202531646
0 0.2725 0.4098101265822785 0.0425 0.04430379746835443
0 0.74625 0.5783227848101266 0.04125 0.04430379746835443
0 0.295 0.5514240506329114 0.04125 0.04430379746835443
0 0.87375 0.5229430379746836 0.0425 0.04746835443037975
0 0.40625 0.1661392405063291 0.0325 0.03955696202531646
0 0.121875 0.3212025316455696 0.04375 0.04430379746835443
0 0.588125 0.754746835443038 0.0425 0.04430379746835443
0 0.18125 0.31170886075949367 0.0425 0.04588607594936709
0 0.2725 0.12025316455696203 0.02875 0.0379746835443038
0 0.565 0.8457278481012658 0.04125 0.04430379746835443
0 0.580625 0.7863924050632911 0.0425 0.04272151898734177
0 0.6475 0.5102848101265823 0.04 0.04113924050632911
0 0.565 0.6147151898734177 0.0425 0.04588607594936709
0 0.299375 0.12895569620253164 0.03 0.03955696202531646
0 0.196875 0.24920886075949367 0.045 0.04746835443037975
0 0.265 0.15427215189873417 0.03 0.04113924050632911
0 0.62625 0.6020569620253164 0.04125 0.04430379746835443
0 0.514375 0.3599683544303797 0.04 0.04113924050632911
0 0.464375 0.617879746835443 0.02625 0.028481012658227847
0 0.460625 0.6376582278481012 0.025 0.02531645569620253
0 0.47 0.5466772151898734 0.03875 0.03322784810126582
0 0.498125 0.43037974683544306 0.03875 0.02689873417721519
0 0.489375 0.46360759493670883 0.03625 0.028481012658227847
0 0.50875 0.38924050632911394 0.04 0.04113924050632911
0 0.50125 0.41218354430379744 0.04 0.03322784810126582
0 0.398125 0.8876582278481012 0.025 0.028481012658227847
0 0.46625 0.5625 0.03125 0.01740506329113924
0 0.48625 0.4802215189873418 0.03625 0.028481012658227847
0 0.493125 0.4462025316455696 0.03625 0.030063291139240507
0 0.310625 0.4865506329113924 0.04125 0.04430379746835443
0 0.789375 0.9240506329113924 0.03 0.03955696202531646
0 0.355 0.7721518987341772 0.0375 0.04113924050632911
0 0.469375 0.5965189873417721 0.02625 0.028481012658227847
0 0.24375 0.5308544303797469 0.0325 0.03481012658227848
0 0.753125 0.9944620253164557 0.0425 0.011075949367088608
0 0.765 0.9137658227848101 0.02625 0.03164556962025317
0 0.22875 0.06645569620253164 0.02875 0.03639240506329114
0 0.29375 0.7856012658227848 0.03875 0.04113924050632911
0 0.4975 0.8900316455696202 0.04375 0.04272151898734177
0 0.061875 0.5656645569620253 0.04 0.04113924050632911
0 0.258125 0.4675632911392405 0.04125 0.03955696202531646
0 0.2825 0.08702531645569621 0.02625 0.03164556962025317
0 0.5275 0.7681962025316456 0.03875 0.0379746835443038
0 0.474375 0.5245253164556962 0.0375 0.03639240506329114
0 0.40875 0.7982594936708861 0.035 0.03322784810126582
0 0.7975 0.8931962025316456 0.0275 0.03322784810126582
0 0.5725 0.5838607594936709 0.03625 0.03955696202531646
0 0.4025 0.8623417721518988 0.02625 0.030063291139240507
0 0.45 0.6772151898734177 0.025 0.028481012658227847
0 0.304375 0.5110759493670886 0.05 0.061708860759493674
0 0.76 0.7507911392405063 0.03875 0.04113924050632911
0 0.300625 0.7539556962025317 0.04125 0.04272151898734177
0 0.455625 0.6558544303797469 0.02375 0.02531645569620253
0 0.265625 0.442246835443038 0.04375 0.04430379746835443
0 0.769375 0.7207278481012658 0.0425 0.04430379746835443
0 0.28 0.6099683544303798 0.04 0.04430379746835443
0 0.166875 0.07911392405063292 0.02875 0.03639240506329114
0 0.13 0.7579113924050633 0.03875 0.04113924050632911
0 0.228125 0.3599683544303797 0.03875 0.03955696202531646
0 0.505 0.8599683544303798 0.04375 0.04430379746835443
0 0.74625 0.810126582278481 0.03875 0.04113924050632911
0 0.15875 0.11392405063291139 0.03 0.0379746835443038
0 0.078125 0.507120253164557 0.0425 0.04430379746835443
0 0.851875 0.615506329113924 0.04 0.04113924050632911
0 0.858125 0.5862341772151899 0.0425 0.04430379746835443
0 0.67875 0.8528481012658228 0.0425 0.04430379746835443
0 0.649375 0.9762658227848101 0.04125 0.04272151898734177
0 0.275 0.23022151898734178 0.0275 0.03481012658227848
0 0.2275 0.8283227848101266 0.04125 0.04272151898734177
0 0.38625 0.4161392405063291 0.0375 0.03955696202531646
0 0.278125 0.8465189873417721 0.0375 0.04113924050632911
0 0.1675 0.19145569620253164 0.03 0.03955696202531646
0 0.149375 0.14794303797468356 0.0325 0.04272151898734177
0 0.55 0.678006329113924 0.045 0.04746835443037975
0 0.8225 0.7381329113924051 0.0425 0.04272151898734177
0 0.211875 0.6550632911392406 0.0425 0.04430379746835443
0 0.28 0.37895569620253167 0.04125 0.04272151898734177
0 0.286875 0.5814873417721519 0.03875 0.04113924050632911
0 0.618125 0.8662974683544303 0.04125 0.04113924050632911
0 0.30875 0.7238924050632911 0.0425 0.04430379746835443
0 0.09125 0.44462025316455694 0.04125 0.04430379746835443
0 0.370625 0.1906645569620253 0.02875 0.03955696202531646
0 0.394375 0.3829113924050633 0.04 0.04430379746835443
0 0.308125 0.09731012658227849 0.03125 0.0379746835443038
0 0.286875 0.814873417721519 0.04125 0.04113924050632911
0 0.185 0.12420886075949367 0.03 0.03955696202531646
0 0.655625 0.7120253164556962 0.04 0.04272151898734177
0 0.144375 0.6985759493670886 0.0425 0.04272151898734177
0 0.203125 0.6875 0.04125 0.04272151898734177
0 0.121875 0.7879746835443038 0.0425 0.04272151898734177
0 0.331875 0.632120253164557 0.04375 0.04430379746835443
0 0.610625 0.8963607594936709 0.0425 0.04272151898734177
0 0.451875 0.8425632911392406 0.04125 0.04430379746835443
0 0.211875 0.4200949367088608 0.04125 0.04272151898734177
0 0.42375 0.497626582278481 0.03875 0.04113924050632911
0 0.085625 0.4754746835443038 0.0425 0.04272151898734177
0 0.753125 0.7792721518987342 0.04 0.04430379746835443
0 0.19 0.28085443037974683 0.04 0.04113924050632911
0 0.023125 0.7199367088607594 0.0425 0.04272151898734177
0 0.66375 0.682753164556962 0.04 0.03955696202531646
0 0.2575 0.7041139240506329 0.04125 0.04430379746835443
0 0.22 0.09889240506329114 0.02875 0.0379746835443038
0 0.316875 0.4588607594936709 0.0425 0.04272151898734177
0 0.355625 0.5395569620253164 0.03875 0.04113924050632911
0 0.196875 0.48180379746835444 0.03875 0.04113924050632911
0 0.354375 0.2579113924050633 0.02875 0.03639240506329114
0 0.6025 0.9272151898734177 0.04 0.04113924050632911
0 0.753125 0.5490506329113924 0.04 0.04113924050632911
0 0.249375 0.7349683544303798 0.04 0.04272151898734177
0 0.190625 0.7460443037974683 0.04 0.04113924050632911
0 0.7325 0.8718354430379747 0.0425 0.04430379746835443
0 0.32375 0.4295886075949367 0.04125 0.03955696202531646
0 0.709375 0.9636075949367089 0.04125 0.04272151898734177
0 0.490625 0.9208860759493671 0.0425 0.04588607594936709
0 0.715625 0.9335443037974683 0.0425 0.04430379746835443
0 0.2125 0.1337025316455696 0.02875 0.03955696202531646
0 0.8375 0.678006329113924 0.04375 0.04430379746835443
0 0.175625 0.5751582278481012 0.04 0.04272151898734177
0 0.376875 0.6811708860759493 0.04 0.04430379746835443
0 0.29 0.1629746835443038 0.03 0.0379746835443038
0 0.203125 0.16693037974683544 0.03 0.03955696202531646
0 0.11375 0.3536392405063291 0.045 0.04588607594936709
0 0.34125 0.5965189873417721 0.045 0.0490506329113924
0 0.378125 0.44699367088607594 0.03625 0.04113924050632911
0 0.5125 0.8275316455696202 0.04375 0.04430379746835443
0 0.386875 0.125 0.03125 0.0379746835443038
0 0.66375 0.9137658227848101 0.04375 0.04430379746835443
0 0.334375 0.10838607594936708 0.03 0.0379746835443038
0 0.558125 0.6455696202531646 0.0425 0.04272151898734177
0 0.59625 0.9572784810126582 0.045 0.04746835443037975
0 0.799375 0.8291139240506329 0.04125 0.04430379746835443
0 0.40875 0.557753164556962 0.04 0.04113924050632911
0 0.309375 0.20490506329113925 0.0275 0.03639240506329114
0 0.5575 0.8781645569620253 0.0425 0.04746835443037975
0 0.648125 0.7412974683544303 0.04125 0.04272151898734177
0 0.81375 0.5363924050632911 0.04 0.04272151898734177
0 0.468125 0.7784810126582279 0.04125 0.04272151898734177
0 0.7825 0.6590189873417721 0.04125 0.04113924050632911
0 0.693125 0.5593354430379747 0.04125 0.04588607594936709
0 0.235 0.7966772151898734 0.04125 0.04430379746835443
0 0.2825 0.1962025316455696 0.02875 0.03639240506329114
0 0.05375 0.5973101265822784 0.04375 0.04588607594936709
0 0.129375 0.2903481012658228 0.0425 0.04272151898734177
0 0.76875 0.4849683544303797 0.03875 0.04272151898734177
0 0.23 0.17721518987341772 0.03 0.03481012658227848
0 0.151875 0.6685126582278481 0.04125 0.04430379746835443
0 0.475 0.747626582278481 0.04125 0.04272151898734177
0 0.341875 0.3639240506329114 0.045 0.04746835443037975
0 0.326875 0.24841772151898733 0.03 0.0379746835443038
0 0.196875 0.7167721518987342 0.0425 0.04272151898734177
0 0.65625 0.9454113924050633 0.0425 0.04272151898734177
0 0.865 0.5561708860759493 0.04 0.04272151898734177
0 0.401875 0.5893987341772152 0.04125 0.03955696202531646
0 0.220625 0.38924050632911394 0.04125 0.04430379746835443
0 0.174375 0.8093354430379747 0.0425 0.04430379746835443
0 0.70125 0.5292721518987342 0.03875 0.0379746835443038
0 0.654375 0.4825949367088608 0.04125 0.04272151898734177
0 0.16 0.6360759493670886 0.04125 0.04430379746835443
0 0.1825 0.5450949367088608 0.04 0.04430379746835443
0 0.7025 0.7610759493670886 0.04125 0.04113924050632911
0 0.41375 0.1337025316455696 0.0325 0.03955696202531646
0 0.136875 0.7278481012658228 0.0425 0.04430379746835443
0 0.241875 0.7650316455696202 0.0425 0.04272151898734177
0 0.68625 0.8227848101265823 0.0425 0.04430379746835443
0 0.265 0.6732594936708861 0.04375 0.04430379746835443
0 0.3525 0.14794303797468356 0.02875 0.03955696202531646
0 0.4825 0.7175632911392406 0.04 0.04113924050632911
0 0.20375 0.4501582278481013 0.0375 0.04113924050632911
0 0.37875 0.15585443037974683 0.02875 0.0379746835443038
0 0.71625 0.7017405063291139 0.04375 0.04430379746835443
0 0.325 0.6621835443037974 0.04125 0.04272151898734177
0 0.633125 0.805379746835443 0.04125 0.04113924050632911
0 0.693125 0.7927215189873418 0.0425 0.04272151898734177
0 0.723125 0.6724683544303798 0.04375 0.04272151898734177
0 0.84375 0.6463607594936709 0.0425 0.04588607594936709
0 0.316875 0.6914556962025317 0.0425 0.04430379746835443
0 0.3625 0.22389240506329114 0.02875 0.0379746835443038
0 0.80625 0.7990506329113924 0.04125 0.04272151898734177
0 0.603125 0.6938291139240507 0.03625 0.04113924050632911
0 0.595625 0.7238924050632911 0.0425 0.04430379746835443
0 0.38 0.26819620253164556 0.03125 0.0379746835443038
0 0.776875 0.689873417721519 0.0425 0.04430379746835443
0 0.790625 0.6281645569620253 0.0425 0.04430379746835443
0 0.55 0.4430379746835443 0.04125 0.04430379746835443
0 0.455625 0.37341772151898733 0.04375 0.04588607594936709
0 0.41625 0.5276898734177216 0.0425 0.04588607594936709
0 0.610625 0.43037974683544306 0.04375 0.0490506329113924
0 0.44625 0.40585443037974683 0.0425 0.04272151898734177
0 0.708125 0.49920886075949367 0.0425 0.04588607594936709