0 0.51375 0.629746835443038 0.02 0.0189873417721519
0 0.500625 0.560126582278481 0.03375 0.015822784810126583
0 0.500625 0.37895569620253167 0.03625 0.023734177215189875
0 0.5125 0.6685126582278481 0.02 0.020569620253164556
0 0.511875 0.6503164556962026 0.02125 0.0189873417721519
0 0.113125 0.8560126582278481 0.03125 0.0379746835443038
0 0.500625 0.5174050632911392 0.03125 0.02531645569620253
0 0.50125 0.3449367088607595 0.035 0.022151898734177215
0 0.28 0.571993670886076 0.03 0.02689873417721519
0 0.5125 0.7088607594936709 0.0225 0.022151898734177215
0 0.66375 0.5142405063291139 0.0325 0.028481012658227847
0 0.885625 0.5435126582278481 0.03125 0.030063291139240507
0 0.16875 0.882120253164557 0.0325 0.030063291139240507
0 0.169375 0.7238924050632911 0.03375 0.03639240506329114
0 0.1125 0.6629746835443038 0.0325 0.03481012658227848
0 0.28 0.5490506329113924 0.0325 0.04746835443037975
0 0.113125 0.5055379746835443 0.02875 0.03322784810126582
0 0.885 0.7270569620253164 0.03 0.030063291139240507
0 0.113125 0.6329113924050633 0.03125 0.03481012658227848
0 0.719375 0.4810126582278481 0.03375 0.02531645569620253
0 0.444375 0.7579113924050633 0.03375 0.03164556962025317
0 0.829375 0.7587025316455697 0.03375 0.03322784810126582
0 0.665 0.5348101265822784 0.035 0.04430379746835443
0 0.113125 0.4778481012658228 0.03125 0.03164556962025317
0 0.83 0.5126582278481012 0.0325 0.03164556962025317
0 0.513125 0.6099683544303798 0.01875 0.020569620253164556
0 0.51 0.8552215189873418 0.02 0.020569620253164556
0 0.113125 0.6036392405063291 0.03375 0.02689873417721519
0 0.885 0.8852848101265823 0.035 0.03322784810126582
0 0.829375 0.5443037974683544 0.03375 0.03164556962025317
0 0.498125 0.7990506329113924 0.02875 0.028481012658227847
0 0.83 0.7270569620253164 0.035 0.03322784810126582
0 0.444375 0.7270569620253164 0.03125 0.030063291139240507
0 0.500625 0.4651898734177215 0.03375 0.03481012658227848
0 0.88375 0.7587025316455697 0.035 0.03322784810126582
0 0.444375 0.7903481012658228 0.03375 0.03639240506329114
0 0.72 0.4177215189873418 0.0325 0.03164556962025317
0 0.5125 0.5893987341772152 0.02 0.023734177215189875
0 0.39 0.7871835443037974 0.0325 0.03322784810126582
0 0.169375 0.757120253164557 0.03375 0.03322784810126582
0 0.224375 0.8520569620253164 0.03125 0.03322784810126582
0 0.168125 0.6977848101265823 0.03125 0.03164556962025317
0 0.83 0.6060126582278481 0.0325 0.028481012658227847
0 0.111875 0.5735759493670886 0.03375 0.03322784810126582
0 0.885 0.821993670886076 0.035 0.030063291139240507
0 0.885 0.8520569620253164 0.035 0.03322784810126582
0 0.445 0.6985759493670886 0.03 0.030063291139240507
0 0.83 0.8544303797468354 0.0325 0.028481012658227847
0 0.885625 0.6985759493670886 0.03375 0.030063291139240507
0 0.5125 0.879746835443038 0.02 0.02531645569620253
0 0.444375 0.8204113924050633 0.03125 0.030063291139240507
0 0.774375 0.7579113924050633 0.03375 0.03164556962025317
0 0.445625 0.4153481012658228 0.03125 0.030063291139240507
0 0.390625 0.4462025316455696 0.03375 0.03164556962025317
0 0.390625 0.5411392405063291 0.03125 0.028481012658227847
0 0.71875 0.8520569620253164 0.0325 0.03322784810126582
0 0.55375 0.8829113924050633 0.0325 0.03164556962025317
0 0.60875 0.6954113924050633 0.0325 0.030063291139240507
0 0.17 0.4778481012658228 0.0325 0.03164556962025317
0 0.22375 0.7879746835443038 0.035 0.03164556962025317
0 0.554375 0.634493670886076 0.03125 0.028481012658227847
0 0.224375 0.6329113924050633 0.03125 0.028481012658227847
0 0.169375 0.4129746835443038 0.03375 0.0379746835443038
0 0.885625 0.6368670886075949 0.03625 0.03322784810126582
0 0.775 0.5134493670886076 0.0325 0.030063291139240507
0 0.71875 0.7270569620253164 0.0325 0.030063291139240507
0 0.774375 0.8212025316455697 0.03375 0.03164556962025317
0 0.553125 0.7895569620253164 0.03375 0.03164556962025317
0 0.77375 0.8536392405063291 0.035 0.03322784810126582
0 0.609375 0.8512658227848101 0.03375 0.03164556962025317
0 0.609375 0.7887658227848101 0.03375 0.030063291139240507
0 0.665 0.41455696202531644 0.0325 0.03164556962025317
0 0.885 0.4200949367088608 0.035 0.03322784810126582
0 0.445 0.5427215189873418 0.0325 0.03164556962025317
0 0.719375 0.696993670886076 0.03125 0.03322784810126582
0 0.555 0.5134493670886076 0.0325 0.030063291139240507
0 0.445 0.3829113924050633 0.0325 0.03481012658227848
0 0.27875 0.757120253164557 0.035 0.03322784810126582
0 0.22375 0.5403481012658228 0.0325 0.030063291139240507
0 0.280625 0.44462025316455694 0.03125 0.03164556962025317
0 0.6625 0.8837025316455697 0.0325 0.030063291139240507
0 0.280625 0.47705696202531644 0.03125 0.03639240506329114
0 0.27875 0.6645569620253164 0.0325 0.03164556962025317
0 0.16875 0.6044303797468354 0.0325 0.03164556962025317
0 0.554375 0.8512658227848101 0.03125 0.03164556962025317
0 0.16875 0.5411392405063291 0.0325 0.03164556962025317
0 0.279375 0.6012658227848101 0.03125 0.03164556962025317
0 0.279375 0.6954113924050633 0.03375 0.03322784810126582
0 0.39 0.47943037974683544 0.0325 0.03164556962025317
0 0.775 0.5743670886075949 0.035 0.028481012658227847
0 0.719375 0.6044303797468354 0.03375 0.028481012658227847
0 0.775 0.4485759493670886 0.0325 0.030063291139240507
0 0.225 0.6637658227848101 0.0325 0.03322784810126582
0 0.71875 0.8204113924050633 0.0325 0.030063291139240507
0 0.22375 0.5712025316455697 0.0325 0.03164556962025317
0 0.66375 0.6661392405063291 0.0325 0.03164556962025317
0 0.389375 0.5110759493670886 0.03125 0.03164556962025317
0 0.224375 0.6954113924050633 0.03375 0.03322784810126582
0 0.83 0.48180379746835444 0.035 0.030063291139240507
0 0.224375 0.6028481012658228 0.03375 0.03164556962025317
0 0.445 0.6669303797468354 0.03 0.03322784810126582
0 0.774375 0.5443037974683544 0.03375 0.03164556962025317
0 0.60875 0.8829113924050633 0.0325 0.03164556962025317
0 0.225 0.4454113924050633 0.0325 0.030063291139240507
0 0.775625 0.4177215189873418 0.03375 0.03164556962025317
0 0.390625 0.6036392405063291 0.03375 0.030063291139240507
0 0.335 0.5118670886075949 0.0325 0.030063291139240507
0 0.72 0.5427215189873418 0.0325 0.03164556962025317
0 0.665 0.5735759493670886 0.0325 0.030063291139240507
0 0.665 0.757120253164557 0.0325 0.030063291139240507
0 0.555 0.4810126582278481 0.0325 0.03481012658227848
0 0.389375 0.696993670886076 0.03375 0.03322784810126582
0 0.39 0.4137658227848101 0.035 0.03322784810126582
0 0.609375 0.3829113924050633 0.03125 0.03481012658227848
0 0.554375 0.38212025316455694 0.03375 0.03322784810126582
0 0.609375 0.7587025316455697 0.03125 0.030063291139240507
0 0.334375 0.5427215189873418 0.03375 0.03164556962025317
0 0.50125 0.43908227848101267 0.03125 0.015822784810126583
0 0.499375 0.42167721518987344 0.0325 0.0189873417721519
0 0.501875 0.40189873417721517 0.035 0.020569620253164556
0 0.5 0.3662974683544304 0.0325 0.01740506329113924
0 0.500625 0.5411392405063291 0.0275 0.020569620253164556
0 0.513125 0.6890822784810127 0.02 0.01740506329113924
0 0.39 0.6637658227848101 0.0325 0.030063291139240507
0 0.829375 0.5767405063291139 0.03375 0.03322784810126582
0 0.111875 0.7879746835443038 0.03375 0.03164556962025317
0 0.83 0.6977848101265823 0.035 0.028481012658227847
0 0.829375 0.7911392405063291 0.03125 0.03164556962025317
0 0.774375 0.6977848101265823 0.03375 0.03164556962025317
0 0.39 0.757120253164557 0.035 0.03322784810126582
0 0.885625 0.5110759493670886 0.03125 0.03164556962025317
0 0.774375 0.7278481012658228 0.03375 0.03164556962025317
0 0.885625 0.6677215189873418 0.03375 0.03164556962025317
0 0.111875 0.8212025316455697 0.03375 0.03481012658227848
0 0.225 0.8837025316455697 0.0325 0.030063291139240507
0 0.168125 0.7887658227848101 0.03625 0.03322784810126582
0 0.72 0.5087025316455697 0.035 0.03639240506329114
0 0.111875 0.7262658227848101 0.03125 0.028481012658227847
0 0.16875 0.6637658227848101 0.03 0.030063291139240507
0 0.830625 0.8852848101265823 0.03375 0.030063291139240507
0 0.774375 0.8852848101265823 0.03625 0.030063291139240507
0 0.444375 0.8520569620253164 0.03375 0.030063291139240507
0 0.279375 0.7254746835443038 0.03375 0.030063291139240507
0 0.225 0.7246835443037974 0.0325 0.028481012658227847
0 0.39 0.819620253164557 0.035 0.03164556962025317
0 0.390625 0.8829113924050633 0.03625 0.03164556962025317
0 0.224375 0.8227848101265823 0.03375 0.03481012658227848
0 0.111875 0.7563291139240507 0.03375 0.03164556962025317
0 0.83 0.6352848101265823 0.0325 0.030063291139240507
0 0.445 0.8829113924050633 0.0325 0.03164556962025317
0 0.111875 0.6954113924050633 0.03125 0.03322784810126582
0 0.280625 0.882120253164557 0.03875 0.030063291139240507
0 0.16875 0.8528481012658228 0.035 0.03481012658227848
0 0.885 0.7919303797468354 0.035 0.03322784810126582
0 0.83125 0.3829113924050633 0.0325 0.03481012658227848
0 0.55375 0.8204113924050633 0.03 0.030063291139240507
0 0.885 0.6060126582278481 0.035 0.028481012658227847
0 0.17 0.44699367088607594 0.0325 0.030063291139240507
0 0.775 0.6677215189873418 0.0325 0.03164556962025317
0 0.774375 0.7887658227848101 0.03375 0.03322784810126582
0 0.663125 0.694620253164557 0.03125 0.028481012658227847
0 0.28 0.8528481012658228 0.035 0.03164556962025317
0 0.83 0.8227848101265823 0.0325 0.03164556962025317
0 0.168125 0.6352848101265823 0.03125 0.03322784810126582
0 0.113125 0.4454113924050633 0.03375 0.03322784810126582
0 0.71875 0.884493670886076 0.0325 0.03164556962025317
0 0.555 0.41455696202531644 0.0325 0.03164556962025317
0 0.279375 0.5102848101265823 0.03125 0.030063291139240507
0 0.16875 0.5735759493670886 0.0325 0.03322784810126582
0 0.390625 0.6352848101265823 0.03375 0.03322784810126582
0 0.885 0.4509493670886076 0.035 0.028481012658227847
0 0.885625 0.5751582278481012 0.03375 0.03322784810126582
0 0.885625 0.4802215189873418 0.03375 0.03322784810126582
0 0.72 0.6653481012658228 0.0325 0.030063291139240507
0 0.829375 0.4177215189873418 0.03375 0.03164556962025317
0 0.39 0.8520569620253164 0.035 0.03322784810126582
0 0.279375 0.7879746835443038 0.03375 0.03164556962025317
0 0.280625 0.4074367088607595 0.03375 0.03639240506329114
0 0.555 0.5427215189873418 0.0325 0.028481012658227847
0 0.775 0.6036392405063291 0.0325 0.030063291139240507
0 0.719375 0.7895569620253164 0.03375 0.03164556962025317
0 0.28 0.8204113924050633 0.0325 0.03322784810126582
0 0.775 0.6360759493670886 0.0325 0.03164556962025317
0 0.884375 0.3852848101265823 0.03625 0.03639240506329114
0 0.720625 0.3860759493670886 0.03625 0.04113924050632911
0 0.168125 0.819620253164557 0.03625 0.03164556962025317
0 0.389375 0.7270569620253164 0.03375 0.030063291139240507
0 0.335 0.5743670886075949 0.035 0.03481012658227848
0 0.390625 0.3805379746835443 0.03375 0.03322784810126582
0 0.444375 0.5743670886075949 0.03125 0.03164556962025317
0 0.66375 0.8204113924050633 0.0325 0.030063291139240507
0 0.719375 0.7587025316455697 0.03375 0.03322784810126582
0 0.719375 0.5751582278481012 0.03375 0.030063291139240507
0 0.830625 0.44936708860759494 0.03375 0.03164556962025317
0 0.664375 0.6360759493670886 0.03375 0.028481012658227847
0 0.390625 0.571993670886076 0.03375 0.03322784810126582
0 0.609375 0.8204113924050633 0.03375 0.03322784810126582
0 0.608125 0.634493670886076 0.03125 0.028481012658227847
0 0.22375 0.509493670886076 0.0325 0.03164556962025317
0 0.224375 0.41139240506329117 0.03375 0.03481012658227848
0 0.445 0.6352848101265823 0.0325 0.030063291139240507
0 0.111875 0.5395569620253164 0.03375 0.03481012658227848
0 0.830625 0.6677215189873418 0.03375 0.03481012658227848
0 0.445 0.6052215189873418 0.03 0.030063291139240507
0 0.61 0.571993670886076 0.0325 0.030063291139240507
0 0.279375 0.6329113924050633 0.03125 0.03164556962025317
0 0.66375 0.7887658227848101 0.0325 0.03322784810126582
0 0.664375 0.7254746835443038 0.03125 0.03322784810126582
0 0.663125 0.8520569620253164 0.03125 0.03322784810126582
0 0.335 0.4802215189873418 0.0325 0.03322784810126582
0 0.17 0.5079113924050633 0.0325 0.03164556962025317
0 0.55375 0.6068037974683544 0.0325 0.030063291139240507
0 0.609375 0.5102848101265823 0.03375 0.030063291139240507
0 0.225 0.7563291139240507 0.035 0.03481012658227848
0 0.719375 0.634493670886076 0.03375 0.03164556962025317
0 0.775 0.4810126582278481 0.0325 0.03481012658227848
0 0.335 0.4153481012658228 0.035 0.03322784810126582
0 0.665 0.38212025316455694 0.0325 0.03322784810126582
0 0.55375 0.7270569620253164 0.0325 0.030063291139240507
0 0.664375 0.4477848101265823 0.03375 0.03481012658227848
0 0.445625 0.4786392405063291 0.03125 0.030063291139240507
0 0.1125 0.41139240506329117 0.035 0.03481012658227848
0 0.553125 0.7587025316455697 0.03375 0.03322784810126582
0 0.609375 0.7270569620253164 0.03375 0.03322784810126582
0 0.61 0.47943037974683544 0.0325 0.03164556962025317
0 0.609375 0.6653481012658228 0.03125 0.03322784810126582
0 0.610625 0.41693037974683544 0.03125 0.03322784810126582
0 0.61 0.4477848101265823 0.03 0.03164556962025317
0 0.335625 0.4477848101265823 0.03375 0.03164556962025317
0 0.72 0.4525316455696203 0.035 0.03481012658227848
0 0.554375 0.6661392405063291 0.03125 0.03164556962025317
0 0.6075 0.5419303797468354 0.0375 0.03322784810126582
0 0.554375 0.5735759493670886 0.03375 0.03322784810126582
0 0.665 0.6052215189873418 0.0325 0.03322784810126582
0 0.553125 0.696993670886076 0.03125 0.030063291139240507
0 0.334375 0.3805379746835443 0.03625 0.03639240506329114
0 0.555 0.4485759493670886 0.0325 0.03322784810126582
0 0.224375 0.47705696202531644 0.03125 0.03322784810126582
0 0.664375 0.4802215189873418 0.03375 0.03322784810126582
0 0.445625 0.4477848101265823 0.03125 0.03164556962025317
0 0.61 0.6036392405063291 0.0325 0.030063291139240507
0 0.445 0.5110759493670886 0.0325 0.03164556962025317
0 0.775625 0.3837025316455696 0.03625 0.03639240506329114