0 0.3938888888888889 0.3860655737704918 0.03888888888888889 0.04426229508196721
0 0.19666666666666666 0.24508196721311476 0.03777777777777778 0.05081967213114754
0 0.26222222222222225 0.7975409836065573 0.03888888888888889 0.04918032786885246
0 0.285 0.4598360655737705 0.03888888888888889 0.04590163934426229
0 0.6561111111111111 0.319672131147541 0.03888888888888889 0.04918032786885246
0 0.5788888888888889 0.6918032786885245 0.03777777777777778 0.047540983606557376
0 0.81 0.3262295081967213 0.03888888888888889 0.04918032786885246
0 0.43944444444444447 0.4704918032786885 0.03777777777777778 0.047540983606557376
0 0.32722222222222225 0.589344262295082 0.03777777777777778 0.04918032786885246
0 0.27111111111111114 0.6729508196721311 0.03666666666666667 0.04426229508196721
0 0.3422222222222222 0.3836065573770492 0.03777777777777778 0.04590163934426229
0 0.37333333333333335 0.680327868852459 0.03777777777777778 0.04918032786885246
0 0.21722222222222223 0.6704918032786885 0.03777777777777778 0.04918032786885246
0 0.5338888888888889 0.6065573770491803 0.03777777777777778 0.047540983606557376
0 0.3333333333333333 0.5073770491803279 0.03777777777777778 0.05081967213114754
0 0.34555555555555556 0.3401639344262295 0.04 0.04918032786885246
0 0.2127777777777778 0.7532786885245901 0.03888888888888889 0.047540983606557376
0 0.2772222222222222 0.5868852459016394 0.03666666666666667 0.04918032786885246
0 0.6033333333333334 0.35655737704918034 0.03888888888888889 0.04918032786885246
0 0.22611111111111112 0.5434426229508197 0.03777777777777778 0.04918032786885246
0 0.3972222222222222 0.34508196721311474 0.03777777777777778 0.047540983606557376
0 0.42777777777777776 0.6385245901639345 0.03666666666666667 0.04590163934426229
0 0.4311111111111111 0.5975409836065574 0.03666666666666667 0.04426229508196721
0 0.23944444444444443 0.3762295081967213 0.03666666666666667 0.047540983606557376
0 0.22166666666666668 0.6262295081967213 0.03777777777777778 0.04918032786885246
0 0.5538888888888889 0.3114754098360656 0.03777777777777778 0.047540983606557376
0 0.175 0.5401639344262295 0.04 0.05081967213114754
0 0.23 0.49918032786885247 0.03666666666666667 0.047540983606557376
0 0.16166666666666665 0.7516393442622951 0.03888888888888889 0.047540983606557376
0 0.5511111111111111 0.3540983606557377 0.03777777777777778 0.047540983606557376
0 0.3761111111111111 0.6344262295081967 0.03888888888888889 0.05081967213114754
0 0.4861111111111111 0.7114754098360656 0.02666666666666667 0.03114754098360656
0 0.5038888888888889 0.319672131147541 0.044444444444444446 0.036065573770491806
0 0.4855555555555556 0.7352459016393442 0.023333333333333334 0.021311475409836064
0 0.5027777777777778 0.3524590163934426 0.04666666666666667 0.04262295081967213
0 0.5077777777777778 0.25491803278688524 0.043333333333333335 0.03770491803278689
0 0.5177777777777778 0.12131147540983607 0.04666666666666667 0.040983606557377046
0 0.71 0.28114754098360656 0.03666666666666667 0.047540983606557376
0 0.24222222222222223 0.33278688524590166 0.03777777777777778 0.04918032786885246
0 0.3877777777777778 0.46967213114754097 0.03888888888888889 0.04590163934426229
0 0.36833333333333335 0.7614754098360655 0.03888888888888889 0.047540983606557376
0 0.13722222222222222 0.37131147540983606 0.03888888888888889 0.047540983606557376
0 0.3238888888888889 0.6336065573770492 0.03666666666666667 0.04590163934426229
0 0.34944444444444445 0.2959016393442623 0.03777777777777778 0.04590163934426229
0 0.45555555555555555 0.260655737704918 0.03777777777777778 0.05245901639344262
0 0.08444444444444445 0.3680327868852459 0.042222222222222223 0.05245901639344262
0 0.2911111111111111 0.3795081967213115 0.03777777777777778 0.047540983606557376
0 0.7616666666666667 0.2827868852459016 0.03777777777777778 0.047540983606557376
0 0.4166666666666667 0.8081967213114755 0.03777777777777778 0.047540983606557376
0 0.13944444444444445 0.32704918032786884 0.03666666666666667 0.047540983606557376
0 0.7711111111111111 0.14754098360655737 0.03666666666666667 0.05573770491803279
0 0.7072222222222222 0.32459016393442625 0.03777777777777778 0.047540983606557376
0 0.7183333333333334 0.14590163934426228 0.03777777777777778 0.05245901639344262
0 0.29388888888888887 0.33934426229508197 0.03666666666666667 0.04590163934426229
0 0.6077777777777778 0.27459016393442626 0.03888888888888889 0.05245901639344262
0 0.33611111111111114 0.46557377049180326 0.034444444444444444 0.04590163934426229
0 0.5361111111111111 0.5622950819672131 0.03777777777777778 0.047540983606557376
0 0.7005555555555556 0.40409836065573773 0.03888888888888889 0.05081967213114754
0 0.16333333333333333 0.7098360655737705 0.03777777777777778 0.047540983606557376
0 0.24555555555555555 0.29098360655737704 0.035555555555555556 0.04426229508196721
0 0.4494444444444444 0.34262295081967215 0.035555555555555556 0.040983606557377046
0 0.5388888888888889 0.521311475409836 0.03777777777777778 0.047540983606557376
0 0.5477777777777778 0.3959016393442623 0.03777777777777778 0.04590163934426229
0 0.2972222222222222 0.2942622950819672 0.03888888888888889 0.054098360655737705
0 0.49444444444444446 0.4278688524590164 0.04666666666666667 0.05245901639344262
0 0.585 0.6081967213114754 0.03777777777777778 0.047540983606557376
0 0.6411111111111111 0.530327868852459 0.03888888888888889 0.04590163934426229
0 0.6177777777777778 0.13852459016393442 0.03888888888888889 0.054098360655737705
0 0.14166666666666666 0.28524590163934427 0.03777777777777778 0.04590163934426229
0 0.3788888888888889 0.5942622950819673 0.03666666666666667 0.04262295081967213
0 0.3188888888888889 0.7163934426229508 0.03777777777777778 0.047540983606557376
0 0.2677777777777778 0.7122950819672131 0.03777777777777778 0.04426229508196721
0 0.8072222222222222 0.36885245901639346 0.03888888888888889 0.047540983606557376
0 0.3638888888888889 0.8040983606557377 0.03666666666666667 0.04590163934426229
0 0.215 0.7122950819672131 0.03666666666666667 0.04426229508196721
0 0.18444444444444444 0.4139344262295082 0.03777777777777778 0.047540983606557376
0 0.28833333333333333 0.42131147540983604 0.035555555555555556 0.04262295081967213
0 0.4027777777777778 0.2565573770491803 0.03888888888888889 0.05081967213114754
0 0.2738888888888889 0.6311475409836066 0.03777777777777778 0.04918032786885246
0 0.8644444444444445 0.289344262295082 0.03888888888888889 0.05245901639344262
0 0.545 0.4385245901639344 0.03888888888888889 0.04590163934426229
0 0.3527777777777778 0.2532786885245902 0.035555555555555556 0.05081967213114754
0 0.6105555555555555 0.230327868852459 0.04 0.04590163934426229
0 0.145 0.24262295081967214 0.03666666666666667 0.04918032786885246
0 0.5277777777777778 0.6868852459016394 0.03666666666666667 0.04918032786885246
0 0.3616666666666667 0.8459016393442623 0.03777777777777778 0.05081967213114754
0 0.265 0.7540983606557377 0.03888888888888889 0.04918032786885246
0 0.7133333333333334 0.2360655737704918 0.03666666666666667 0.05245901639344262
0 0.09333333333333334 0.23934426229508196 0.03888888888888889 0.054098360655737705
0 0.6266666666666667 0.7352459016393442 0.04 0.047540983606557376
0 0.6238888888888889 0.7795081967213114 0.04 0.047540983606557376
0 0.19055555555555556 0.3295081967213115 0.03888888888888889 0.04426229508196721
0 0.42 0.7639344262295082 0.035555555555555556 0.05081967213114754
0 0.3161111111111111 0.7573770491803279 0.03666666666666667 0.047540983606557376
0 0.765 0.23934426229508196 0.04111111111111111 0.04918032786885246
0 0.5194444444444445 0.8114754098360656 0.03777777777777778 0.047540983606557376
0 0.11777777777777777 0.6213114754098361 0.03777777777777778 0.04918032786885246
0 0.5961111111111111 0.44016393442622953 0.03666666666666667 0.047540983606557376
0 0.2822222222222222 0.5032786885245901 0.03888888888888889 0.04918032786885246
0 0.18777777777777777 0.3737704918032787 0.03777777777777778 0.047540983606557376
0 0.23277777777777778 0.45901639344262296 0.03666666666666667 0.04262295081967213
0 0.17777777777777778 0.49836065573770494 0.03888888888888889 0.04262295081967213
0 0.4266666666666667 0.680327868852459 0.04 0.047540983606557376
0 0.5427777777777778 0.47950819672131145 0.03888888888888889 0.04590163934426229
0 0.13333333333333333 0.41147540983606556 0.03777777777777778 0.04262295081967213
0 0.5722222222222222 0.7729508196721312 0.04 0.047540983606557376
0 0.9261111111111111 0.15737704918032788 0.04 0.05737704918032787
0 0.06111111111111111 0.7008196721311475 0.042222222222222223 0.05245901639344262
0 0.59 0.5262295081967213 0.03888888888888889 0.04590163934426229
0 0.07944444444444444 0.4491803278688525 0.04111111111111111 0.04918032786885246
0 0.6583333333333333 0.27704918032786885 0.03777777777777778 0.04918032786885246
0 0.11 0.7467213114754099 0.03777777777777778 0.047540983606557376
0 0.7161111111111111 0.19262295081967212 0.03777777777777778 0.047540983606557376
0 0.5638888888888889 0.898360655737705 0.03888888888888889 0.05573770491803279
0 0.5888888888888889 0.5663934426229508 0.03888888888888889 0.04426229508196721
0 0.4127777777777778 0.8491803278688524 0.03888888888888889 0.047540983606557376
0 0.08777777777777777 0.32295081967213113 0.03777777777777778 0.047540983606557376
0 0.6533333333333333 0.36065573770491804 0.03777777777777778 0.04262295081967213
0 0.605 0.3163934426229508 0.03777777777777778 0.040983606557377046
0 0.19333333333333333 0.289344262295082 0.04 0.04426229508196721
0 0.2788888888888889 0.5450819672131147 0.03888888888888889 0.04426229508196721
0 0.17333333333333334 0.5836065573770491 0.03888888888888889 0.04590163934426229
0 0.5927777777777777 0.4852459016393443 0.03666666666666667 0.04918032786885246
0 0.24722222222222223 0.24754098360655738 0.03777777777777778 0.05245901639344262
0 0.8527777777777777 0.4565573770491803 0.03666666666666667 0.04426229508196721
0 0.09055555555555556 0.2836065573770492 0.03777777777777778 0.04426229508196721
0 0.21 0.7950819672131147 0.03777777777777778 0.04590163934426229
0 0.7983333333333333 0.4926229508196721 0.03666666666666667 0.047540983606557376
0 0.15222222222222223 0.8770491803278688 0.03888888888888889 0.05245901639344262
0 0.6983333333333334 0.44672131147540983 0.03666666666666667 0.047540983606557376
0 0.08222222222222222 0.40901639344262297 0.03888888888888889 0.04262295081967213
0 0.33944444444444444 0.4237704918032787 0.035555555555555556 0.04426229508196721
0 0.5133333333333333 0.8975409836065574 0.03777777777777778 0.04918032786885246
0 0.8038888888888889 0.40901639344262297 0.03666666666666667 0.04590163934426229
0 0.8016666666666666 0.45 0.03333333333333333 0.04262295081967213
0 0.9122222222222223 0.3368852459016393 0.03888888888888889 0.05081967213114754
0 0.5216666666666666 0.7688524590163934 0.034444444444444444 0.04426229508196721
0 0.6505555555555556 0.4 0.03888888888888889 0.04262295081967213
0 0.16944444444444445 0.6245901639344262 0.04 0.04918032786885246
0 0.6183333333333333 0.860655737704918 0.03777777777777778 0.04426229508196721
0 0.15833333333333333 0.7934426229508197 0.03888888888888889 0.04590163934426229
0 0.06444444444444444 0.6557377049180327 0.04 0.047540983606557376
0 0.8905555555555555 0.6655737704918033 0.04 0.047540983606557376
0 0.31222222222222223 0.8008196721311476 0.03777777777777778 0.04426229508196721
0 0.8944444444444445 0.5827868852459016 0.03666666666666667 0.04590163934426229
0 0.9155555555555556 0.2942622950819672 0.03666666666666667 0.04426229508196721
0 0.6722222222222223 0.8204918032786885 0.03777777777777778 0.047540983606557376
0 0.25722222222222224 0.839344262295082 0.034444444444444444 0.04426229508196721
0 0.38555555555555554 0.5081967213114754 0.03666666666666667 0.03770491803278689
0 0.6777777777777778 0.7377049180327869 0.03777777777777778 0.04262295081967213
0 0.6655555555555556 0.9032786885245901 0.03666666666666667 0.05573770491803279
0 0.8983333333333333 0.5409836065573771 0.03777777777777778 0.047540983606557376
0 0.7888888888888889 0.6180327868852459 0.034444444444444444 0.04918032786885246
0 0.7594444444444445 0.32786885245901637 0.03777777777777778 0.04918032786885246
0 0.8883333333333333 0.7098360655737705 0.03888888888888889 0.04918032786885246
0 0.8611111111111112 0.3344262295081967 0.03777777777777778 0.047540983606557376
0 0.885 0.7508196721311475 0.03888888888888889 0.04590163934426229
0 0.85 0.4967213114754098 0.03666666666666667 0.04590163934426229
0 0.8466666666666667 0.5385245901639344 0.03888888888888889 0.05081967213114754
0 0.91 0.3778688524590164 0.03777777777777778 0.04262295081967213
0 0.8411111111111111 0.6221311475409836 0.03666666666666667 0.04590163934426229
0 0.8388888888888889 0.6622950819672131 0.03777777777777778 0.047540983606557376
0 0.9038888888888889 0.45819672131147543 0.03888888888888889 0.04262295081967213
0 0.8822222222222222 0.7926229508196722 0.04 0.04918032786885246
0 0.8927777777777778 0.6229508196721312 0.04 0.047540983606557376
0 0.87 0.2 0.03888888888888889 0.060655737704918035
0 0.9016666666666666 0.49918032786885247 0.04 0.04918032786885246
0 0.6894444444444444 0.5713114754098361 0.03777777777777778 0.04426229508196721
0 0.42333333333333334 0.719672131147541 0.034444444444444444 0.04426229508196721
0 0.5666666666666667 0.8540983606557377 0.03777777777777778 0.04262295081967213
0 0.8272222222222222 0.830327868852459 0.03888888888888889 0.05081967213114754
0 0.8333333333333334 0.7459016393442623 0.03888888888888889 0.047540983606557376
0 0.058333333333333334 0.7426229508196721 0.03777777777777778 0.040983606557377046
0 0.8738888888888889 0.9221311475409836 0.04 0.05573770491803279
0 0.8211111111111111 0.9139344262295082 0.03777777777777778 0.04918032786885246
0 0.8366666666666667 0.7040983606557377 0.03777777777777778 0.04918032786885246
0 0.35833333333333334 0.8877049180327868 0.03666666666666667 0.03934426229508197
0 0.8772222222222222 0.8745901639344262 0.03777777777777778 0.04918032786885246
0 0.8305555555555556 0.7860655737704918 0.03666666666666667 0.04590163934426229
0 0.515 0.15491803278688523 0.04666666666666667 0.04426229508196721
0 0.5127777777777778 0.1885245901639344 0.04777777777777778 0.036065573770491806
0 0.8244444444444444 0.8729508196721312 0.03888888888888889 0.04426229508196721
0 0.33111111111111113 0.5467213114754098 0.03777777777777778 0.03114754098360656
0 0.885 0.8344262295081967 0.03 0.04262295081967213
0 0.67 0.8581967213114754 0.03777777777777778 0.03114754098360656
0 0.4911111111111111 0.4737704918032787 0.04555555555555556 0.03934426229508197
0 0.5822222222222222 0.6491803278688525 0.03777777777777778 0.047540983606557376
0 0.6 0.39918032786885244 0.03777777777777778 0.04590163934426229
0 0.40944444444444444 0.8909836065573771 0.04 0.04590163934426229
0 0.06888888888888889 0.5762295081967214 0.03888888888888889 0.04262295081967213
0 0.8444444444444444 0.5811475409836065 0.03888888888888889 0.04590163934426229
0 0.6288888888888889 0.6942622950819672 0.035555555555555556 0.04426229508196721
0 0.6216666666666667 0.8204918032786885 0.03888888888888889 0.04426229508196721
0 0.5694444444444444 0.8147540983606557 0.03888888888888889 0.04590163934426229
0 0.51 0.22131147540983606 0.04555555555555556 0.04590163934426229
0 0.7933333333333333 0.5770491803278689 0.03666666666666667 0.04262295081967213
0 0.5305555555555556 0.6459016393442623 0.03888888888888889 0.04262295081967213
0 0.06833333333333333 0.6147540983606558 0.03777777777777778 0.04426229508196721
0 0.12055555555555555 0.5778688524590164 0.03333333333333333 0.047540983606557376
0 0.8666666666666667 0.2459016393442623 0.03666666666666667 0.04426229508196721
0 0.10111111111111111 0.8729508196721312 0.04 0.04918032786885246
0 0.6922222222222222 0.5319672131147541 0.03888888888888889 0.05081967213114754
0 0.9222222222222223 0.20491803278688525 0.03888888888888889 0.047540983606557376
0 0.695 0.4885245901639344 0.03666666666666667 0.04590163934426229
0 0.37 0.7213114754098361 0.03888888888888889 0.04262295081967213
0 0.6833333333333333 0.6557377049180327 0.03888888888888889 0.04590163934426229
0 0.6872222222222222 0.6131147540983607 0.04 0.04590163934426229
0 0.575 0.7336065573770492 0.04 0.04426229508196721
0 0.11222222222222222 0.7065573770491803 0.03666666666666667 0.04590163934426229
0 0.6377777777777778 0.5688524590163935 0.03777777777777778 0.04262295081967213
0 0.815 0.24344262295081967 0.035555555555555556 0.04426229508196721
0 0.10611111111111111 0.7877049180327869 0.03888888888888889 0.04426229508196721
0 0.15444444444444444 0.8336065573770491 0.034444444444444444 0.04426229508196721
0 0.5155555555555555 0.8549180327868853 0.035555555555555556 0.04590163934426229
0 0.8572222222222222 0.37459016393442623 0.035555555555555556 0.040983606557377046
0 0.25555555555555554 0.8827868852459017 0.04 0.05081967213114754
0 0.8188888888888889 0.19754098360655736 0.03666666666666667 0.05737704918032787
0 0.615 0.9024590163934426 0.03777777777777778 0.04918032786885246
0 0.6805555555555556 0.6959016393442623 0.03888888888888889 0.04918032786885246
0 0.9188888888888889 0.25163934426229506 0.03888888888888889 0.054098360655737705
0 0.10333333333333333 0.828688524590164 0.03888888888888889 0.04918032786885246
0 0.16722222222222222 0.6655737704918033 0.03888888888888889 0.04590163934426229
0 0.05555555555555555 0.7836065573770492 0.03888888888888889 0.05245901639344262
0 0.6316666666666667 0.6524590163934426 0.035555555555555556 0.04918032786885246
0 0.6138888888888889 0.18688524590163935 0.03777777777777778 0.05081967213114754
0 0.6761111111111111 0.7778688524590164 0.03888888888888889 0.05081967213114754
0 0.07666666666666666 0.4918032786885246 0.03888888888888889 0.04590163934426229
0 0.2238888888888889 0.5844262295081967 0.03666666666666667 0.040983606557377046
0 0.7038888888888889 0.36311475409836064 0.035555555555555556 0.040983606557377046
0 0.6355555555555555 0.6098360655737705 0.03666666666666667 0.04590163934426229
0 0.5244444444444445 0.730327868852459 0.03777777777777778 0.04262295081967213
0 0.6438888888888888 0.48770491803278687 0.03666666666666667 0.04590163934426229
0 0.12777777777777777 0.4967213114754098 0.03777777777777778 0.04426229508196721
0 0.07333333333333333 0.5336065573770492 0.03888888888888889 0.05081967213114754
0 0.20666666666666667 0.8352459016393443 0.03777777777777778 0.047540983606557376
0 0.049444444444444444 0.8737704918032787 0.04111111111111111 0.04918032786885246
0 0.855 0.41475409836065574 0.03666666666666667 0.04590163934426229
0 0.8127777777777778 0.28442622950819674 0.03666666666666667 0.047540983606557376
0 0.5572222222222222 0.26721311475409837 0.03777777777777778 0.04918032786885246
0 0.20444444444444446 0.8786885245901639 0.03888888888888889 0.04918032786885246
0 0.3005555555555556 0.25081967213114753 0.03777777777777778 0.04590163934426229
0 0.9072222222222223 0.41721311475409834 0.03888888888888889 0.04918032786885246
0 0.31166666666666665 0.840983606557377 0.03666666666666667 0.04590163934426229
0 0.32222222222222224 0.6754098360655738 0.03888888888888889 0.04426229508196721
0 0.125 0.5368852459016393 0.03777777777777778 0.04590163934426229
0 0.30666666666666664 0.8844262295081967 0.03777777777777778 0.05081967213114754
0 0.115 0.6647540983606557 0.03666666666666667 0.047540983606557376
0 0.6466666666666666 0.4418032786885246 0.035555555555555556 0.04918032786885246
0 0.05388888888888889 0.828688524590164 0.03888888888888889 0.047540983606557376
0 0.5061111111111111 0.28770491803278686 0.04555555555555556 0.047540983606557376
0 0.7961111111111111 0.5360655737704918 0.03888888888888889 0.04918032786885246
0 0.7677777777777778 0.19508196721311474 0.03888888888888889 0.04918032786885246
0 0.23722222222222222 0.4180327868852459 0.034444444444444444 0.04590163934426229
0 0.39944444444444444 0.3008196721311475 0.03888888888888889 0.05081967213114754
0 0.45222222222222225 0.30491803278688523 0.04 0.047540983606557376
0 0.43277777777777776 0.5581967213114755 0.035555555555555556 0.04426229508196721
0 0.13 0.45491803278688525 0.03888888888888889 0.05245901639344262
0 0.39055555555555554 0.42704918032786887 0.03888888888888889 0.04918032786885246
0 0.4461111111111111 0.38524590163934425 0.03666666666666667 0.05081967213114754
0 0.1811111111111111 0.4565573770491803 0.03888888888888889 0.05081967213114754
0 0.44222222222222224 0.430327868852459 0.03777777777777778 0.04590163934426229
0 0.38222222222222224 0.5508196721311476 0.03888888888888889 0.05081967213114754
0 0.43666666666666665 0.5139344262295082 0.03888888888888889 0.04918032786885246