0 0.6538888888888889 0.44810543657331137 0.03222222222222222 0.042833607907743
0 0.085 0.15650741350906094 0.03222222222222222 0.04612850082372323
0 0.9111111111111111 0.36655683690280066 0.035555555555555556 0.03789126853377265
0 0.5 0.48599670510708404 0.042222222222222223 0.032948929159802305
0 0.5138888888888888 0.7388797364085667 0.023333333333333334 0.03130148270181219
0 0.5005555555555555 0.2759472817133443 0.04777777777777778 0.03130148270181219
0 0.5 0.20757825370675453 0.04888888888888889 0.029654036243822075
0 0.5016666666666667 0.3418451400329489 0.04555555555555556 0.03130148270181219
0 0.1388888888888889 0.6161449752883031 0.03333333333333333 0.039538714991762765
0 0.49944444444444447 0.1771004942339374 0.04777777777777778 0.03459637561779242
0 0.9105555555555556 0.19769357495881384 0.03666666666666667 0.04612850082372323
0 0.19055555555555556 0.7891268533772653 0.03666666666666667 0.04612850082372323
0 0.13777777777777778 0.33278418451400327 0.035555555555555556 0.039538714991762765
0 0.08555555555555555 0.500823723228995 0.03333333333333333 0.042833607907743
0 0.3461111111111111 0.8294892915980231 0.034444444444444444 0.03789126853377265
0 0.9105555555555556 0.40939044481054365 0.034444444444444444 0.04118616144975288
0 0.08611111111111111 0.78665568369028 0.03 0.03459637561779242
0 0.13777777777777778 0.5799011532125206 0.03333333333333333 0.039538714991762765
0 0.49944444444444447 0.2413509060955519 0.04555555555555556 0.04118616144975288
0 0.13777777777777778 0.4538714991762768 0.03111111111111111 0.04118616144975288
0 0.34444444444444444 0.45304777594728174 0.03333333333333333 0.029654036243822075
0 0.13833333333333334 0.7034596375617792 0.034444444444444444 0.042833607907743
0 0.5011111111111111 0.3731466227347611 0.04666666666666667 0.03789126853377265
0 0.08555555555555555 0.5799011532125206 0.035555555555555556 0.039538714991762765
0 0.19055555555555556 0.828665568369028 0.034444444444444444 0.039538714991762765
0 0.18888888888888888 0.4546952224052718 0.035555555555555556 0.036243822075782535
0 0.08555555555555555 0.5403624382207578 0.035555555555555556 0.039538714991762765
0 0.08611111111111111 0.457166392092257 0.034444444444444444 0.044481054365733116
0 0.08777777777777777 0.8698517298187809 0.035555555555555556 0.042833607907743
0 0.34833333333333333 0.5757825370675453 0.027777777777777776 0.03789126853377265
0 0.19055555555555556 0.7462932454695222 0.034444444444444444 0.04612850082372323
0 0.13722222222222222 0.4135090609555189 0.03222222222222222 0.039538714991762765
0 0.08611111111111111 0.6202635914332785 0.034444444444444444 0.044481054365733116
0 0.49944444444444447 0.44481054365733114 0.04111111111111111 0.042833607907743
0 0.3427777777777778 0.19769357495881384 0.034444444444444444 0.042833607907743
0 0.4461111111111111 0.28665568369028005 0.034444444444444444 0.042833607907743
0 0.5005555555555555 0.30642504118616143 0.04555555555555556 0.039538714991762765
0 0.08722222222222223 0.8261943986820428 0.034444444444444444 0.044481054365733116
0 0.8077777777777778 0.36655683690280066 0.03333333333333333 0.03789126853377265
0 0.29388888888888887 0.7042833607907742 0.03666666666666667 0.044481054365733116
0 0.08666666666666667 0.6639209225700164 0.035555555555555556 0.042833607907743
0 0.7038888888888889 0.1985172981878089 0.034444444444444444 0.044481054365733116
0 0.19111111111111112 0.8698517298187809 0.035555555555555556 0.042833607907743
0 0.9116666666666666 0.700164744645799 0.034444444444444444 0.04612850082372323
0 0.7077777777777777 0.7388797364085667 0.035555555555555556 0.044481054365733116
0 0.13777777777777778 0.3723228995057661 0.03333333333333333 0.036243822075782535
0 0.7077777777777777 0.8212520593080724 0.03333333333333333 0.03789126853377265
0 0.7044444444444444 0.3673805601317957 0.03333333333333333 0.042833607907743
0 0.6555555555555556 0.9102141680395387 0.035555555555555556 0.047775947281713346
0 0.13833333333333334 0.5370675453047776 0.034444444444444444 0.04612850082372323
0 0.91 0.24299835255354202 0.035555555555555556 0.044481054365733116
0 0.08666666666666667 0.7051070840197694 0.035555555555555556 0.039538714991762765
0 0.86 0.9060955518945635 0.03777777777777778 0.042833607907743
0 0.7077777777777777 0.6976935749588138 0.035555555555555556 0.03789126853377265
0 0.13777777777777778 0.49341021416803954 0.03333333333333333 0.04118616144975288
0 0.34444444444444444 0.4126853377265239 0.035555555555555556 0.044481054365733116
0 0.2922222222222222 0.32948929159802304 0.035555555555555556 0.039538714991762765
0 0.13777777777777778 0.6606260296540363 0.035555555555555556 0.04612850082372323
0 0.7077777777777777 0.7808896210873146 0.035555555555555556 0.042833607907743
0 0.34555555555555556 0.8673805601317958 0.035555555555555556 0.044481054365733116
0 0.91 0.3270181219110379 0.035555555555555556 0.04118616144975288
0 0.9094444444444445 0.285831960461285 0.034444444444444444 0.04118616144975288
0 0.8594444444444445 0.4472817133443163 0.03222222222222222 0.03789126853377265
0 0.8088888888888889 0.9069192751235585 0.035555555555555556 0.04118616144975288
0 0.6555555555555556 0.7825370675453048 0.03333333333333333 0.036243822075782535
0 0.18722222222222223 0.4135090609555189 0.03666666666666667 0.042833607907743
0 0.19111111111111112 0.9151565074135091 0.035555555555555556 0.047775947281713346
0 0.19 0.7042833607907742 0.03333333333333333 0.04118616144975288
0 0.6561111111111111 0.8673805601317958 0.034444444444444444 0.04118616144975288
0 0.9111111111111111 0.44810543657331137 0.03333333333333333 0.039538714991762765
0 0.08833333333333333 0.913509060955519 0.034444444444444444 0.04118616144975288
0 0.19 0.6169686985172982 0.035555555555555556 0.04118616144975288
0 0.9116666666666666 0.5329489291598023 0.034444444444444444 0.04118616144975288
0 0.8616666666666667 0.6985172981878089 0.03888888888888889 0.042833607907743
0 0.7066666666666667 0.9102141680395387 0.035555555555555556 0.044481054365733116
0 0.5 0.1400329489291598 0.04888888888888889 0.042833607907743
0 0.3461111111111111 0.742998352553542 0.034444444444444444 0.039538714991762765
0 0.9116666666666666 0.5724876441515651 0.034444444444444444 0.04118616144975288
0 0.3461111111111111 0.785831960461285 0.034444444444444444 0.04612850082372323
0 0.19 0.5782537067545305 0.03333333333333333 0.039538714991762765
0 0.8583333333333333 0.19604612850082373 0.034444444444444444 0.04612850082372323
0 0.13777777777777778 0.2907742998352554 0.03333333333333333 0.04118616144975288
0 0.13777777777777778 0.20181219110378912 0.03333333333333333 0.044481054365733116
0 0.8088888888888889 0.5321252059308073 0.035555555555555556 0.039538714991762765
0 0.45 0.9102141680395387 0.03333333333333333 0.044481054365733116
0 0.6561111111111111 0.8228995057660626 0.034444444444444444 0.044481054365733116
0 0.08666666666666667 0.7462932454695222 0.03333333333333333 0.042833607907743
0 0.7061111111111111 0.6153212520593081 0.034444444444444444 0.04118616144975288
0 0.8588888888888889 0.3657331136738056 0.035555555555555556 0.036243822075782535
0 0.8605555555555555 0.8220757825370676 0.034444444444444444 0.042833607907743
0 0.9111111111111111 0.6144975288303131 0.035555555555555556 0.042833607907743
0 0.13777777777777778 0.7891268533772653 0.035555555555555556 0.04612850082372323
0 0.7066666666666667 0.8640856672158155 0.035555555555555556 0.044481054365733116
0 0.3433333333333333 0.28912685337726524 0.03333333333333333 0.04118616144975288
0 0.13833333333333334 0.7446457990115322 0.034444444444444444 0.042833607907743
0 0.18944444444444444 0.5411861614497528 0.034444444444444444 0.03789126853377265
0 0.085 0.2026359143327842 0.034444444444444444 0.042833607907743
0 0.8611111111111112 0.7421746293245469 0.035555555555555556 0.04118616144975288
0 0.8605555555555555 0.8640856672158155 0.03666666666666667 0.04118616144975288
0 0.86 0.5321252059308073 0.035555555555555556 0.039538714991762765
0 0.13777777777777778 0.24629324546952225 0.03333333333333333 0.044481054365733116
0 0.24 0.32784184514003295 0.03333333333333333 0.039538714991762765
0 0.8583333333333333 0.2397034596375618 0.034444444444444444 0.044481054365733116
0 0.34444444444444444 0.37067545304777594 0.03333333333333333 0.042833607907743
0 0.6561111111111111 0.7413509060955519 0.034444444444444444 0.042833607907743
0 0.9116666666666666 0.6565074135090609 0.034444444444444444 0.04118616144975288
0 0.4488888888888889 0.7817133443163097 0.03333333333333333 0.03789126853377265
0 0.085 0.328665568369028 0.034444444444444444 0.04118616144975288
0 0.6555555555555556 0.6144975288303131 0.03333333333333333 0.036243822075782535
0 0.29444444444444445 0.7471169686985173 0.035555555555555556 0.04118616144975288
0 0.2388888888888889 0.28912685337726524 0.03111111111111111 0.03789126853377265
0 0.3427777777777778 0.24382207578253706 0.034444444444444444 0.04612850082372323
0 0.2916666666666667 0.28665568369028005 0.034444444444444444 0.04612850082372323
0 0.3438888888888889 0.32948929159802304 0.034444444444444444 0.039538714991762765
0 0.8605555555555555 0.7808896210873146 0.034444444444444444 0.039538714991762765
0 0.3461111111111111 0.5370675453047776 0.03222222222222222 0.042833607907743
0 0.08555555555555555 0.28747940691927515 0.03333333333333333 0.04118616144975288
0 0.81 0.8270181219110379 0.03333333333333333 0.039538714991762765
0 0.3466666666666667 0.6144975288303131 0.035555555555555556 0.039538714991762765
0 0.08555555555555555 0.371499176276771 0.035555555555555556 0.04118616144975288
0 0.8088888888888889 0.6556836902800659 0.03333333333333333 0.039538714991762765
0 0.08555555555555555 0.4135090609555189 0.035555555555555556 0.042833607907743
0 0.3461111111111111 0.913509060955519 0.03666666666666667 0.047775947281713346
0 0.7055555555555556 0.5321252059308073 0.03333333333333333 0.042833607907743
0 0.4488888888888889 0.8665568369028006 0.03333333333333333 0.042833607907743
0 0.2927777777777778 0.5774299835255354 0.03222222222222222 0.03789126853377265
0 0.4477777777777778 0.15321252059308071 0.03333333333333333 0.04612850082372323
0 0.44666666666666666 0.3261943986820428 0.03333333333333333 0.039538714991762765
0 0.18833333333333332 0.32948929159802304 0.034444444444444444 0.039538714991762765
0 0.24055555555555555 0.41186161449752884 0.034444444444444444 0.039538714991762765
0 0.23944444444444443 0.20098846787479407 0.034444444444444444 0.04612850082372323
0 0.18888888888888888 0.3698517298187809 0.035555555555555556 0.044481054365733116
0 0.2388888888888889 0.24629324546952225 0.03333333333333333 0.044481054365733116
0 0.24 0.49670510708401977 0.03333333333333333 0.044481054365733116
0 0.34555555555555556 0.7034596375617792 0.03333333333333333 0.039538714991762765
0 0.5505555555555556 0.28665568369028005 0.03666666666666667 0.039538714991762765
0 0.8588888888888889 0.40691927512355847 0.03333333333333333 0.042833607907743
0 0.9088888888888889 0.14909390444810544 0.035555555555555556 0.051070840197693576
0 0.4483333333333333 0.7413509060955519 0.034444444444444444 0.036243822075782535
0 0.86 0.48929159802306427 0.035555555555555556 0.04612850082372323
0 0.9116666666666666 0.49093904448105435 0.034444444444444444 0.042833607907743
0 0.8094444444444444 0.7421746293245469 0.034444444444444444 0.04118616144975288
0 0.6561111111111111 0.6548599670510709 0.034444444444444444 0.044481054365733116
0 0.18833333333333332 0.49670510708401977 0.03666666666666667 0.047775947281713346
0 0.7077777777777777 0.658154859967051 0.035555555555555556 0.04118616144975288
0 0.8583333333333333 0.15074135090609556 0.03666666666666667 0.047775947281713346
0 0.655 0.6985172981878089 0.034444444444444444 0.042833607907743
0 0.23944444444444443 0.15238879736408567 0.034444444444444444 0.047775947281713346
0 0.86 0.6144975288303131 0.035555555555555556 0.042833607907743
0 0.24055555555555555 0.4514003294892916 0.034444444444444444 0.042833607907743
0 0.44666666666666666 0.24217462932454695 0.03333333333333333 0.04612850082372323
0 0.8088888888888889 0.6169686985172982 0.03333333333333333 0.04118616144975288
0 0.8094444444444444 0.8673805601317958 0.034444444444444444 0.04118616144975288
0 0.08611111111111111 0.24464579901153213 0.034444444444444444 0.04118616144975288
0 0.6555555555555556 0.5741350906095551 0.03333333333333333 0.04118616144975288
0 0.395 0.28500823723228996 0.034444444444444444 0.05271828665568369
0 0.8088888888888889 0.7841845140032949 0.035555555555555556 0.04612850082372323
0 0.29333333333333333 0.6606260296540363 0.035555555555555556 0.04612850082372323
0 0.8583333333333333 0.2825370675453048 0.034444444444444444 0.04118616144975288
0 0.19 0.6606260296540363 0.035555555555555556 0.04612850082372323
0 0.4477777777777778 0.49341021416803954 0.03333333333333333 0.04118616144975288
0 0.8077777777777778 0.40691927512355847 0.03333333333333333 0.042833607907743
0 0.5505555555555556 0.24299835255354202 0.034444444444444444 0.04118616144975288
0 0.18833333333333332 0.24629324546952225 0.03666666666666667 0.04118616144975288
0 0.8094444444444444 0.6976935749588138 0.034444444444444444 0.044481054365733116
0 0.5511111111111111 0.1985172981878089 0.035555555555555556 0.04118616144975288
0 0.6022222222222222 0.32784184514003295 0.035555555555555556 0.042833607907743
0 0.44666666666666666 0.19934102141680396 0.03333333333333333 0.042833607907743
0 0.7038888888888889 0.24217462932454695 0.034444444444444444 0.042833607907743
0 0.86 0.5733113673805601 0.035555555555555556 0.042833607907743
0 0.18777777777777777 0.28747940691927515 0.035555555555555556 0.04118616144975288
0 0.29333333333333333 0.36902800658978585 0.03777777777777778 0.042833607907743
0 0.7577777777777778 0.4489291598023064 0.03333333333333333 0.03789126853377265
0 0.7038888888888889 0.3245469522240527 0.03222222222222222 0.042833607907743
0 0.7066666666666667 0.5741350906095551 0.03333333333333333 0.04118616144975288
0 0.7044444444444444 0.40939044481054365 0.03333333333333333 0.04118616144975288
0 0.2927777777777778 0.41186161449752884 0.03666666666666667 0.042833607907743
0 0.3427777777777778 0.1515650741350906 0.034444444444444444 0.04942339373970346
0 0.2927777777777778 0.4546952224052718 0.034444444444444444 0.042833607907743
0 0.6544444444444445 0.4085667215815486 0.03111111111111111 0.039538714991762765
0 0.29388888888888887 0.6169686985172982 0.034444444444444444 0.04118616144975288
0 0.7038888888888889 0.1515650741350906 0.034444444444444444 0.04612850082372323
0 0.7038888888888889 0.2833607907742998 0.034444444444444444 0.039538714991762765
0 0.24055555555555555 0.3698517298187809 0.034444444444444444 0.044481054365733116
0 0.8605555555555555 0.657331136738056 0.034444444444444444 0.042833607907743
0 0.2927777777777778 0.49670510708401977 0.034444444444444444 0.04118616144975288
0 0.18722222222222223 0.20098846787479407 0.03666666666666667 0.04612850082372323
0 0.345 0.4925864909390445 0.034444444444444444 0.04612850082372323
0 0.8088888888888889 0.4942339373970346 0.03333333333333333 0.039538714991762765
0 0.705 0.45057660626029655 0.034444444444444444 0.04118616144975288
0 0.4488888888888889 0.8245469522240527 0.03333333333333333 0.044481054365733116
0 0.4483333333333333 0.5774299835255354 0.03222222222222222 0.03789126853377265
0 0.6544444444444445 0.5321252059308073 0.03333333333333333 0.042833607907743
0 0.6544444444444445 0.4917627677100494 0.03111111111111111 0.04118616144975288
0 0.8088888888888889 0.45057660626029655 0.03333333333333333 0.044481054365733116
0 0.18777777777777777 0.15403624382207579 0.035555555555555556 0.047775947281713346
0 0.7061111111111111 0.49093904448105435 0.03222222222222222 0.039538714991762765
0 0.4483333333333333 0.5362438220757826 0.03222222222222222 0.044481054365733116
0 0.8088888888888889 0.5741350906095551 0.03333333333333333 0.044481054365733116
0 0.6538888888888889 0.36820428336079075 0.03222222222222222 0.04118616144975288
0 0.4483333333333333 0.45222405271828664 0.03222222222222222 0.04118616144975288
0 0.5505555555555556 0.15238879736408567 0.034444444444444444 0.047775947281713346
0 0.8072222222222222 0.3270181219110379 0.03222222222222222 0.04118616144975288
0 0.345 0.6598023064250412 0.034444444444444444 0.047775947281713346
0 0.8072222222222222 0.28171334431630973 0.034444444444444444 0.04612850082372323
0 0.4483333333333333 0.658154859967051 0.03222222222222222 0.04118616144975288
0 0.7577777777777778 0.5774299835255354 0.03333333333333333 0.044481054365733116
0 0.2922222222222222 0.5378912685337727 0.035555555555555556 0.04118616144975288
0 0.44722222222222224 0.36820428336079075 0.03222222222222222 0.044481054365733116
0 0.6533333333333333 0.28171334431630973 0.03111111111111111 0.04612850082372323
0 0.7577777777777778 0.4917627677100494 0.03333333333333333 0.04118616144975288
0 0.4477777777777778 0.6169686985172982 0.03333333333333333 0.04118616144975288
0 0.6016666666666667 0.2825370675453048 0.034444444444444444 0.047775947281713346
0 0.6533333333333333 0.3270181219110379 0.03333333333333333 0.04118616144975288
0 0.8588888888888889 0.32537067545304776 0.035555555555555556 0.044481054365733116
0 0.7572222222222222 0.5337726523887973 0.03222222222222222 0.042833607907743
0 0.7566666666666667 0.3673805601317957 0.035555555555555556 0.039538714991762765
0 0.7561111111111111 0.2825370675453048 0.034444444444444444 0.044481054365733116
0 0.7577777777777778 0.40939044481054365 0.03333333333333333 0.044481054365733116
0 0.4488888888888889 0.699341021416804 0.03333333333333333 0.044481054365733116
0 0.4477777777777778 0.41186161449752884 0.03333333333333333 0.042833607907743
0 0.7566666666666667 0.3261943986820428 0.035555555555555556 0.042833607907743