0 0.49277777777777776 0.7322899505766063 0.022222222222222223 0.02800658978583196
0 0.49277777777777776 0.7125205930807249 0.024444444444444446 0.03130148270181219
0 0.21611111111111111 0.2775947281713344 0.03777777777777778 0.03789126853377265
0 0.915 0.5461285008237232 0.03888888888888889 0.04942339373970346
0 0.8283333333333334 0.4011532125205931 0.04 0.04942339373970346
0 0.5416666666666666 0.2026359143327842 0.04666666666666667 0.042833607907743
0 0.9194444444444444 0.5074135090609555 0.03888888888888889 0.04942339373970346
0 0.8427777777777777 0.7380560131795717 0.03888888888888889 0.044481054365733116
0 0.5494444444444444 0.13838550247116968 0.043333333333333335 0.04612850082372323
0 0.37222222222222223 0.7471169686985173 0.03888888888888889 0.051070840197693576
0 0.3227777777777778 0.7364085667215815 0.04666666666666667 0.057660626029654036
0 0.4111111111111111 0.8855024711696869 0.034444444444444444 0.051070840197693576
0 0.31833333333333336 0.7742998352553542 0.04111111111111111 0.05271828665568369
0 0.37666666666666665 0.7075782537067545 0.03888888888888889 0.051070840197693576
0 0.5455555555555556 0.17380560131795716 0.044444444444444446 0.047775947281713346
0 0.9061111111111111 0.627677100494234 0.03777777777777778 0.04942339373970346
0 0.8888888888888888 0.32948929159802304 0.04111111111111111 0.05271828665568369
0 0.9311111111111111 0.4258649093904448 0.04 0.054365733113673806
0 0.36833333333333335 0.785831960461285 0.03777777777777778 0.051070840197693576
0 0.36444444444444446 0.8253706754530478 0.03888888888888889 0.04942339373970346
0 0.425 0.29654036243822074 0.04111111111111111 0.051070840197693576
0 0.5588888888888889 0.9209225700164745 0.03777777777777778 0.051070840197693576
0 0.8277777777777777 0.8640856672158155 0.03666666666666667 0.04118616144975288
0 0.9111111111111111 0.586490939044481 0.04111111111111111 0.054365733113673806
0 0.7783333333333333 0.3896210873146623 0.03888888888888889 0.051070840197693576
0 0.45555555555555555 0.47528830313014825 0.04 0.04942339373970346
0 0.33555555555555555 0.6103789126853377 0.04111111111111111 0.05271828665568369
0 0.2361111111111111 0.11532125205930807 0.043333333333333335 0.05601317957166392
0 0.6916666666666667 0.2355848434925865 0.04 0.051070840197693576
0 0.3383333333333333 0.1400329489291598 0.042222222222222223 0.05930807248764415
0 0.4666666666666667 0.3896210873146623 0.03666666666666667 0.047775947281713346
0 0.38333333333333336 0.20098846787479407 0.03777777777777778 0.051070840197693576
0 0.5994444444444444 0.5939044481054365 0.03888888888888889 0.04942339373970346
0 0.7883333333333333 0.3039538714991763 0.03888888888888889 0.05271828665568369
0 0.41944444444444445 0.33607907742998355 0.04 0.051070840197693576
0 0.5811111111111111 0.2932454695222405 0.042222222222222223 0.057660626029654036
0 0.3088888888888889 0.39373970345963755 0.043333333333333335 0.05601317957166392
0 0.43444444444444447 0.21334431630971992 0.03888888888888889 0.051070840197693576
0 0.7561111111111111 0.5906095551894563 0.04111111111111111 0.054365733113673806
0 0.7827777777777778 0.3484349258649094 0.04 0.05271828665568369
0 0.8466666666666667 0.6985172981878089 0.043333333333333335 0.05601317957166392
0 0.6866666666666666 0.2784184514003295 0.04111111111111111 0.054365733113673806
0 0.6038888888888889 0.5543657331136738 0.03888888888888889 0.051070840197693576
0 0.3877777777777778 0.15650741350906094 0.03888888888888889 0.054365733113673806
0 0.46055555555555555 0.4341021416803954 0.04111111111111111 0.054365733113673806
0 0.41444444444444445 0.3772652388797364 0.04 0.04942339373970346
0 0.6122222222222222 0.47364085667215816 0.03888888888888889 0.05271828665568369
0 0.4716666666666667 0.35090609555189456 0.03666666666666667 0.051070840197693576
0 0.41 0.4200988467874794 0.042222222222222223 0.05601317957166392
0 0.37833333333333335 0.2413509060955519 0.03888888888888889 0.051070840197693576
0 0.7733333333333333 0.42915980230642503 0.04 0.04942339373970346
0 0.7366666666666667 0.2940691927512356 0.042222222222222223 0.057660626029654036
0 0.4811111111111111 0.2685337726523888 0.03888888888888889 0.04942339373970346
0 0.5894444444444444 0.6754530477759473 0.04 0.05271828665568369
0 0.7683333333333333 0.4695222405271829 0.043333333333333335 0.054365733113673806
0 0.5944444444444444 0.6334431630971994 0.03888888888888889 0.05271828665568369
0 0.4872222222222222 0.2257001647446458 0.03888888888888889 0.05271828665568369
0 0.42944444444444446 0.2553542009884679 0.042222222222222223 0.051070840197693576
0 0.10833333333333334 0.7602965403624382 0.03777777777777778 0.044481054365733116
0 0.8194444444444444 0.48105436573311366 0.03777777777777778 0.04612850082372323
0 0.5638888888888889 0.8813838550247117 0.03888888888888889 0.04942339373970346
0 0.935 0.385502471169687 0.03777777777777778 0.051070840197693576
0 0.8233333333333334 0.9019769357495881 0.03888888888888889 0.05271828665568369
0 0.42833333333333334 0.7174629324546952 0.04 0.05271828665568369
0 0.21 0.3228995057660626 0.03666666666666667 0.054365733113673806
0 0.20555555555555555 0.36655683690280066 0.03666666666666667 0.051070840197693576
0 0.5311111111111111 0.30230642504118616 0.04555555555555556 0.05271828665568369
0 0.6077777777777778 0.514827018121911 0.03777777777777778 0.04942339373970346
0 0.11722222222222223 0.6803953871499177 0.042222222222222223 0.05601317957166392
0 0.94 0.342668863261944 0.043333333333333335 0.057660626029654036
0 0.8377777777777777 0.7800658978583196 0.044444444444444446 0.05930807248764415
0 0.8838888888888888 0.371499176276771 0.042222222222222223 0.05601317957166392
0 0.865 0.5354200988467874 0.03777777777777778 0.051070840197693576
0 0.3511111111111111 0.48846787479406917 0.04 0.054365733113673806
0 0.875 0.4546952224052718 0.03888888888888889 0.051070840197693576
0 0.7594444444444445 0.5494233937397035 0.03777777777777778 0.051070840197693576
0 0.11222222222222222 0.7224052718286655 0.03888888888888889 0.051070840197693576
0 0.34555555555555556 0.528830313014827 0.03666666666666667 0.047775947281713346
0 0.23055555555555557 0.16062602965403625 0.03777777777777778 0.051070840197693576
0 0.15555555555555556 0.35502471169686983 0.04 0.051070840197693576
0 0.8788888888888889 0.414332784184514 0.04111111111111111 0.05271828665568369
0 0.14055555555555554 0.47611202635914335 0.04111111111111111 0.054365733113673806
0 0.87 0.4950576606260296 0.04 0.051070840197693576
0 0.8144444444444444 0.5214168039538715 0.04111111111111111 0.057660626029654036
0 0.5716666666666667 0.3797364085667216 0.03666666666666667 0.04942339373970346
0 0.6472222222222223 0.17792421746293247 0.04111111111111111 0.057660626029654036
0 0.38055555555555554 0.6647446457990115 0.042222222222222223 0.05601317957166392
0 0.6227777777777778 0.38879736408566723 0.04 0.054365733113673806
0 0.765 0.5107084019769358 0.04 0.047775947281713346
0 0.7505555555555555 0.6326194398682042 0.035555555555555556 0.04612850082372323
0 0.35944444444444446 0.40362438220757824 0.04111111111111111 0.054365733113673806
0 0.2011111111111111 0.4085667215815486 0.04111111111111111 0.05601317957166392
0 0.22611111111111112 0.200164744645799 0.03888888888888889 0.051070840197693576
0 0.5755555555555556 0.3385502471169687 0.04 0.05271828665568369
0 0.8988888888888888 0.24217462932454695 0.042222222222222223 0.05930807248764415
0 0.37333333333333335 0.2800658978583196 0.03777777777777778 0.047775947281713346
0 0.6166666666666667 0.4299835255354201 0.03777777777777778 0.04942339373970346
0 0.7466666666666667 0.20510708401976935 0.043333333333333335 0.060955518945634266
0 0.3861111111111111 0.6235584843492586 0.04 0.05271828665568369
0 0.33111111111111113 0.6515650741350906 0.043333333333333335 0.057660626029654036
0 0.5838888888888889 0.7166392092257001 0.03777777777777778 0.054365733113673806
0 0.13166666666666665 0.556013179571664 0.04111111111111111 0.054365733113673806
0 0.5738888888888889 0.7990115321252059 0.03777777777777778 0.051070840197693576
0 0.8866666666666667 0.7957166392092258 0.044444444444444446 0.05601317957166392
0 0.5783333333333334 0.7594728171334432 0.03888888888888889 0.04942339373970346
0 0.43666666666666665 0.6392092257001647 0.042222222222222223 0.054365733113673806
0 0.8511111111111112 0.658154859967051 0.04111111111111111 0.05271828665568369
0 0.36444444444444446 0.3624382207578254 0.03777777777777778 0.04942339373970346
0 0.49166666666666664 0.1828665568369028 0.03666666666666667 0.047775947281713346
0 0.44222222222222224 0.5963756177924218 0.04111111111111111 0.054365733113673806
0 0.12444444444444444 0.17462932454695224 0.042222222222222223 0.06260296540362438
0 0.6722222222222223 0.4028006589785832 0.035555555555555556 0.04942339373970346
0 0.2866666666666667 0.13097199341021418 0.04 0.05601317957166392
0 0.4011111111111111 0.5024711696869851 0.04 0.04942339373970346
0 0.8244444444444444 0.44233937397034595 0.04 0.05271828665568369
0 0.17555555555555555 0.1902800658978583 0.04111111111111111 0.05271828665568369
0 0.8316666666666667 0.8261943986820428 0.04111111111111111 0.054365733113673806
0 0.34055555555555556 0.5683690280065898 0.04111111111111111 0.05271828665568369
0 0.6422222222222222 0.22240527182866557 0.04111111111111111 0.054365733113673806
0 0.5683333333333334 0.8410214168039539 0.03888888888888889 0.051070840197693576
0 0.7455555555555555 0.6738056013179572 0.04 0.057660626029654036
0 0.6627777777777778 0.4843492586490939 0.03777777777777778 0.051070840197693576
0 0.8333333333333334 0.35831960461285006 0.04111111111111111 0.054365733113673806
0 0.19166666666666668 0.05848434925864909 0.043333333333333335 0.06260296540362438
0 0.6672222222222223 0.4439868204283361 0.03777777777777778 0.051070840197693576
0 0.7422222222222222 0.25123558484349257 0.03777777777777778 0.051070840197693576
0 0.39111111111111113 0.5815485996705108 0.03888888888888889 0.05271828665568369
0 0.44722222222222224 0.5535420098846787 0.042222222222222223 0.05601317957166392
0 0.24166666666666667 0.06919275123558484 0.043333333333333335 0.05601317957166392
0 0.6972222222222222 0.18945634266886327 0.04111111111111111 0.05930807248764415
0 0.3327777777777778 0.18533772652388797 0.03888888888888889 0.05271828665568369
0 0.32722222222222225 0.2273476112026359 0.03777777777777778 0.04942339373970346
0 0.31277777777777777 0.3500823723228995 0.042222222222222223 0.054365733113673806
0 0.5138888888888888 0.4382207578253707 0.04555555555555556 0.057660626029654036
0 0.14555555555555555 0.43492586490939045 0.043333333333333335 0.05601317957166392
0 0.6811111111111111 0.3212520593080725 0.03888888888888889 0.04942339373970346
0 0.18555555555555556 0.10626029654036244 0.04111111111111111 0.054365733113673806
0 0.4961111111111111 0.13673805601317957 0.04555555555555556 0.060955518945634266
0 0.2922222222222222 0.085667215815486 0.043333333333333335 0.057660626029654036
0 0.6766666666666666 0.3616144975288303 0.04111111111111111 0.051070840197693576
0 0.18055555555555555 0.14827018121911037 0.04111111111111111 0.054365733113673806
0 0.3688888888888889 0.3212520593080725 0.04 0.054365733113673806
0 0.7327777777777778 0.33607907742998355 0.03888888888888889 0.04942339373970346
0 0.6377777777777778 0.2652388797364086 0.04 0.051070840197693576
0 0.40555555555555556 0.46210873146622733 0.042222222222222223 0.05271828665568369
0 0.5233333333333333 0.36820428336079075 0.043333333333333335 0.04612850082372323
0 0.43222222222222223 0.6771004942339374 0.03888888888888889 0.047775947281713346
0 0.39555555555555555 0.5411861614497528 0.03888888888888889 0.04942339373970346
0 0.16 0.31219110378912684 0.04111111111111111 0.054365733113673806
0 0.925 0.4686985172981878 0.042222222222222223 0.054365733113673806
0 0.8566666666666667 0.6161449752883031 0.03888888888888889 0.05271828665568369
0 0.8177777777777778 0.9464579901153213 0.03666666666666667 0.05271828665568369
0 0.31833333333333336 0.30807248764415157 0.04111111111111111 0.054365733113673806
0 0.6577777777777778 0.5255354200988468 0.04 0.054365733113673806
0 0.8605555555555555 0.5741350906095551 0.04 0.05271828665568369
0 0.45166666666666666 0.514003294892916 0.03888888888888889 0.04942339373970346
0 0.7266666666666667 0.37644151565074135 0.03666666666666667 0.05271828665568369
0 0.30777777777777776 0.8583196046128501 0.04 0.05271828665568369
0 0.32666666666666666 0.6935749588138386 0.03888888888888889 0.04942339373970346
0 0.8127777777777778 0.9719934102141681 0.035555555555555556 0.016474464579901153
0 0.5077777777777778 0.4818780889621087 0.04111111111111111 0.03789126853377265
0 0.5266666666666666 0.33772652388797364 0.04111111111111111 0.039538714991762765
0 0.8916666666666667 0.7545304777594728 0.042222222222222223 0.051070840197693576
0 0.4388888888888889 0.16886326194398682 0.042222222222222223 0.057660626029654036
0 0.47555555555555556 0.3088962108731466 0.04 0.04942339373970346
0 0.355 0.4456342668863262 0.04111111111111111 0.05271828665568369
0 0.16555555555555557 0.27100494233937394 0.04 0.051070840197693576
0 0.41944444444444445 0.7973640856672158 0.03888888888888889 0.051070840197693576
0 0.22055555555555556 0.2397034596375618 0.03888888888888889 0.051070840197693576
0 0.7983333333333333 0.2158154859967051 0.04111111111111111 0.057660626029654036
0 0.12666666666666668 0.5988467874794069 0.03777777777777778 0.051070840197693576
0 0.895 0.28665568369028005 0.042222222222222223 0.054365733113673806
0 0.31222222222222223 0.8130148270181219 0.04111111111111111 0.054365733113673806
0 0.32222222222222224 0.2677100494233937 0.03888888888888889 0.04942339373970346
0 0.42333333333333334 0.7561779242174629 0.04 0.04942339373970346
0 0.41388888888888886 0.8393739703459637 0.04111111111111111 0.054365733113673806
0 0.10277777777777777 0.8031301482701813 0.044444444444444446 0.06260296540362438
0 0.1361111111111111 0.5172981878088962 0.03888888888888889 0.047775947281713346
0 0.12166666666666667 0.6383855024711697 0.03777777777777778 0.04942339373970346
0 0.17 0.23146622734761121 0.04 0.05271828665568369
0 0.5372222222222223 0.2355848434925865 0.04666666666666667 0.051070840197693576
0 0.6322222222222222 0.30642504118616143 0.03666666666666667 0.04942339373970346
0 0.8972222222222223 0.714168039538715 0.043333333333333335 0.057660626029654036
0 0.35888888888888887 0.8682042833607908 0.04111111111111111 0.054365733113673806
0 0.9016666666666666 0.6696869851729819 0.04111111111111111 0.054365733113673806
0 0.15055555555555555 0.39209225700164746 0.04 0.051070840197693576
0 0.9461111111111111 0.29736408566721584 0.042222222222222223 0.05601317957166392
0 0.7927777777777778 0.2627677100494234 0.04 0.051070840197693576
0 0.5344444444444445 0.26935749588138386 0.042222222222222223 0.044481054365733116
0 0.6272222222222222 0.34596375617792424 0.03777777777777778 0.051070840197693576