0 0.6627777777777778 0.75 0.023333333333333334 0.034653465346534656
0 0.07388888888888889 0.5478547854785478 0.04 0.04785478547854786
0 0.056666666666666664 0.7103960396039604 0.03888888888888889 0.04455445544554455
0 0.6811111111111111 0.8374587458745875 0.025555555555555557 0.037953795379537955
0 0.515 0.9356435643564357 0.024444444444444446 0.034653465346534656
0 0.5238888888888888 0.2202970297029703 0.04777777777777778 0.036303630363036306
0 0.5261111111111111 0.8498349834983498 0.021111111111111112 0.034653465346534656
0 0.5211111111111111 0.891914191419142 0.023333333333333334 0.03135313531353135
0 0.06 0.6724422442244224 0.042222222222222223 0.04785478547854786
0 0.49444444444444446 0.886963696369637 0.023333333333333334 0.034653465346534656
0 0.6111111111111112 0.3613861386138614 0.03777777777777778 0.0462046204620462
0 0.24333333333333335 0.40924092409240925 0.03333333333333333 0.0429042904290429
0 0.5033333333333333 0.801980198019802 0.023333333333333334 0.034653465346534656
0 0.06888888888888889 0.5891089108910891 0.04 0.0462046204620462
0 0.5372222222222223 0.7277227722772277 0.024444444444444446 0.036303630363036306
0 0.8922222222222222 0.6683168316831684 0.03777777777777778 0.041254125412541254
0 0.6594444444444445 0.7871287128712872 0.023333333333333334 0.033003300330033
0 0.9133333333333333 0.4240924092409241 0.03888888888888889 0.04950495049504951
0 0.5116666666666667 0.7202970297029703 0.023333333333333334 0.037953795379537955
0 0.04388888888888889 0.8407590759075908 0.04111111111111111 0.052805280528052806
0 0.06444444444444444 0.6320132013201321 0.04111111111111111 0.052805280528052806
0 0.29055555555555557 0.46204620462046203 0.03777777777777778 0.0462046204620462
0 0.13166666666666665 0.4760726072607261 0.03888888888888889 0.05115511551155116
0 0.17777777777777778 0.5264026402640264 0.03777777777777778 0.041254125412541254
0 0.16666666666666666 0.650990099009901 0.04 0.04785478547854786
0 0.115 0.13036303630363036 0.03888888888888889 0.05115511551155116
0 0.5266666666666666 0.18729372937293728 0.04555555555555556 0.0462046204620462
0 0.6811111111111111 0.5833333333333334 0.024444444444444446 0.034653465346534656
0 0.685 0.7978547854785478 0.025555555555555557 0.036303630363036306
0 0.8633333333333333 0.41089108910891087 0.034444444444444444 0.04455445544554455
0 0.6888888888888889 0.7524752475247525 0.025555555555555557 0.037953795379537955
0 0.5066666666666667 0.7623762376237624 0.024444444444444446 0.034653465346534656
0 0.08222222222222222 0.466996699669967 0.035555555555555556 0.041254125412541254
0 0.052222222222222225 0.7516501650165016 0.04 0.04785478547854786
0 0.7727777777777778 0.30363036303630364 0.03666666666666667 0.039603960396039604
0 0.12777777777777777 0.5148514851485149 0.03666666666666667 0.0462046204620462
0 0.04777777777777778 0.7953795379537953 0.04111111111111111 0.05115511551155116
0 0.45222222222222225 0.4141914191419142 0.04 0.0462046204620462
0 0.17444444444444446 0.566006600660066 0.035555555555555556 0.0462046204620462
0 0.6961111111111111 0.6716171617161716 0.025555555555555557 0.039603960396039604
0 0.6705555555555556 0.6666666666666666 0.028888888888888888 0.039603960396039604
0 0.6672222222222223 0.7070957095709571 0.025555555555555557 0.039603960396039604
0 0.6755555555555556 0.6237623762376238 0.025555555555555557 0.039603960396039604
0 0.19555555555555557 0.36221122112211224 0.03888888888888889 0.052805280528052806
0 0.12444444444444444 0.5585808580858086 0.03888888888888889 0.052805280528052806
0 0.7038888888888889 0.5899339933993399 0.023333333333333334 0.037953795379537955
0 0.07833333333333334 0.5057755775577558 0.03888888888888889 0.04950495049504951
0 0.9183333333333333 0.3803630363036304 0.03888888888888889 0.052805280528052806
0 0.7122222222222222 0.3811881188118812 0.03777777777777778 0.04785478547854786
0 0.8483333333333334 0.5783828382838284 0.03777777777777778 0.04785478547854786
0 0.8722222222222222 0.8803630363036303 0.03666666666666667 0.04455445544554455
0 0.8094444444444444 0.4438943894389439 0.03777777777777778 0.05115511551155116
0 0.29388888888888887 0.42326732673267325 0.035555555555555556 0.0462046204620462
0 0.24722222222222223 0.37293729372937295 0.035555555555555556 0.041254125412541254
0 0.10277777777777777 0.25577557755775576 0.03888888888888889 0.05115511551155116
0 0.8138888888888889 0.40016501650165015 0.03666666666666667 0.0462046204620462
0 0.5344444444444445 0.7665016501650165 0.025555555555555557 0.036303630363036306
0 0.6933333333333334 0.7136963696369637 0.023333333333333334 0.034653465346534656
0 0.3161111111111111 0.2136963696369637 0.034444444444444444 0.041254125412541254
0 0.5327777777777778 0.6386138613861386 0.03777777777777778 0.04785478547854786
0 0.6961111111111111 0.5462046204620462 0.04 0.04950495049504951
0 0.5111111111111111 0.35313531353135313 0.04555555555555556 0.039603960396039604
0 0.5166666666666667 0.2863036303630363 0.04666666666666667 0.039603960396039604
0 0.5083333333333333 0.38613861386138615 0.04777777777777778 0.0429042904290429
0 0.5305555555555556 0.15264026402640263 0.04555555555555556 0.039603960396039604
0 0.8594444444444445 0.9925742574257426 0.03666666666666667 0.01485148514851485
0 0.46111111111111114 0.33003300330033003 0.03666666666666667 0.0429042904290429
0 0.8772222222222222 0.8374587458745875 0.035555555555555556 0.0462046204620462
0 0.88 0.7970297029702971 0.04 0.04950495049504951
0 0.5144444444444445 0.3193069306930693 0.04555555555555556 0.04455445544554455
0 0.4955555555555556 0.5008250825082509 0.043333333333333335 0.034653465346534656
0 0.48444444444444446 0.7343234323432343 0.022222222222222223 0.024752475247524754
0 0.5294444444444445 0.8052805280528053 0.022222222222222223 0.028052805280528052
0 0.9277777777777778 0.2896039603960396 0.03888888888888889 0.033003300330033
0 0.545 0.5132013201320133 0.03888888888888889 0.033003300330033
0 0.8994444444444445 0.584983498349835 0.03777777777777778 0.033003300330033
0 0.8455555555555555 0.6138613861386139 0.03888888888888889 0.03135313531353135
0 0.8572222222222222 0.4933993399339934 0.034444444444444444 0.026402640264026403
0 0.4816666666666667 0.7541254125412541 0.022222222222222223 0.028052805280528052
0 0.5 0.8407590759075908 0.023333333333333334 0.036303630363036306
0 0.6605555555555556 0.91996699669967 0.03888888888888889 0.04785478547854786
0 0.9027777777777778 0.5453795379537953 0.04111111111111111 0.052805280528052806
0 0.12111111111111111 0.08250825082508251 0.04 0.0594059405940594
0 0.6038888888888889 0.9529702970297029 0.04 0.052805280528052806
0 0.8961111111111111 0.6278877887788779 0.03888888888888889 0.056105610561056105
0 0.7005555555555556 0.6303630363036303 0.025555555555555557 0.039603960396039604
0 0.6094444444444445 0.9100660066006601 0.03666666666666667 0.0462046204620462
0 0.6555555555555556 0.9628712871287128 0.03888888888888889 0.052805280528052806
0 0.8411111111111111 0.6567656765676567 0.03777777777777778 0.054455445544554455
0 0.7594444444444445 0.4298679867986799 0.03888888888888889 0.05115511551155116
0 0.085 0.42574257425742573 0.03888888888888889 0.052805280528052806
0 0.865 0.9645214521452146 0.03888888888888889 0.052805280528052806
0 0.31222222222222223 0.25412541254125415 0.035555555555555556 0.04785478547854786
0 0.9072222222222223 0.5024752475247525 0.03888888888888889 0.04785478547854786
0 0.2733333333333333 0.11303630363036303 0.03777777777777778 0.054455445544554455
0 0.72 0.29455445544554454 0.04111111111111111 0.04455445544554455
0 0.6161111111111112 0.8259075907590759 0.03888888888888889 0.04455445544554455
0 0.7638888888888888 0.38778877887788776 0.034444444444444444 0.041254125412541254
0 0.8838888888888888 0.754950495049505 0.04 0.04785478547854786
0 0.10666666666666667 0.2145214521452145 0.03888888888888889 0.0462046204620462
0 0.5 0.45874587458745875 0.04555555555555556 0.052805280528052806
0 0.23833333333333334 0.4521452145214521 0.04 0.05115511551155116
0 0.17 0.6097359735973598 0.03666666666666667 0.04785478547854786
0 0.18722222222222223 0.4438943894389439 0.035555555555555556 0.04455445544554455
0 0.6544444444444445 0.4537953795379538 0.03666666666666667 0.04950495049504951
0 0.91 0.4636963696369637 0.03777777777777778 0.04455445544554455
0 0.9233333333333333 0.3325082508250825 0.04 0.056105610561056105
0 0.5411111111111111 0.5544554455445545 0.03888888888888889 0.05115511551155116
0 0.8205555555555556 0.3193069306930693 0.03666666666666667 0.04785478547854786
0 0.52 0.2533003300330033 0.05 0.05115511551155116
0 0.19055555555555556 0.40594059405940597 0.03777777777777778 0.0462046204620462
0 0.5533333333333333 0.4315181518151815 0.035555555555555556 0.04455445544554455
0 0.8677777777777778 0.91996699669967 0.03888888888888889 0.04785478547854786
0 0.6144444444444445 0.8663366336633663 0.03888888888888889 0.04950495049504951
0 0.6644444444444444 0.8762376237623762 0.03777777777777778 0.05115511551155116
0 0.235 0.49587458745874585 0.03888888888888889 0.04785478547854786
0 0.5372222222222223 0.5965346534653465 0.03777777777777778 0.0429042904290429
0 0.32055555555555554 0.16996699669966997 0.03888888888888889 0.05115511551155116
0 0.21666666666666667 0.1485148514851485 0.03888888888888889 0.04950495049504951
0 0.9316666666666666 0.24834983498349836 0.03888888888888889 0.056105610561056105
0 0.465 0.2871287128712871 0.03888888888888889 0.054455445544554455
0 0.65 0.49422442244224424 0.03666666666666667 0.0429042904290429
0 0.5277777777777778 0.6831683168316832 0.04 0.04785478547854786
0 0.8372222222222222 0.7029702970297029 0.03888888888888889 0.052805280528052806
0 0.29833333333333334 0.382013201320132 0.03777777777777778 0.0462046204620462
0 0.8172222222222222 0.35973597359735976 0.035555555555555556 0.04455445544554455
0 0.09944444444444445 0.2986798679867987 0.03777777777777778 0.0462046204620462
0 0.8666666666666667 0.3688118811881188 0.04111111111111111 0.05115511551155116
0 0.6161111111111112 0.3184818481848185 0.04 0.052805280528052806
0 0.7033333333333334 0.4636963696369637 0.03888888888888889 0.04785478547854786
0 0.7166666666666667 0.33663366336633666 0.03777777777777778 0.05115511551155116
0 0.6416666666666667 0.5775577557755776 0.03666666666666667 0.04785478547854786
0 0.2677777777777778 0.16006600660066006 0.03777777777777778 0.05115511551155116
0 0.325 0.1254125412541254 0.04 0.052805280528052806
0 0.17055555555555554 0.09405940594059406 0.04 0.052805280528052806
0 0.20444444444444446 0.2747524752475248 0.03777777777777778 0.0462046204620462
0 0.30777777777777776 0.2978547854785479 0.03777777777777778 0.04950495049504951
0 0.7811111111111111 0.21699669966996699 0.03777777777777778 0.052805280528052806
0 0.8316666666666667 0.22772277227722773 0.03777777777777778 0.054455445544554455
0 0.18222222222222223 0.485973597359736 0.04 0.054455445544554455
0 0.7294444444444445 0.20627062706270627 0.04 0.054455445544554455
0 0.21333333333333335 0.19306930693069307 0.03888888888888889 0.052805280528052806
0 0.6238888888888889 0.7442244224422442 0.03888888888888889 0.04455445544554455
0 0.15777777777777777 0.22772277227722773 0.03777777777777778 0.04785478547854786
0 0.8316666666666667 0.7458745874587459 0.04 0.05115511551155116
0 0.8883333333333333 0.7103960396039604 0.04 0.054455445544554455
0 0.11 0.17326732673267325 0.04 0.0462046204620462
0 0.7244444444444444 0.2533003300330033 0.04 0.04950495049504951
0 0.2 0.3201320132013201 0.03777777777777778 0.05115511551155116
0 0.14888888888888888 0.3094059405940594 0.03666666666666667 0.04785478547854786
0 0.42333333333333334 0.19141914191419143 0.03888888888888889 0.052805280528052806
0 0.42777777777777776 0.14273927392739275 0.03888888888888889 0.054455445544554455
0 0.1527777777777778 0.26815181518151815 0.04 0.04785478547854786
0 0.09 0.38283828382838286 0.03666666666666667 0.04455445544554455
0 0.3761111111111111 0.13448844884488448 0.04111111111111111 0.057755775577557754
0 0.16555555555555557 0.13861386138613863 0.04111111111111111 0.04950495049504951
0 0.6066666666666667 0.4034653465346535 0.03777777777777778 0.04785478547854786
0 0.6666666666666666 0.32673267326732675 0.03888888888888889 0.04950495049504951
0 0.14 0.3935643564356436 0.04 0.04785478547854786
0 0.5694444444444444 0.2665016501650165 0.03666666666666667 0.0462046204620462
0 0.5672222222222222 0.3069306930693069 0.035555555555555556 0.04455445544554455
0 0.09444444444444444 0.34075907590759075 0.03777777777777778 0.04785478547854786
0 0.2088888888888889 0.23597359735973597 0.03666666666666667 0.0462046204620462
0 0.30333333333333334 0.33993399339933994 0.03888888888888889 0.04950495049504951
0 0.7761111111111111 0.264026402640264 0.03888888888888889 0.054455445544554455
0 0.6577777777777778 0.41089108910891087 0.035555555555555556 0.0462046204620462
0 0.7683333333333333 0.3457095709570957 0.03777777777777778 0.04950495049504951
0 0.2627777777777778 0.2037953795379538 0.035555555555555556 0.0462046204620462
0 0.6455555555555555 0.5354785478547854 0.03777777777777778 0.04950495049504951
0 0.3572222222222222 0.3085808580858086 0.03666666666666667 0.04785478547854786
0 0.13666666666666666 0.43481848184818483 0.03888888888888889 0.04785478547854786
0 0.6338888888888888 0.6617161716171617 0.03666666666666667 0.04455445544554455
0 0.5744444444444444 0.2235973597359736 0.03888888888888889 0.052805280528052806
0 0.6622222222222223 0.3696369636963696 0.03888888888888889 0.04950495049504951
0 0.5788888888888889 0.1740924092409241 0.04 0.056105610561056105
0 0.8272222222222222 0.2739273927392739 0.03777777777777778 0.052805280528052806
0 0.14444444444444443 0.35148514851485146 0.04 0.05115511551155116
0 0.8527777777777777 0.5321782178217822 0.04 0.056105610561056105
0 0.2561111111111111 0.2863036303630363 0.035555555555555556 0.0462046204620462
0 0.37166666666666665 0.18316831683168316 0.04 0.04950495049504951
0 0.8616666666666667 0.45627062706270627 0.03666666666666667 0.052805280528052806
0 0.3622222222222222 0.26815181518151815 0.03777777777777778 0.04785478547854786
0 0.5488888888888889 0.47277227722772275 0.04111111111111111 0.05115511551155116
0 0.3672222222222222 0.22442244224422442 0.03888888888888889 0.04785478547854786
0 0.7066666666666667 0.42244224422442245 0.04 0.04785478547854786
0 0.4572222222222222 0.3704620462046205 0.03888888888888889 0.052805280528052806
0 0.7 0.504950495049505 0.04 0.04950495049504951
0 0.22166666666666668 0.10478547854785479 0.03888888888888889 0.052805280528052806
0 0.6205555555555555 0.7863036303630363 0.04 0.04950495049504951
0 0.25055555555555553 0.33003300330033003 0.04 0.052805280528052806
0 0.16111111111111112 0.18234323432343233 0.03777777777777778 0.052805280528052806
0 0.2588888888888889 0.24587458745874588 0.03777777777777778 0.04785478547854786
0 0.6377777777777778 0.6204620462046204 0.03888888888888889 0.05115511551155116
0 0.5577777777777778 0.39026402640264024 0.03777777777777778 0.04785478547854786
0 0.5616666666666666 0.34735973597359737 0.03777777777777778 0.04785478547854786
0 0.6283333333333333 0.7037953795379538 0.03777777777777778 0.04785478547854786