0 0.56 0.6298600311041991 0.030666666666666665 0.03576982892690513
0 0.6886666666666666 0.7122861586314152 0.029333333333333333 0.03421461897356143
0 0.7926666666666666 0.6119751166407466 0.04 0.04043545878693624
0 0.5713333333333334 0.7783825816485226 0.030666666666666665 0.03265940902021773
0 0.5626666666666666 0.5909797822706065 0.029333333333333333 0.038880248833592534
0 0.34933333333333333 0.3926905132192846 0.03866666666666667 0.03576982892690513
0 0.71 0.8981337480559876 0.042666666666666665 0.038880248833592534
0 0.27666666666666667 0.5692068429237948 0.03866666666666667 0.03576982892690513
0 0.684 0.750388802488336 0.030666666666666665 0.03732503888024884
0 0.42866666666666664 0.6920684292379471 0.04 0.041990668740279936
0 0.6753333333333333 0.5645412130637636 0.030666666666666665 0.03576982892690513
0 0.43866666666666665 0.5800933125972006 0.03866666666666667 0.03732503888024884
0 0.15666666666666668 0.671850699844479 0.04133333333333333 0.041990668740279936
0 0.13533333333333333 0.2986003110419907 0.04133333333333333 0.038880248833592534
0 0.86 0.46967340590979784 0.04133333333333333 0.04043545878693624
0 0.5413333333333333 0.8094867807153966 0.032 0.03576982892690513
0 0.5133333333333333 0.6959564541213064 0.036 0.03732503888024884
0 0.288 0.45800933125972004 0.04 0.03576982892690513
0 0.31866666666666665 0.7192846034214619 0.03866666666666667 0.03576982892690513
0 0.208 0.7115085536547434 0.037333333333333336 0.03421461897356143
0 0.8673333333333333 0.39813374805598756 0.04 0.038880248833592534
0 0.3466666666666667 0.4284603421461897 0.04 0.04354587869362364
0 0.6813333333333333 0.7869362363919129 0.032 0.03576982892690513
0 0.582 0.6687402799377916 0.032 0.03576982892690513
0 0.552 0.2939346811819596 0.037333333333333336 0.03732503888024884
0 0.668 0.3452566096423017 0.03333333333333333 0.03732503888024884
0 0.6453333333333333 0.30637636080870917 0.029333333333333333 0.03421461897356143
0 0.714 0.8631415241057543 0.03866666666666667 0.038880248833592534
0 0.814 0.39191290824261277 0.04 0.038880248833592534
0 0.3253333333333333 0.6485225505443235 0.03866666666666667 0.03576982892690513
0 0.23266666666666666 0.4556765163297045 0.04133333333333333 0.03576982892690513
0 0.716 0.8265940902021773 0.03866666666666667 0.03732503888024884
0 0.652 0.37947122861586313 0.04 0.03732503888024884
0 0.36133333333333334 0.28149300155520995 0.04133333333333333 0.038880248833592534
0 0.5526666666666666 0.7013996889580093 0.029333333333333333 0.03576982892690513
0 0.6726666666666666 0.3094867807153966 0.030666666666666665 0.03576982892690513
0 0.594 0.41135303265940903 0.037333333333333336 0.03421461897356143
0 0.422 0.7643856920684292 0.04 0.04043545878693624
0 0.17733333333333334 0.4510108864696734 0.04 0.03576982892690513
0 0.836 0.7262830482115086 0.04 0.04043545878693624
0 0.4246666666666667 0.7278382581648523 0.04133333333333333 0.04043545878693624
0 0.37333333333333335 0.7278382581648523 0.037333333333333336 0.03576982892690513
0 0.596 0.5217729393468118 0.030666666666666665 0.03265940902021773
0 0.13 0.33359253499222397 0.04 0.04043545878693624
0 0.5486666666666666 0.3320373250388802 0.034666666666666665 0.03421461897356143
0 0.222 0.5637636080870918 0.04 0.03576982892690513
0 0.85 0.578538102643857 0.04133333333333333 0.04043545878693624
0 0.146 0.7776049766718507 0.04 0.04354587869362364
0 0.8533333333333334 0.5427682737169518 0.04133333333333333 0.04354587869362364
0 0.6046666666666667 0.8514774494556765 0.036 0.03265940902021773
0 0.10733333333333334 0.5940902021772939 0.04133333333333333 0.041990668740279936
0 0.306 0.8297045101088647 0.04 0.04043545878693624
0 0.14266666666666666 0.8141524105754276 0.04 0.038880248833592534
0 0.766 0.3164852255054432 0.04 0.038880248833592534
0 0.09666666666666666 0.702954898911353 0.04 0.04354587869362364
0 0.192 0.3048211508553655 0.04 0.04043545878693624
0 0.6086666666666667 0.8188180404354588 0.03866666666666667 0.03576982892690513
0 0.8433333333333334 0.6516329704510109 0.03866666666666667 0.03576982892690513
0 0.5446666666666666 0.7737169517884914 0.032 0.038880248833592534
0 0.104 0.6314152410575428 0.04133333333333333 0.041990668740279936
0 0.5133333333333333 0.24416796267496113 0.036 0.03576982892690513
0 0.8713333333333333 0.36236391912908245 0.04133333333333333 0.041990668740279936
0 0.18866666666666668 0.33981337480559876 0.037333333333333336 0.03576982892690513
0 0.194 0.8576982892690513 0.04 0.04043545878693624
0 0.358 0.3164852255054432 0.036 0.03732503888024884
0 0.4686666666666667 0.7643856920684292 0.024 0.027993779160186624
0 0.25666666666666665 0.7908242612752722 0.042666666666666665 0.041990668740279936
0 0.218 0.5995334370139969 0.04133333333333333 0.04510108864696734
0 0.818 0.9043545878693624 0.03866666666666667 0.038880248833592534
0 0.36533333333333334 0.24494556765163297 0.037333333333333336 0.026438569206842923
0 0.49333333333333335 0.8779160186625194 0.03866666666666667 0.027993779160186624
0 0.49533333333333335 0.4214618973561431 0.030666666666666665 0.03576982892690513
0 0.5566666666666666 0.25972006220839816 0.034666666666666665 0.024883359253499222
0 0.51 0.276049766718507 0.036 0.03421461897356143
0 0.702 0.4214618973561431 0.04133333333333333 0.041990668740279936
0 0.63 0.5987558320373251 0.04 0.041990668740279936
0 0.404 0.3965785381026439 0.04133333333333333 0.04354587869362364
0 0.464 0.33048211508553654 0.03866666666666667 0.04043545878693624
0 0.5953333333333334 0.37558320373250387 0.04133333333333333 0.041990668740279936
0 0.516 0.2255054432348367 0.030666666666666665 0.00933125972006221
0 0.30466666666666664 0.8685847589424572 0.04133333333333333 0.04510108864696734
0 0.5453333333333333 0.3693623639191291 0.04 0.04354587869362364
0 0.24933333333333332 0.864696734059098 0.037333333333333336 0.04354587869362364
0 0.5046666666666667 0.3522550544323484 0.036 0.04510108864696734
0 0.5 0.38724727838258166 0.03333333333333333 0.03421461897356143
0 0.7426666666666667 0.5707620528771384 0.04133333333333333 0.038880248833592534
0 0.37666666666666665 0.6912908242612753 0.04 0.041990668740279936
0 0.586 0.6329704510108864 0.03333333333333333 0.04043545878693624
0 0.3913333333333333 0.5427682737169518 0.04133333333333333 0.04043545878693624
0 0.638 0.5256609642301711 0.04133333333333333 0.04354587869362364
0 0.18466666666666667 0.3786936236391913 0.042666666666666665 0.04665629860031104
0 0.642 0.48833592534992226 0.04 0.03732503888024884
0 0.6233333333333333 0.6702954898911353 0.037333333333333336 0.04043545878693624
0 0.5406666666666666 0.4082426127527216 0.04 0.04043545878693624
0 0.328 0.6119751166407466 0.04 0.041990668740279936
0 0.756 0.42534992223950235 0.04 0.04043545878693624
0 0.16666666666666666 0.5606531881804043 0.04133333333333333 0.041990668740279936
0 0.7453333333333333 0.5342146189735615 0.03866666666666667 0.038880248833592534
0 0.2946666666666667 0.3856920684292379 0.04 0.041990668740279936
0 0.6973333333333334 0.604199066874028 0.032 0.03732503888024884
0 0.6046666666666667 0.30171073094867806 0.04 0.041990668740279936
0 0.702 0.5653188180404355 0.030666666666666665 0.03732503888024884
0 0.644 0.4525660964230171 0.04 0.03732503888024884
0 0.7486666666666667 0.4968895800933126 0.03866666666666667 0.038880248833592534
0 0.5046666666666667 0.7721617418351477 0.03866666666666667 0.038880248833592534
0 0.7053333333333334 0.38413685847589424 0.04 0.038880248833592534
0 0.8006666666666666 0.5373250388802489 0.03866666666666667 0.038880248833592534
0 0.612 0.78149300155521 0.036 0.038880248833592534
0 0.21133333333333335 0.6749611197511665 0.04 0.04354587869362364
0 0.456 0.4004665629860031 0.03866666666666667 0.04043545878693624
0 0.516 0.6594090202177294 0.037333333333333336 0.038880248833592534
0 0.28 0.5334370139968896 0.04133333333333333 0.04043545878693624
0 0.602 0.8864696734059098 0.03866666666666667 0.04043545878693624
0 0.5273333333333333 0.5528771384136858 0.04 0.038880248833592534
0 0.732 0.6780715396578538 0.04 0.04043545878693624
0 0.59 0.5956454121306376 0.032 0.03732503888024884
0 0.3973333333333333 0.468895800933126 0.04133333333333333 0.041990668740279936
0 0.616 0.7441679626749611 0.037333333333333336 0.03732503888024884
0 0.41533333333333333 0.28615863141524106 0.04 0.041990668740279936
0 0.6006666666666667 0.33825816485225507 0.04133333333333333 0.038880248833592534
0 0.6473333333333333 0.41601866251944014 0.042666666666666665 0.038880248833592534
0 0.336 0.5373250388802489 0.04133333333333333 0.038880248833592534
0 0.7126666666666667 0.3094867807153966 0.03866666666666667 0.038880248833592534
0 0.5793333333333334 0.7052877138413686 0.03333333333333333 0.03732503888024884
0 0.51 0.7340590979782271 0.04133333333333333 0.041990668740279936
0 0.386 0.5793157076205288 0.04 0.038880248833592534
0 0.45266666666666666 0.4385692068429238 0.03866666666666667 0.038880248833592534
0 0.6326666666666667 0.5629860031104199 0.03866666666666667 0.03732503888024884
0 0.436 0.6189735614307932 0.04133333333333333 0.041990668740279936
0 0.38266666666666665 0.6158631415241057 0.04 0.04043545878693624
0 0.5693333333333334 0.8133748055987559 0.032 0.03732503888024884
0 0.468 0.29237947122861585 0.037333333333333336 0.03732503888024884
0 0.24333333333333335 0.343701399688958 0.04 0.041990668740279936
0 0.7246666666666667 0.755054432348367 0.04 0.04043545878693624
0 0.786 0.6842923794712286 0.04 0.04043545878693624
0 0.76 0.3895800933125972 0.04133333333333333 0.038880248833592534
0 0.5993333333333334 0.4860031104199067 0.032 0.038880248833592534
0 0.262 0.7169517884914464 0.04 0.03732503888024884
0 0.20333333333333334 0.7465007776049767 0.04 0.038880248833592534
0 0.7286666666666667 0.7169517884914464 0.03866666666666667 0.03732503888024884
0 0.864 0.43390357698289267 0.04133333333333333 0.038880248833592534
0 0.5193333333333333 0.6236391912908242 0.037333333333333336 0.026438569206842923
0 0.2733333333333333 0.6073094867807154 0.04133333333333333 0.04043545878693624
0 0.8226666666666667 0.8693623639191291 0.04133333333333333 0.041990668740279936
0 0.7093333333333334 0.3483670295489891 0.03866666666666667 0.041990668740279936
0 0.41533333333333333 0.8359253499222395 0.04 0.04043545878693624
0 0.5173333333333333 0.2099533437013997 0.03333333333333333 0.03110419906687403
0 0.7053333333333334 0.531104199066874 0.028 0.03110419906687403
0 0.6686666666666666 0.6360808709175739 0.030666666666666665 0.03732503888024884
0 0.12333333333333334 0.4105754276827372 0.042666666666666665 0.038880248833592534
0 0.09 0.7744945567651633 0.03866666666666667 0.03421461897356143
0 0.25266666666666665 0.828149300155521 0.04 0.03576982892690513
0 0.11466666666666667 0.5171073094867807 0.04133333333333333 0.03732503888024884
0 0.5206666666666667 0.18040435458786935 0.03333333333333333 0.03110419906687403
0 0.68 0.5303265940902022 0.02666666666666667 0.03110419906687403
0 0.08266666666666667 0.8475894245723172 0.042666666666666665 0.03576982892690513
0 0.302 0.31337480559875586 0.03866666666666667 0.038880248833592534
0 0.196 0.8219284603421462 0.04 0.04043545878693624
0 0.122 0.4447900466562986 0.04133333333333333 0.03576982892690513
0 0.7653333333333333 0.9004665629860031 0.04133333333333333 0.038880248833592534
0 0.8266666666666667 0.8320373250388803 0.04133333333333333 0.04043545878693624
0 0.24666666666666667 0.30870917573872475 0.03866666666666667 0.03576982892690513
0 0.5726666666666667 0.48367029548989116 0.029333333333333333 0.03732503888024884
0 0.118 0.4813374805598756 0.042666666666666665 0.04043545878693624
0 0.6533333333333333 0.7830482115085536 0.030666666666666665 0.03576982892690513
0 0.6026666666666667 0.44867807153965783 0.030666666666666665 0.03265940902021773
0 0.10066666666666667 0.666407465007776 0.04133333333333333 0.038880248833592534
0 0.7686666666666667 0.864696734059098 0.04133333333333333 0.038880248833592534
0 0.08733333333333333 0.8110419906687403 0.04133333333333333 0.04510108864696734
0 0.30933333333333335 0.7931570762052877 0.037333333333333336 0.04043545878693624
0 0.49666666666666665 0.8460342146189735 0.037333333333333336 0.03576982892690513
0 0.19466666666666665 0.2651632970451011 0.03866666666666667 0.03732503888024884
0 0.6426666666666667 0.34136858475894244 0.028 0.03421461897356143
0 0.09266666666666666 0.73950233281493 0.04133333333333333 0.038880248833592534
0 0.4126666666666667 0.8724727838258165 0.03866666666666667 0.04043545878693624
0 0.678 0.8211508553654744 0.030666666666666665 0.03576982892690513
0 0.16266666666666665 0.5964230171073095 0.037333333333333336 0.03732503888024884
0 0.6433333333333333 0.8919129082426127 0.03333333333333333 0.03576982892690513
0 0.6706666666666666 0.8926905132192846 0.032 0.03576982892690513
0 0.14933333333333335 0.7410575427682737 0.04 0.03576982892690513
0 0.18066666666666667 0.4152410575427683 0.037333333333333336 0.03421461897356143
0 0.8173333333333334 0.3561430793157076 0.04 0.038880248833592534
0 0.7626666666666667 0.3522550544323484 0.04 0.041990668740279936
0 0.83 0.797045101088647 0.04133333333333333 0.038880248833592534
0 0.29133333333333333 0.42223950233281493 0.04 0.038880248833592534
0 0.5946666666666667 0.5583203732503889 0.030666666666666665 0.03421461897356143
0 0.6733333333333333 0.8576982892690513 0.032 0.03421461897356143
0 0.7346666666666667 0.6415241057542769 0.03866666666666667 0.03421461897356143
0 0.6713333333333333 0.6010886469673405 0.029333333333333333 0.03732503888024884
0 0.646 0.8569206842923794 0.030666666666666665 0.03732503888024884
0 0.8333333333333334 0.7612752721617418 0.04133333333333333 0.041990668740279936
0 0.44266666666666665 0.5458786936236392 0.037333333333333336 0.03421461897356143
0 0.6506666666666666 0.8195956454121306 0.034666666666666665 0.03732503888024884
0 0.12733333333333333 0.3724727838258165 0.04133333333333333 0.04354587869362364
0 0.6953333333333334 0.6399688958009331 0.032 0.03421461897356143
0 0.776 0.7931570762052877 0.04 0.03732503888024884
0 0.19866666666666666 0.7830482115085536 0.04133333333333333 0.04354587869362364
0 0.8213333333333334 0.31959564541213065 0.03866666666666667 0.041990668740279936
0 0.5773333333333334 0.44712286158631415 0.025333333333333333 0.03110419906687403
0 0.41933333333333334 0.80248833592535 0.03866666666666667 0.03732503888024884
0 0.5693333333333334 0.52099533437014 0.029333333333333333 0.03421461897356143
0 0.446 0.5101088646967341 0.037333333333333336 0.03732503888024884
0 0.17333333333333334 0.4860031104199067 0.036 0.03576982892690513
0 0.8746666666666667 0.3250388802488336 0.04133333333333333 0.041990668740279936
0 0.6613333333333333 0.7099533437013997 0.03333333333333333 0.03576982892690513
0 0.696 0.49144634525660963 0.03866666666666667 0.03576982892690513
0 0.354 0.3561430793157076 0.037333333333333336 0.03732503888024884
0 0.7973333333333333 0.5746500777604977 0.03866666666666667 0.038880248833592534
0 0.11133333333333334 0.5536547433903577 0.04133333333333333 0.041990668740279936
0 0.5546666666666666 0.666407465007776 0.030666666666666665 0.03732503888024884
0 0.6266666666666667 0.6345256609642301 0.037333333333333336 0.03732503888024884
0 0.7826666666666666 0.7208398133748056 0.04 0.041990668740279936
0 0.7713333333333333 0.8273716951788491 0.042666666666666665 0.041990668740279936
0 0.22866666666666666 0.49144634525660963 0.04 0.038880248833592534
0 0.412 0.3250388802488336 0.04133333333333333 0.038880248833592534
0 0.72 0.7900466562986003 0.04 0.04043545878693624
0 0.6913333333333334 0.6772939346811819 0.030666666666666665 0.03576982892690513
0 0.138 0.8522550544323484 0.042666666666666665 0.04354587869362364
0 0.5666666666666667 0.5552099533437014 0.030666666666666665 0.03732503888024884
0 0.664 0.6741835147744946 0.032 0.038880248833592534
0 0.236 0.4191290824261275 0.04133333333333333 0.04043545878693624
0 0.5006666666666667 0.8087091757387247 0.04133333333333333 0.041990668740279936
0 0.576 0.7418351477449455 0.032 0.03732503888024884
0 0.31466666666666665 0.755054432348367 0.04 0.04043545878693624
0 0.33866666666666667 0.5007776049766719 0.04 0.04043545878693624
0 0.8573333333333333 0.5062208398133748 0.04 0.038880248833592534
0 0.46066666666666667 0.36625194401244165 0.036 0.03421461897356143
0 0.25066666666666665 0.2698289269051322 0.03866666666666667 0.04510108864696734
0 0.37933333333333336 0.6531881804043546 0.03866666666666667 0.038880248833592534
0 0.13866666666666666 0.26049766718507 0.04133333333333333 0.04665629860031104
0 0.22533333333333333 0.5287713841368584 0.04 0.04510108864696734
0 0.17066666666666666 0.5233281493001555 0.037333333333333336 0.03732503888024884
0 0.15933333333333333 0.6321928460342147 0.04 0.041990668740279936
0 0.37066666666666664 0.7651632970451011 0.04133333333333333 0.04510108864696734
0 0.432 0.656298600311042 0.04 0.038880248833592534
0 0.522 0.588646967340591 0.03866666666666667 0.03732503888024884
0 0.152 0.7083981337480559 0.042666666666666665 0.041990668740279936
0 0.5333333333333333 0.48055987558320373 0.03866666666666667 0.03421461897356143
0 0.8393333333333334 0.687402799377916 0.04 0.04354587869362364
0 0.4493333333333333 0.4735614307931571 0.03866666666666667 0.03576982892690513
0 0.7373333333333333 0.6073094867807154 0.037333333333333336 0.04043545878693624
0 0.214 0.6391912908242613 0.03866666666666667 0.03576982892690513
0 0.322 0.6827371695178849 0.03866666666666667 0.03732503888024884
0 0.25933333333333336 0.7527216174183515 0.04133333333333333 0.04043545878693624
0 0.7893333333333333 0.6469673405909798 0.04 0.04043545878693624
0 0.81 0.4284603421461897 0.03866666666666667 0.038880248833592534
0 0.806 0.46578538102643857 0.037333333333333336 0.038880248833592534
0 0.658 0.7472783825816485 0.03333333333333333 0.038880248833592534
0 0.284 0.49455676516329705 0.04133333333333333 0.04354587869362364
0 0.618 0.7068429237947123 0.037333333333333336 0.04043545878693624
0 0.698 0.45645412130637636 0.04 0.03732503888024884
0 0.23866666666666667 0.3818040435458787 0.04 0.04043545878693624
0 0.2986666666666667 0.3483670295489891 0.03866666666666667 0.03732503888024884
0 0.5306666666666666 0.5171073094867807 0.04 0.04043545878693624
0 0.5486666666666666 0.7379471228615864 0.032 0.03732503888024884
0 0.5366666666666666 0.4463452566096423 0.03866666666666667 0.04043545878693624
0 0.4 0.43390357698289267 0.04 0.03732503888024884
0 0.3433333333333333 0.46578538102643857 0.04 0.04043545878693624
0 0.332 0.573094867807154 0.04 0.038880248833592534
0 0.804 0.5023328149300156 0.04133333333333333 0.038880248833592534
0 0.394 0.5062208398133748 0.04133333333333333 0.038880248833592534
0 0.7526666666666667 0.4603421461897356 0.04 0.038880248833592534
0 0.8466666666666667 0.6158631415241057 0.04133333333333333 0.041990668740279936
0 0.7793333333333333 0.7581648522550545 0.042666666666666665 0.041990668740279936
0 0.27 0.6438569206842923 0.04133333333333333 0.04043545878693624
0 0.306 0.27527216174183516 0.03866666666666667 0.04043545878693624
0 0.4073333333333333 0.3584758942457232 0.03866666666666667 0.03732503888024884
0 0.266 0.6811819595645412 0.04133333333333333 0.04043545878693624