0 0.7546666666666667 0.38046875 0.03866666666666667 0.046875
0 0.49666666666666665 0.38046875 0.032 0.0359375
0 0.5013333333333333 0.3578125 0.02666666666666667 0.021875
0 0.5206666666666667 0.2296875 0.037333333333333336 0.040625
0 0.6906666666666667 0.778125 0.04 0.04375
0 0.716 0.30234375 0.04 0.046875
0 0.7853333333333333 0.85859375 0.04133333333333333 0.0421875
0 0.10933333333333334 0.45 0.04133333333333333 0.04375
0 0.7313333333333333 0.52265625 0.03333333333333333 0.0390625
0 0.7193333333333334 0.59453125 0.037333333333333336 0.0390625
0 0.07266666666666667 0.665625 0.04 0.04375
0 0.3333333333333333 0.77109375 0.044 0.0515625
0 0.462 0.8203125 0.04133333333333333 0.0453125
0 0.5146666666666667 0.26328125 0.03333333333333333 0.034375
0 0.7146666666666667 0.6296875 0.03866666666666667 0.0453125
0 0.8153333333333334 0.6796875 0.034666666666666665 0.0390625
0 0.7913333333333333 0.82421875 0.04133333333333333 0.0453125
0 0.3406666666666667 0.734375 0.04133333333333333 0.0453125
0 0.734 0.853125 0.04 0.04375
0 0.8026666666666666 0.75234375 0.037333333333333336 0.0453125
0 0.744 0.78125 0.04 0.0453125
0 0.8813333333333333 0.28671875 0.04 0.0421875
0 0.18266666666666667 0.34921875 0.042666666666666665 0.05
0 0.47533333333333333 0.74921875 0.03866666666666667 0.0375
0 0.856 0.4296875 0.03866666666666667 0.0390625
0 0.7793333333333333 0.89375 0.04133333333333333 0.0453125
0 0.75 0.74765625 0.04 0.0421875
0 0.8206666666666667 0.6421875 0.04 0.046875
0 0.5053333333333333 0.5734375 0.04133333333333333 0.04375
0 0.7273333333333334 0.8890625 0.044 0.04375
0 0.6966666666666667 0.74140625 0.042666666666666665 0.0453125
0 0.74 0.81796875 0.042666666666666665 0.0453125
0 0.5106666666666667 0.8640625 0.042666666666666665 0.0390625
0 0.43533333333333335 0.4875 0.03866666666666667 0.0421875
0 0.06133333333333333 0.7375 0.04133333333333333 0.0421875
0 0.17133333333333334 0.7515625 0.04 0.040625
0 0.32266666666666666 0.51328125 0.04 0.046875
0 0.7253333333333334 0.559375 0.04 0.0484375
0 0.75 0.41484375 0.037333333333333336 0.040625
0 0.7373333333333333 0.48828125 0.03866666666666667 0.04375
0 0.5333333333333333 0.7203125 0.04133333333333333 0.0453125
0 0.798 0.78828125 0.04 0.0421875
0 0.47933333333333333 0.71875 0.04133333333333333 0.0453125
0 0.49866666666666665 0.609375 0.03866666666666667 0.0453125
0 0.576 0.46796875 0.03866666666666667 0.0421875
0 0.4866666666666667 0.6796875 0.044 0.0484375
0 0.092 0.5578125 0.042666666666666665 0.046875
0 0.874 0.32109375 0.04 0.04375
0 0.522 0.79140625 0.04133333333333333 0.046875
0 0.5713333333333334 0.50390625 0.04133333333333333 0.0484375
0 0.45666666666666667 0.8578125 0.04 0.046875
0 0.11666666666666667 0.74296875 0.04133333333333333 0.0421875
0 0.4046666666666667 0.66875 0.04 0.0421875
0 0.3273333333333333 0.81015625 0.04133333333333333 0.04375
0 0.678 0.84609375 0.04133333333333333 0.046875
0 0.7026666666666667 0.70546875 0.042666666666666665 0.0453125
0 0.768 0.6375 0.04133333333333333 0.0453125
0 0.29333333333333333 0.3625 0.04 0.04375
0 0.8873333333333333 0.24765625 0.042666666666666665 0.0515625
0 0.39866666666666667 0.7046875 0.04 0.0453125
0 0.12733333333333333 0.671875 0.04 0.04375
0 0.49333333333333335 0.6453125 0.04133333333333333 0.04375
0 0.5153333333333333 0.8296875 0.04133333333333333 0.04375
0 0.24933333333333332 0.6140625 0.04 0.040625
0 0.226 0.7578125 0.04133333333333333 0.04375
0 0.14533333333333334 0.5671875 0.037333333333333336 0.040625
0 0.238 0.3546875 0.03866666666666667 0.0453125
0 0.7613333333333333 0.675 0.04133333333333333 0.04375
0 0.36466666666666664 0.590625 0.04133333333333333 0.0453125
0 0.20066666666666666 0.571875 0.04133333333333333 0.0421875
0 0.8026666666666666 0.4234375 0.04133333333333333 0.0453125
0 0.71 0.66796875 0.042666666666666665 0.0484375
0 0.376 0.5203125 0.04133333333333333 0.0453125
0 0.78 0.565625 0.037333333333333336 0.04375
0 0.38266666666666665 0.4859375 0.04133333333333333 0.04375
0 0.292 0.69296875 0.042666666666666665 0.0484375
0 0.116 0.415625 0.04 0.0453125
0 0.582 0.43359375 0.036 0.0421875
0 0.36666666666666664 0.26015625 0.037333333333333336 0.0421875
0 0.048666666666666664 0.81328125 0.042666666666666665 0.046875
0 0.14133333333333334 0.26875 0.03866666666666667 0.04375
0 0.21333333333333335 0.5 0.03866666666666667 0.0421875
0 0.19466666666666665 0.60703125 0.04 0.0421875
0 0.19066666666666668 0.31015625 0.03866666666666667 0.04375
0 0.5333333333333333 0.165625 0.03333333333333333 0.034375
0 0.42866666666666664 0.525 0.04 0.046875
0 0.23266666666666666 0.39140625 0.042666666666666665 0.046875
0 0.06666666666666667 0.7015625 0.044 0.0484375
0 0.306 0.2890625 0.04133333333333333 0.046875
0 0.7673333333333333 0.30859375 0.03866666666666667 0.046875
0 0.122 0.7078125 0.042666666666666665 0.04375
0 0.2793333333333333 0.43359375 0.04 0.04375
0 0.188 0.64296875 0.04133333333333333 0.046875
0 0.8333333333333334 0.57109375 0.04 0.0453125
0 0.39 0.44921875 0.03866666666666667 0.0453125
0 0.25666666666666665 0.24375 0.037333333333333336 0.0453125
0 0.8673333333333333 0.3578125 0.04 0.0453125
0 0.44133333333333336 0.45234375 0.04133333333333333 0.0484375
0 0.25466666666666665 0.57890625 0.04133333333333333 0.046875
0 0.15866666666666668 0.49375 0.04133333333333333 0.0453125
0 0.15266666666666667 0.5296875 0.04133333333333333 0.046875
0 0.17066666666666666 0.421875 0.04 0.0453125
0 0.5246666666666666 0.46640625 0.03866666666666667 0.04375
0 0.6266666666666667 0.18125 0.04 0.046875
0 0.8513333333333334 0.46328125 0.04 0.046875
0 0.35333333333333333 0.334375 0.03866666666666667 0.04375
0 0.422 0.26484375 0.037333333333333336 0.0453125
0 0.5173333333333333 0.5015625 0.03866666666666667 0.046875
0 0.262 0.54296875 0.04 0.04375
0 0.536 0.3953125 0.036 0.04375
0 0.40066666666666667 0.37734375 0.04133333333333333 0.04375
0 0.3466666666666667 0.3703125 0.03866666666666667 0.04375
0 0.6066666666666667 0.28984375 0.03866666666666667 0.04375
0 0.204 0.23828125 0.03866666666666667 0.0453125
0 0.29933333333333334 0.3265625 0.04 0.04375
0 0.26866666666666666 0.50703125 0.04133333333333333 0.046875
0 0.25066666666666665 0.2828125 0.03866666666666667 0.04375
0 0.19733333333333333 0.275 0.04 0.046875
0 0.862 0.39375 0.04133333333333333 0.0421875
0 0.3413333333333333 0.40546875 0.03866666666666667 0.0421875
0 0.286 0.39765625 0.04 0.0453125
0 0.09733333333333333 0.521875 0.04133333333333333 0.046875
0 0.542 0.35859375 0.037333333333333336 0.040625
0 0.6126666666666667 0.25625 0.04 0.04375
0 0.136 0.30390625 0.04133333333333333 0.046875
0 0.22466666666666665 0.4296875 0.037333333333333336 0.04375
0 0.31866666666666665 0.21640625 0.04133333333333333 0.0421875
0 0.808 0.38828125 0.042666666666666665 0.04375
0 0.396 0.4125 0.03866666666666667 0.046875
0 0.5306666666666666 0.4296875 0.03866666666666667 0.04375
0 0.24466666666666667 0.31796875 0.04 0.0453125
0 0.336 0.44296875 0.04133333333333333 0.0484375
0 0.5033333333333333 0.33515625 0.037333333333333336 0.0421875
0 0.684 0.81015625 0.03866666666666667 0.0421875
0 0.09866666666666667 0.59609375 0.02666666666666667 0.03125
0 0.43866666666666665 0.74765625 0.02666666666666667 0.0328125
0 0.448 0.4171875 0.04 0.0328125
0 0.31533333333333335 0.5484375 0.04 0.0453125
0 0.12933333333333333 0.34296875 0.042666666666666665 0.0484375
0 0.4693333333333333 0.78359375 0.04133333333333333 0.046875
0 0.238 0.68515625 0.04133333333333333 0.0453125
0 0.16466666666666666 0.45703125 0.04133333333333333 0.04375
0 0.22066666666666668 0.79296875 0.042666666666666665 0.0453125
0 0.11066666666666666 0.78046875 0.04133333333333333 0.0484375
0 0.558 0.57734375 0.04133333333333333 0.046875
0 0.3233333333333333 0.84296875 0.042666666666666665 0.0453125
0 0.18333333333333332 0.67734375 0.04133333333333333 0.0421875
0 0.5393333333333333 0.68671875 0.044 0.0421875
0 0.16466666666666666 0.78671875 0.04133333333333333 0.0453125
0 0.416 0.5984375 0.04 0.046875
0 0.3586666666666667 0.62734375 0.04133333333333333 0.0453125
0 0.6733333333333333 0.2265625 0.03866666666666667 0.0453125
0 0.756 0.7140625 0.042666666666666665 0.0453125
0 0.8386666666666667 0.5359375 0.04133333333333333 0.0453125
0 0.5293333333333333 0.75390625 0.04 0.04375
0 0.8266666666666667 0.6078125 0.04 0.0421875
0 0.33 0.4796875 0.037333333333333336 0.040625
0 0.38666666666666666 0.77578125 0.04 0.046875
0 0.38133333333333336 0.81171875 0.04 0.0453125
0 0.232 0.721875 0.04133333333333333 0.04375
0 0.10533333333333333 0.81796875 0.03866666666666667 0.04375
0 0.8446666666666667 0.50078125 0.04133333333333333 0.04375
0 0.3253333333333333 0.178125 0.042666666666666665 0.0484375
0 0.14733333333333334 0.2296875 0.03866666666666667 0.046875
0 0.08066666666666666 0.62734375 0.044 0.0515625
0 0.3466666666666667 0.7 0.04133333333333333 0.0421875
0 0.5633333333333334 0.540625 0.04 0.04375
0 0.512 0.5390625 0.04 0.0421875
0 0.16 0.82109375 0.042666666666666665 0.0421875
0 0.762 0.34453125 0.037333333333333336 0.040625
0 0.13333333333333333 0.63671875 0.04 0.0453125
0 0.214 0.828125 0.044 0.04375
0 0.8093333333333333 0.715625 0.04 0.046875
0 0.178 0.7140625 0.04133333333333333 0.05
0 0.352 0.66484375 0.042666666666666665 0.046875
0 0.7733333333333333 0.6015625 0.04 0.04375
0 0.3933333333333333 0.7390625 0.03866666666666667 0.04375
0 0.5506666666666666 0.615625 0.042666666666666665 0.046875
0 0.30866666666666664 0.5859375 0.042666666666666665 0.0453125
0 0.37133333333333335 0.55703125 0.04 0.0421875
0 0.298 0.65703125 0.04133333333333333 0.04375
0 0.37533333333333335 0.84765625 0.04 0.04375
0 0.6793333333333333 0.1890625 0.04133333333333333 0.046875
0 0.10333333333333333 0.484375 0.03866666666666667 0.04375
0 0.30333333333333334 0.62109375 0.04133333333333333 0.04375
0 0.7446666666666667 0.45 0.042666666666666665 0.0484375
0 0.588 0.3984375 0.03866666666666667 0.04375
0 0.7913333333333333 0.49453125 0.04 0.04375
0 0.122 0.38046875 0.04 0.04375
0 0.5453333333333333 0.65078125 0.04666666666666667 0.0453125
0 0.13933333333333334 0.60078125 0.04 0.0421875
0 0.274 0.4703125 0.04133333333333333 0.04375
0 0.672 0.8828125 0.04 0.0421875
0 0.7973333333333333 0.45859375 0.04 0.04375
0 0.05533333333333333 0.77578125 0.044 0.0484375
0 0.21933333333333332 0.46484375 0.03866666666666667 0.04375
0 0.176 0.3875 0.03866666666666667 0.0421875
0 0.41 0.63359375 0.04 0.04375
0 0.786 0.53046875 0.03866666666666667 0.04375
0 0.8213333333333334 0.3140625 0.04 0.0484375
0 0.528 0.19296875 0.03333333333333333 0.034375
0 0.244 0.65 0.04133333333333333 0.0453125
0 0.42333333333333334 0.5609375 0.04133333333333333 0.0453125
0 0.4533333333333333 0.38203125 0.03866666666666667 0.0421875
0 0.31266666666666665 0.253125 0.04133333333333333 0.0453125
0 0.20733333333333334 0.5359375 0.04133333333333333 0.0453125
0 0.548 0.3234375 0.037333333333333336 0.04375
0 0.4726666666666667 0.26796875 0.03866666666666667 0.04375
0 0.4666666666666667 0.30703125 0.04133333333333333 0.0484375
0 0.8146666666666667 0.35390625 0.04133333333333333 0.0453125
0 0.4593333333333333 0.34765625 0.03866666666666667 0.046875
0 0.5946666666666667 0.36484375 0.04 0.04375
0 0.36 0.29765625 0.04 0.046875
0 0.414 0.30390625 0.04 0.04375
0 0.6193333333333333 0.21953125 0.04133333333333333 0.046875
0 0.4073333333333333 0.3390625 0.04133333333333333 0.04375
0 0.554 0.28671875 0.04133333333333333 0.0484375
0 0.6 0.32578125 0.042666666666666665 0.0484375