0 0.50625 0.5435126582278481 0.03875 0.03481012658227848
0 0.2875 0.442246835443038 0.04 0.04588607594936709
0 0.345 0.3860759493670886 0.04 0.03955696202531646
0 0.75375 0.18117088607594936 0.025 0.022151898734177215
0 0.883125 0.7634493670886076 0.0375 0.03639240506329114
0 0.283125 0.5466772151898734 0.03375 0.030063291139240507
0 0.51625 0.5878164556962026 0.0275 0.03481012658227848
0 0.510625 0.6977848101265823 0.02375 0.02531645569620253
0 0.286875 0.4208860759493671 0.0375 0.04113924050632911
0 0.8775 0.9200949367088608 0.035 0.03639240506329114
0 0.5125 0.6772151898734177 0.0225 0.023734177215189875
0 0.343125 0.4185126582278481 0.03125 0.03322784810126582
0 0.50625 0.5142405063291139 0.04125 0.03955696202531646
0 0.7825 0.185126582278481 0.02625 0.03164556962025317
0 0.878125 0.8916139240506329 0.0375 0.03639240506329114
0 0.7275 0.17958860759493672 0.025 0.02689873417721519
0 0.589375 0.16693037974683544 0.02625 0.03164556962025317
0 0.513125 0.629746835443038 0.0275 0.03639240506329114
0 0.8825 0.7919303797468354 0.03625 0.03639240506329114
0 0.1125 0.6882911392405063 0.03375 0.03322784810126582
0 0.824375 0.821993670886076 0.03375 0.03322784810126582
0 0.775625 0.689873417721519 0.0375 0.03639240506329114
0 0.824375 0.8520569620253164 0.03625 0.03639240506329114
0 0.67 0.20806962025316456 0.025 0.022151898734177215
0 0.884375 0.7302215189873418 0.03875 0.03955696202531646
0 0.601875 0.8931962025316456 0.035 0.03322784810126582
0 0.445 0.6566455696202531 0.03625 0.03639240506329114
0 0.513125 0.6566455696202531 0.025 0.023734177215189875
0 0.7875 0.40110759493670883 0.03875 0.03955696202531646
0 0.715 0.8109177215189873 0.035 0.03639240506329114
0 0.88 0.8235759493670886 0.03875 0.03639240506329114
0 0.83625 0.5348101265822784 0.03 0.03164556962025317
0 0.43875 0.8125 0.03625 0.03322784810126582
0 0.505625 0.8813291139240507 0.02375 0.028481012658227847
0 0.50625 0.8560126582278481 0.02375 0.02531645569620253
0 0.768125 0.9106012658227848 0.035 0.03322784810126582
0 0.22375 0.6993670886075949 0.035 0.03481012658227848
0 0.821875 0.9121835443037974 0.0375 0.03322784810126582
0 0.494375 0.7966772151898734 0.035 0.03481012658227848
0 0.885 0.6669303797468354 0.0375 0.03639240506329114
0 0.885 0.6977848101265823 0.03625 0.03481012658227848
0 0.88 0.8568037974683544 0.0375 0.03639240506329114
0 0.27375 0.8306962025316456 0.035 0.03481012658227848
0 0.118125 0.5276898734177216 0.03 0.03164556962025317
0 0.586875 0.23417721518987342 0.02625 0.03164556962025317
0 0.328125 0.867879746835443 0.0325 0.03164556962025317
0 0.768125 0.879746835443038 0.03625 0.03481012658227848
0 0.769375 0.8473101265822784 0.03625 0.03639240506329114
0 0.43875 0.877373417721519 0.03375 0.03639240506329114
0 0.11 0.7492088607594937 0.035 0.03164556962025317
0 0.830625 0.6938291139240507 0.035 0.03639240506329114
0 0.549375 0.8243670886075949 0.03625 0.03481012658227848
0 0.77375 0.7183544303797469 0.035 0.03322784810126582
0 0.893125 0.507120253164557 0.03625 0.03481012658227848
0 0.83 0.7246835443037974 0.03625 0.03481012658227848
0 0.385625 0.7768987341772152 0.03625 0.03639240506329114
0 0.444375 0.6875 0.035 0.03481012658227848
0 0.65875 0.8346518987341772 0.03625 0.03481012658227848
0 0.16375 0.8227848101265823 0.0375 0.03639240506329114
0 0.721875 0.31962025316455694 0.0225 0.028481012658227847
0 0.585 0.2697784810126582 0.025 0.030063291139240507
0 0.385625 0.807753164556962 0.035 0.03481012658227848
0 0.8225 0.8837025316455697 0.0375 0.0379746835443038
0 0.548125 0.8552215189873418 0.035 0.030063291139240507
0 0.2175 0.8575949367088608 0.0375 0.03481012658227848
0 0.784375 0.46677215189873417 0.03625 0.028481012658227847
0 0.80625 0.2950949367088608 0.025 0.03164556962025317
0 0.7775 0.6566455696202531 0.03625 0.03639240506329114
0 0.21875 0.8259493670886076 0.035 0.03481012658227848
0 0.383125 0.872626582278481 0.03375 0.03164556962025317
0 0.440625 0.7840189873417721 0.03625 0.03481012658227848
0 0.221875 0.7310126582278481 0.03625 0.03481012658227848
0 0.894375 0.4762658227848101 0.03625 0.03639240506329114
0 0.805625 0.32832278481012656 0.0275 0.028481012658227847
0 0.775 0.3259493670886076 0.02375 0.028481012658227847
0 0.770625 0.814873417721519 0.03625 0.03481012658227848
0 0.443125 0.7191455696202531 0.03375 0.03481012658227848
0 0.56125 0.19699367088607594 0.0225 0.028481012658227847
0 0.72125 0.6835443037974683 0.03625 0.03639240506329114
0 0.39125 0.6518987341772152 0.035 0.03322784810126582
0 0.77875 0.6242088607594937 0.035 0.03164556962025317
0 0.11125 0.7183544303797469 0.0375 0.03639240506329114
0 0.55 0.7943037974683544 0.035 0.03481012658227848
0 0.888125 0.6360759493670886 0.0375 0.03481012658227848
0 0.165625 0.7579113924050633 0.03625 0.03639240506329114
0 0.71875 0.7143987341772152 0.035 0.03164556962025317
0 0.603125 0.8639240506329114 0.03625 0.03481012658227848
0 0.714375 0.8425632911392406 0.035 0.03322784810126582
0 0.828125 0.7563291139240507 0.035 0.0379746835443038
0 0.645625 0.17325949367088608 0.02375 0.030063291139240507
0 0.45125 0.49683544303797467 0.03375 0.03481012658227848
0 0.781875 0.5276898734177216 0.03625 0.03481012658227848
0 0.83125 0.6613924050632911 0.03375 0.03481012658227848
0 0.61125 0.6724683544303798 0.035 0.03481012658227848
0 0.6575 0.865506329113924 0.0375 0.03639240506329114
0 0.77875 0.254746835443038 0.02625 0.03164556962025317
0 0.55875 0.26424050632911394 0.025 0.030063291139240507
0 0.751875 0.252373417721519 0.0225 0.028481012658227847
0 0.233125 0.41139240506329117 0.03375 0.03322784810126582
0 0.780625 0.560126582278481 0.03375 0.03639240506329114
0 0.81125 0.18670886075949367 0.02625 0.03164556962025317
0 0.66625 0.6455696202531646 0.03625 0.03481012658227848
0 0.178125 0.4074367088607595 0.035 0.03481012658227848
0 0.771875 0.7824367088607594 0.03625 0.03481012658227848
0 0.120625 0.43354430379746833 0.0325 0.03481012658227848
0 0.274375 0.7990506329113924 0.03625 0.03481012658227848
0 0.7775 0.28955696202531644 0.025 0.03481012658227848
0 0.7325 0.3963607594936709 0.0375 0.03639240506329114
0 0.74875 0.3212025316455696 0.02375 0.030063291139240507
0 0.5475 0.8868670886075949 0.03625 0.03955696202531646
0 0.33625 0.6439873417721519 0.035 0.03481012658227848
0 0.831875 0.6313291139240507 0.03625 0.03481012658227848
0 0.640625 0.27689873417721517 0.02375 0.03322784810126582
0 0.340625 0.48417721518987344 0.02875 0.030063291139240507
0 0.605625 0.7674050632911392 0.035 0.03639240506329114
0 0.670625 0.5506329113924051 0.03375 0.03164556962025317
0 0.721875 0.6526898734177216 0.035 0.03481012658227848
0 0.38375 0.8409810126582279 0.03625 0.0379746835443038
0 0.39625 0.4897151898734177 0.03625 0.03481012658227848
0 0.839375 0.4723101265822785 0.03625 0.0379746835443038
0 0.82625 0.7895569620253164 0.03625 0.0379746835443038
0 0.456875 0.36550632911392406 0.0375 0.03481012658227848
0 0.783125 0.497626582278481 0.03875 0.03639240506329114
0 0.604375 0.7990506329113924 0.0375 0.0379746835443038
0 0.22875 0.5387658227848101 0.03125 0.03164556962025317
0 0.665625 0.678006329113924 0.0375 0.03639240506329114
0 0.441875 0.7515822784810127 0.03625 0.03639240506329114
0 0.61875 0.16930379746835442 0.0225 0.03322784810126582
0 0.835 0.5664556962025317 0.035 0.03481012658227848
0 0.838125 0.5039556962025317 0.035 0.03481012658227848
0 0.174375 0.5332278481012658 0.0325 0.03322784810126582
0 0.660625 0.8037974683544303 0.03625 0.03639240506329114
0 0.7275 0.49287974683544306 0.0375 0.03481012658227848
0 0.225625 0.6352848101265823 0.0325 0.03322784810126582
0 0.121875 0.40110759493670883 0.035 0.03639240506329114
0 0.64 0.31091772151898733 0.025 0.028481012658227847
0 0.400625 0.3947784810126582 0.03125 0.03322784810126582
0 0.71625 0.7784810126582279 0.035 0.03481012658227848
0 0.749375 0.2879746835443038 0.025 0.03322784810126582
0 0.3925 0.620253164556962 0.03375 0.03639240506329114
0 0.69875 0.20965189873417722 0.025 0.030063291139240507
0 0.5525 0.696993670886076 0.03625 0.03639240506329114
0 0.2825 0.5751582278481012 0.035 0.03639240506329114
0 0.33875 0.5490506329113924 0.0325 0.03164556962025317
0 0.6125 0.6115506329113924 0.03625 0.03639240506329114
0 0.109375 0.7832278481012658 0.03875 0.03955696202531646
0 0.840625 0.44066455696202533 0.03625 0.03481012658227848
0 0.7225 0.6210443037974683 0.03625 0.03481012658227848
0 0.896875 0.40901898734177217 0.03875 0.0379746835443038
0 0.61375 0.2737341772151899 0.02375 0.03481012658227848
0 0.663125 0.740506329113924 0.03625 0.03639240506329114
0 0.67375 0.45569620253164556 0.03375 0.03164556962025317
0 0.40125 0.3623417721518987 0.03625 0.0379746835443038
0 0.284375 0.5142405063291139 0.0375 0.0379746835443038
0 0.615 0.5450949367088608 0.0325 0.03322784810126582
0 0.66625 0.3125 0.025 0.02689873417721519
0 0.388125 0.7136075949367089 0.03625 0.03481012658227848
0 0.69375 0.31566455696202533 0.02625 0.028481012658227847
0 0.176875 0.44066455696202533 0.035 0.0379746835443038
0 0.77875 0.5941455696202531 0.035 0.0379746835443038
0 0.550625 0.7294303797468354 0.035 0.03481012658227848
0 0.179375 0.372626582278481 0.03875 0.04113924050632911
0 0.669375 0.2444620253164557 0.02625 0.03164556962025317
0 0.555625 0.6360759493670886 0.03625 0.03481012658227848
0 0.64375 0.20727848101265822 0.025 0.03164556962025317
0 0.5625 0.16376582278481014 0.025 0.03322784810126582
0 0.6725 0.4865506329113924 0.035 0.03639240506329114
0 0.393125 0.5870253164556962 0.035 0.03639240506329114
0 0.563125 0.47468354430379744 0.03375 0.03322784810126582
0 0.675 0.4248417721518987 0.035 0.03639240506329114
0 0.28125 0.6091772151898734 0.035 0.0379746835443038
0 0.173125 0.567246835443038 0.03625 0.0379746835443038
0 0.394375 0.555379746835443 0.03125 0.03322784810126582
0 0.72625 0.21360759493670886 0.0225 0.03164556962025317
0 0.45 0.5593354430379747 0.03375 0.03481012658227848
0 0.620625 0.41693037974683544 0.03625 0.03639240506329114
0 0.730625 0.4295886075949367 0.03625 0.03639240506329114
0 0.1225 0.3662974683544304 0.0375 0.03955696202531646
0 0.33625 0.6139240506329114 0.03625 0.03481012658227848
0 0.565 0.37895569620253167 0.0375 0.0379746835443038
0 0.718125 0.7468354430379747 0.03625 0.03639240506329114
0 0.729375 0.46281645569620256 0.03375 0.03639240506329114
0 0.11875 0.49604430379746833 0.0375 0.03481012658227848
0 0.2275 0.5712025316455697 0.035 0.03639240506329114
0 0.656875 0.8987341772151899 0.03625 0.03639240506329114
0 0.28625 0.4810126582278481 0.03625 0.0379746835443038
0 0.280625 0.6416139240506329 0.03625 0.03639240506329114
0 0.619375 0.4485759493670886 0.035 0.03322784810126582
0 0.670625 0.5189873417721519 0.03625 0.0379746835443038
0 0.558125 0.5712025316455697 0.03375 0.03322784810126582
0 0.61625 0.5142405063291139 0.03625 0.03481012658227848
0 0.666875 0.27927215189873417 0.0275 0.030063291139240507
0 0.4475 0.5909810126582279 0.0325 0.03164556962025317
0 0.341875 0.4525316455696203 0.035 0.0379746835443038
0 0.175625 0.47151898734177217 0.03375 0.03322784810126582
0 0.3375 0.5814873417721519 0.03375 0.03639240506329114
0 0.22625 0.6036392405063291 0.0375 0.03639240506329114
0 0.395 0.5237341772151899 0.03625 0.03639240506329114
0 0.67625 0.39082278481012656 0.03625 0.03955696202531646
0 0.34 0.5174050632911392 0.03375 0.0379746835443038
0 0.669375 0.5830696202531646 0.035 0.03639240506329114
0 0.56 0.5395569620253164 0.03625 0.03639240506329114
0 0.565 0.41218354430379744 0.035 0.03481012658227848
0 0.28 0.6740506329113924 0.035 0.03639240506329114
0 0.29 0.3829113924050633 0.03625 0.0379746835443038
0 0.64125 0.24050632911392406 0.025 0.030063291139240507
0 0.39625 0.4588607594936709 0.035 0.03639240506329114
0 0.615 0.23971518987341772 0.02625 0.03481012658227848
0 0.618125 0.4810126582278481 0.0375 0.0379746835443038
0 0.696875 0.247626582278481 0.02625 0.03639240506329114
0 0.62125 0.3829113924050633 0.035 0.0379746835443038
0 0.455 0.4319620253164557 0.03625 0.03481012658227848
0 0.229375 0.507120253164557 0.035 0.0379746835443038
0 0.235 0.377373417721519 0.0375 0.04113924050632911
0 0.564375 0.4430379746835443 0.035 0.03639240506329114
0 0.556875 0.6028481012658228 0.035 0.0379746835443038
0 0.3975 0.42800632911392406 0.035 0.03639240506329114
0 0.7 0.1764240506329114 0.0275 0.03322784810126582
0 0.833125 0.5988924050632911 0.03625 0.03639240506329114
0 0.44625 0.6234177215189873 0.03625 0.03639240506329114
0 0.61375 0.5783227848101266 0.03625 0.03639240506329114
0 0.453125 0.46439873417721517 0.035 0.03639240506329114
0 0.335 0.6772151898734177 0.0375 0.0379746835443038
0 0.560625 0.507120253164557 0.035 0.0379746835443038
0 0.611875 0.6424050632911392 0.03375 0.03164556962025317
0 0.51 0.4248417721518987 0.04 0.02531645569620253
0 0.161875 0.8536392405063291 0.03375 0.03164556962025317
0 0.10625 0.8465189873417721 0.03625 0.03639240506329114
0 0.108125 0.8164556962025317 0.03375 0.03322784810126582
0 0.513125 0.3528481012658228 0.0325 0.022151898734177215
0 0.510625 0.3916139240506329 0.0375 0.022151898734177215
0 0.509375 0.41139240506329117 0.03625 0.023734177215189875
0 0.508125 0.4541139240506329 0.03875 0.03955696202531646
0 0.5125 0.37183544303797467 0.04 0.023734177215189875
0 0.5125 0.3338607594936709 0.04 0.023734177215189875
0 0.168125 0.6938291139240507 0.03625 0.03481012658227848
0 0.71375 0.8718354430379747 0.03375 0.03322784810126582
0 0.45625 0.40031645569620256 0.03375 0.0379746835443038
0 0.72625 0.5261075949367089 0.0375 0.03481012658227848
0 0.45125 0.5300632911392406 0.03125 0.03481012658227848
0 0.58375 0.30300632911392406 0.025 0.030063291139240507
0 0.225 0.6685126582278481 0.03625 0.03955696202531646
0 0.555 0.6653481012658228 0.035 0.03322784810126582
0 0.808125 0.2563291139240506 0.025 0.03322784810126582
0 0.11375 0.6566455696202531 0.03625 0.03955696202531646
0 0.1675 0.7254746835443038 0.035 0.03481012658227848
0 0.889375 0.6044303797468354 0.0375 0.03481012658227848
0 0.89625 0.4438291139240506 0.0375 0.03481012658227848
0 0.725 0.557753164556962 0.035 0.03481012658227848
0 0.724375 0.5886075949367089 0.0375 0.03639240506329114
0 0.115625 0.5901898734177216 0.03625 0.03639240506329114
0 0.673125 0.17484177215189872 0.02375 0.03164556962025317
0 0.17 0.629746835443038 0.035 0.03639240506329114
0 0.22 0.7935126582278481 0.03375 0.03322784810126582
0 0.7125 0.9026898734177216 0.03375 0.03164556962025317
0 0.785625 0.43670886075949367 0.03625 0.0379746835443038
0 0.22125 0.7618670886075949 0.03375 0.03322784810126582
0 0.164375 0.7895569620253164 0.03625 0.03639240506329114
0 0.279375 0.7049050632911392 0.03625 0.03481012658227848
0 0.723125 0.28639240506329117 0.0225 0.028481012658227847
0 0.780625 0.21914556962025317 0.025 0.030063291139240507
0 0.16875 0.6613924050632911 0.03625 0.03639240506329114
0 0.331875 0.7397151898734177 0.03625 0.0379746835443038
0 0.38625 0.7460443037974683 0.035 0.03639240506329114
0 0.4375 0.8457278481012658 0.0375 0.03639240506329114
0 0.11625 0.5593354430379747 0.03375 0.03481012658227848
0 0.7525 0.2175632911392405 0.02375 0.03164556962025317
0 0.333125 0.7096518987341772 0.035 0.03322784810126582
0 0.170625 0.5981012658227848 0.035 0.03322784810126582
0 0.56 0.23022151898734178 0.0225 0.03164556962025317
0 0.2725 0.8623417721518988 0.035 0.03481012658227848
0 0.276875 0.7666139240506329 0.0375 0.03639240506329114
0 0.891875 0.5727848101265823 0.0375 0.03639240506329114
0 0.27625 0.7357594936708861 0.0375 0.03481012658227848
0 0.725 0.24841772151898733 0.025 0.03164556962025317
0 0.175 0.502373417721519 0.02875 0.03322784810126582
0 0.231875 0.442246835443038 0.035 0.03481012658227848
0 0.589375 0.20015822784810128 0.02375 0.028481012658227847
0 0.33125 0.7713607594936709 0.03625 0.03481012658227848
0 0.114375 0.622626582278481 0.03625 0.03481012658227848
0 0.615625 0.20490506329113925 0.02375 0.028481012658227847
0 0.665 0.7096518987341772 0.03375 0.03322784810126582
0 0.893125 0.5387658227848101 0.0375 0.03481012658227848
0 0.7725 0.75 0.03625 0.03639240506329114
0 0.550625 0.7618670886075949 0.0325 0.03639240506329114
0 0.603125 0.8322784810126582 0.0375 0.03481012658227848
0 0.61125 0.307753164556962 0.0225 0.030063291139240507
0 0.81 0.2231012658227848 0.02625 0.03164556962025317
0 0.66125 0.7729430379746836 0.035 0.0379746835443038
0 0.668125 0.615506329113924 0.035 0.03481012658227848
0 0.841875 0.4074367088607595 0.03625 0.0379746835443038
0 0.23 0.47389240506329117 0.03375 0.03481012658227848
0 0.12 0.46439873417721517 0.0325 0.03481012658227848
0 0.329375 0.8370253164556962 0.0375 0.03639240506329114
0 0.608125 0.7357594936708861 0.035 0.03322784810126582
0 0.330625 0.803006329113924 0.0375 0.0379746835443038
0 0.695625 0.28401898734177217 0.0225 0.030063291139240507
0 0.39 0.682753164556962 0.035 0.03481012658227848
0 0.609375 0.7049050632911392 0.03375 0.03481012658227848