0 0.6666666666666666 0.5666118421052632 0.03888888888888889 0.047697368421052634
0 0.7188888888888889 0.5328947368421053 0.03888888888888889 0.05098684210526316
0 0.6266666666666667 0.3059210526315789 0.035555555555555556 0.047697368421052634
0 0.5255555555555556 0.2779605263157895 0.04777777777777778 0.05098684210526316
0 0.11944444444444445 0.0962171052631579 0.042222222222222223 0.05592105263157895
0 0.6627777777777778 0.647203947368421 0.035555555555555556 0.046052631578947366
0 0.19777777777777777 0.5838815789473685 0.04 0.05098684210526316
0 0.205 0.41776315789473684 0.03777777777777778 0.047697368421052634
0 0.25833333333333336 0.38980263157894735 0.03777777777777778 0.044407894736842105
0 0.8755555555555555 0.5287828947368421 0.03666666666666667 0.049342105263157895
0 0.4622222222222222 0.5205592105263158 0.03666666666666667 0.046052631578947366
0 0.565 0.5427631578947368 0.03888888888888889 0.05098684210526316
0 0.7794444444444445 0.3832236842105263 0.03666666666666667 0.046052631578947366
0 0.5722222222222222 0.37664473684210525 0.03888888888888889 0.047697368421052634
0 0.5705555555555556 0.41776315789473684 0.03888888888888889 0.047697368421052634
0 0.5538888888888889 0.790296052631579 0.04 0.054276315789473686
0 0.9327777777777778 0.4120065789473684 0.04111111111111111 0.05592105263157895
0 0.9305555555555556 0.4597039473684211 0.04111111111111111 0.05263157894736842
0 0.7327777777777778 0.23519736842105263 0.03777777777777778 0.05756578947368421
0 0.7277777777777777 0.32730263157894735 0.03666666666666667 0.05098684210526316
0 0.29944444444444446 0.649671052631579 0.042222222222222223 0.05592105263157895
0 0.6683333333333333 0.524671052631579 0.03888888888888889 0.049342105263157895
0 0.4583333333333333 0.600328947368421 0.03666666666666667 0.047697368421052634
0 0.8233333333333334 0.5205592105263158 0.03666666666666667 0.049342105263157895
0 0.5694444444444444 0.4588815789473684 0.03777777777777778 0.05098684210526316
0 0.5661111111111111 0.5 0.03666666666666667 0.047697368421052634
0 0.23944444444444443 0.8042763157894737 0.03666666666666667 0.054276315789473686
0 0.31555555555555553 0.3149671052631579 0.035555555555555556 0.049342105263157895
0 0.31166666666666665 0.3560855263157895 0.03777777777777778 0.05098684210526316
0 0.6727777777777778 0.3996710526315789 0.03777777777777778 0.049342105263157895
0 0.6644444444444444 0.6060855263157895 0.03888888888888889 0.049342105263157895
0 0.325 0.14309210526315788 0.04111111111111111 0.054276315789473686
0 0.19944444444444445 0.5427631578947368 0.03888888888888889 0.049342105263157895
0 0.7261111111111112 0.37006578947368424 0.03777777777777778 0.05098684210526316
0 0.32 0.23026315789473684 0.03888888888888889 0.05263157894736842
0 0.87 0.6546052631578947 0.03888888888888889 0.05263157894736842
0 0.68 0.22615131578947367 0.042222222222222223 0.054276315789473686
0 0.8294444444444444 0.39226973684210525 0.04 0.054276315789473686
0 0.30333333333333334 0.5649671052631579 0.03666666666666667 0.049342105263157895
0 0.675 0.3569078947368421 0.03666666666666667 0.049342105263157895
0 0.21 0.3305921052631579 0.04 0.05098684210526316
0 0.3011111111111111 0.6060855263157895 0.03666666666666667 0.046052631578947366
0 0.8738888888888889 0.569078947368421 0.03777777777777778 0.049342105263157895
0 0.16777777777777778 0.1513157894736842 0.03888888888888889 0.05756578947368421
0 0.1661111111111111 0.1981907894736842 0.04 0.05098684210526316
0 0.78 0.34210526315789475 0.04 0.05263157894736842
0 0.25277777777777777 0.5123355263157895 0.03666666666666667 0.049342105263157895
0 0.37444444444444447 0.15296052631578946 0.03888888888888889 0.05756578947368421
0 0.6244444444444445 0.3462171052631579 0.03777777777777778 0.05098684210526316
0 0.7727777777777778 0.5049342105263158 0.03777777777777778 0.049342105263157895
0 0.2561111111111111 0.4284539473684211 0.03666666666666667 0.05098684210526316
0 0.7311111111111112 0.28289473684210525 0.03666666666666667 0.05263157894736842
0 0.46 0.5600328947368421 0.04 0.05263157894736842
0 0.24888888888888888 0.5962171052631579 0.03777777777777778 0.05098684210526316
0 0.24333333333333335 0.7220394736842105 0.035555555555555556 0.049342105263157895
0 0.8777777777777778 0.48848684210526316 0.03666666666666667 0.049342105263157895
0 0.255 0.4712171052631579 0.03666666666666667 0.047697368421052634
0 0.8166666666666667 0.6800986842105263 0.04 0.05592105263157895
0 0.8272222222222222 0.43667763157894735 0.03666666666666667 0.049342105263157895
0 0.5811111111111111 0.20230263157894737 0.03666666666666667 0.05756578947368421
0 0.5555555555555556 0.7508223684210527 0.03888888888888889 0.046052631578947366
0 0.30722222222222223 0.48273026315789475 0.03888888888888889 0.047697368421052634
0 0.31722222222222224 0.2730263157894737 0.04 0.05098684210526316
0 0.3711111111111111 0.24424342105263158 0.04 0.05263157894736842
0 0.21166666666666667 0.29194078947368424 0.03777777777777778 0.046052631578947366
0 0.2644444444444444 0.26151315789473684 0.03666666666666667 0.049342105263157895
0 0.8722222222222222 0.6101973684210527 0.03777777777777778 0.049342105263157895
0 0.7827777777777778 0.24753289473684212 0.043333333333333335 0.05756578947368421
0 0.2611111111111111 0.34786184210526316 0.04111111111111111 0.05263157894736842
0 0.8844444444444445 0.31743421052631576 0.04111111111111111 0.05098684210526316
0 0.8872222222222222 0.26973684210526316 0.042222222222222223 0.05592105263157895
0 0.21555555555555556 0.20723684210526316 0.03777777777777778 0.054276315789473686
0 0.67 0.484375 0.03888888888888889 0.049342105263157895
0 0.6766666666666666 0.3149671052631579 0.03888888888888889 0.054276315789473686
0 0.7711111111111111 0.5476973684210527 0.04111111111111111 0.05263157894736842
0 0.20777777777777778 0.37664473684210525 0.04 0.05263157894736842
0 0.2633333333333333 0.3042763157894737 0.03888888888888889 0.05263157894736842
0 0.46444444444444444 0.4786184210526316 0.04 0.05098684210526316
0 0.6611111111111111 0.6866776315789473 0.04111111111111111 0.05098684210526316
0 0.3672222222222222 0.32976973684210525 0.03888888888888889 0.049342105263157895
0 0.2461111111111111 0.6389802631578947 0.03777777777777778 0.049342105263157895
0 0.6216666666666667 0.38898026315789475 0.04 0.05263157894736842
0 0.42333333333333334 0.2557565789473684 0.04111111111111111 0.05263157894736842
0 0.5561111111111111 0.7080592105263158 0.03777777777777778 0.05263157894736842
0 0.6311111111111111 0.21299342105263158 0.04111111111111111 0.05756578947368421
0 0.47055555555555556 0.35526315789473684 0.04 0.05098684210526316
0 0.3738888888888889 0.19901315789473684 0.03888888888888889 0.05098684210526316
0 0.5138888888888888 0.7870065789473685 0.023333333333333334 0.029605263157894735
0 0.515 0.7631578947368421 0.023333333333333334 0.027960526315789474
0 0.36944444444444446 0.2878289473684211 0.04111111111111111 0.05263157894736842
0 0.4727777777777778 0.30838815789473684 0.04 0.05592105263157895
0 0.7744444444444445 0.46381578947368424 0.03888888888888889 0.049342105263157895
0 0.5161111111111111 0.484375 0.04555555555555556 0.05592105263157895
0 0.6716666666666666 0.44161184210526316 0.04 0.05263157894736842
0 0.5772222222222222 0.2944078947368421 0.04111111111111111 0.05098684210526316
0 0.7811111111111111 0.29605263157894735 0.042222222222222223 0.05592105263157895
0 0.26944444444444443 0.17434210526315788 0.04 0.05921052631578947
0 0.24555555555555555 0.6800986842105263 0.03777777777777778 0.049342105263157895
0 0.5783333333333334 0.25082236842105265 0.03777777777777778 0.05263157894736842
0 0.2511111111111111 0.553453947368421 0.04 0.05098684210526316
0 0.46555555555555556 0.4342105263157895 0.04111111111111111 0.054276315789473686
0 0.21444444444444444 0.25082236842105265 0.03888888888888889 0.05098684210526316
0 0.4211111111111111 0.2993421052631579 0.04 0.05263157894736842
0 0.425 0.21217105263157895 0.04111111111111111 0.05263157894736842
0 0.42777777777777776 0.16365131578947367 0.042222222222222223 0.05756578947368421
0 0.26722222222222225 0.22039473684210525 0.03888888888888889 0.05098684210526316
0 0.45555555555555555 0.6447368421052632 0.04111111111111111 0.054276315789473686
0 0.6783333333333333 0.2722039473684211 0.04111111111111111 0.05098684210526316
0 0.30833333333333335 0.4399671052631579 0.04 0.05098684210526316
0 0.7766666666666666 0.42351973684210525 0.03777777777777778 0.049342105263157895
0 0.3111111111111111 0.3996710526315789 0.03888888888888889 0.049342105263157895
0 0.3655555555555556 0.37335526315789475 0.04111111111111111 0.054276315789473686
0 0.8788888888888889 0.4473684210526316 0.03777777777777778 0.049342105263157895
0 0.7216666666666667 0.4917763157894737 0.03666666666666667 0.044407894736842105
0 0.8822222222222222 0.36101973684210525 0.04 0.05592105263157895
0 0.11388888888888889 0.18421052631578946 0.04111111111111111 0.054276315789473686
0 0.5588888888888889 0.6636513157894737 0.035555555555555556 0.046052631578947366
0 0.8805555555555555 0.4037828947368421 0.03888888888888889 0.05098684210526316
0 0.2411111111111111 0.7623355263157895 0.03666666666666667 0.047697368421052634
0 0.30333333333333334 0.5230263157894737 0.03777777777777778 0.049342105263157895
0 0.5222222222222223 0.3815789473684211 0.04666666666666667 0.04276315789473684
0 0.5211111111111111 0.4087171052631579 0.04666666666666667 0.04276315789473684
0 0.82 0.5986842105263158 0.035555555555555556 0.047697368421052634
0 0.8216666666666667 0.5592105263157895 0.03333333333333333 0.044407894736842105
0 0.515 0.524671052631579 0.043333333333333335 0.039473684210526314
0 0.5277777777777778 0.2450657894736842 0.04888888888888889 0.03782894736842105
0 0.7227777777777777 0.45148026315789475 0.03888888888888889 0.05263157894736842
0 0.29555555555555557 0.6924342105263158 0.03666666666666667 0.047697368421052634
0 0.19611111111111112 0.625 0.03666666666666667 0.047697368421052634
0 0.18611111111111112 0.8338815789473685 0.03666666666666667 0.046052631578947366
0 0.8561111111111112 0.9802631578947368 0.04 0.039473684210526314
0 0.5288888888888889 0.21463815789473684 0.04666666666666667 0.046052631578947366
0 0.28833333333333333 0.8585526315789473 0.04 0.054276315789473686
0 0.7155555555555555 0.6200657894736842 0.04 0.054276315789473686
0 0.9283333333333333 0.5008223684210527 0.03888888888888889 0.047697368421052634
0 0.5516666666666666 0.834703947368421 0.03888888888888889 0.049342105263157895
0 0.5305555555555556 0.18009868421052633 0.04666666666666667 0.046052631578947366
0 0.10666666666666667 0.30756578947368424 0.03666666666666667 0.047697368421052634
0 0.5494444444444444 0.8758223684210527 0.04 0.05263157894736842
0 0.1922222222222222 0.7080592105263158 0.04 0.047697368421052634
0 0.5627777777777778 0.5805921052631579 0.03888888888888889 0.04111842105263158
0 0.5244444444444445 0.3125 0.04666666666666667 0.04111842105263158
0 0.7172222222222222 0.5789473684210527 0.03777777777777778 0.05098684210526316
0 0.19 0.75 0.04 0.054276315789473686
0 0.10055555555555555 0.43914473684210525 0.04111111111111111 0.049342105263157895
0 0.105 0.3503289473684211 0.04 0.054276315789473686
0 0.5611111111111111 0.6217105263157895 0.04111111111111111 0.05263157894736842
0 0.295 0.7302631578947368 0.03666666666666667 0.047697368421052634
0 0.8688888888888889 0.696546052631579 0.04 0.05263157894736842
0 0.8261111111111111 0.4786184210526316 0.03888888888888889 0.054276315789473686
0 0.1938888888888889 0.6677631578947368 0.04 0.05098684210526316
0 0.5466666666666666 0.915296052631579 0.03888888888888889 0.047697368421052634
0 0.8661111111111112 0.7360197368421053 0.03777777777777778 0.044407894736842105
0 0.8622222222222222 0.8626644736842105 0.03666666666666667 0.047697368421052634
0 0.6288888888888889 0.26069078947368424 0.03888888888888889 0.05592105263157895
0 0.545 0.9588815789473685 0.04111111111111111 0.05756578947368421
0 0.8583333333333333 0.946546052631579 0.03777777777777778 0.047697368421052634
0 0.20222222222222222 0.5016447368421053 0.04 0.05098684210526316
0 0.18444444444444444 0.875 0.04 0.054276315789473686
0 0.4688888888888889 0.3930921052631579 0.03777777777777778 0.039473684210526314
0 0.8622222222222222 0.8207236842105263 0.035555555555555556 0.049342105263157895
0 0.8594444444444445 0.9021381578947368 0.04111111111111111 0.05098684210526316
0 0.865 0.7771381578947368 0.04 0.05098684210526316
0 0.2877777777777778 0.9021381578947368 0.03888888888888889 0.049342105263157895
0 0.09833333333333333 0.4810855263157895 0.042222222222222223 0.05263157894736842
0 0.29388888888888887 0.772203947368421 0.03777777777777778 0.049342105263157895
0 0.1111111111111111 0.22532894736842105 0.03777777777777778 0.044407894736842105
0 0.5744444444444444 0.3363486842105263 0.03777777777777778 0.047697368421052634
0 0.10277777777777777 0.3963815789473684 0.042222222222222223 0.05098684210526316
0 0.11 0.26726973684210525 0.04 0.05263157894736842
0 0.18722222222222223 0.7944078947368421 0.04111111111111111 0.05098684210526316
0 0.32166666666666666 0.18667763157894737 0.035555555555555556 0.047697368421052634
0 0.22166666666666668 0.11842105263157894 0.03888888888888889 0.05098684210526316
0 0.2927777777777778 0.8149671052631579 0.03888888888888889 0.05098684210526316
0 0.9266666666666666 0.5411184210526315 0.04 0.054276315789473686
0 0.20333333333333334 0.4597039473684211 0.03777777777777778 0.049342105263157895
0 0.21888888888888888 0.1611842105263158 0.03777777777777778 0.05098684210526316
0 0.5238888888888888 0.3462171052631579 0.04666666666666667 0.049342105263157895
0 0.8177777777777778 0.6389802631578947 0.03777777777777778 0.046052631578947366
0 0.11611111111111111 0.140625 0.03888888888888889 0.049342105263157895
0 0.7255555555555555 0.41118421052631576 0.03666666666666667 0.047697368421052634