0 0.6155555555555555 0.8549180327868853 0.044444444444444446 0.06229508196721312
0 0.49666666666666665 0.42868852459016393 0.04666666666666667 0.060655737704918035
0 0.9605555555555556 0.6819672131147541 0.04111111111111111 0.05245901639344262
0 0.9155555555555556 0.7442622950819672 0.03888888888888889 0.054098360655737705
0 0.9661111111111111 0.7229508196721312 0.044444444444444446 0.060655737704918035
0 0.4572222222222222 0.16721311475409836 0.04666666666666667 0.047540983606557376
0 0.4772222222222222 0.2959016393442623 0.04555555555555556 0.05081967213114754
0 0.6588888888888889 0.7975409836065573 0.04 0.05245901639344262
0 0.9561111111111111 0.6401639344262295 0.04111111111111111 0.054098360655737705
0 0.7155555555555555 0.8172131147540984 0.043333333333333335 0.060655737704918035
0 0.6644444444444444 0.8360655737704918 0.04111111111111111 0.054098360655737705
0 0.8666666666666667 0.7631147540983606 0.04111111111111111 0.05573770491803279
0 0.6027777777777777 0.771311475409836 0.043333333333333335 0.060655737704918035
0 0.6527777777777778 0.7540983606557377 0.043333333333333335 0.05901639344262295
0 0.7583333333333333 0.7581967213114754 0.04111111111111111 0.054098360655737705
0 0.86 0.7204918032786886 0.04111111111111111 0.054098360655737705
0 0.8172222222222222 0.7819672131147541 0.042222222222222223 0.05737704918032787
0 0.9038888888888889 0.659016393442623 0.04111111111111111 0.05737704918032787
0 0.8055555555555556 0.6959016393442623 0.04 0.05737704918032787
0 0.8544444444444445 0.6770491803278689 0.042222222222222223 0.05737704918032787
0 0.7027777777777777 0.7336065573770492 0.04111111111111111 0.05901639344262295
0 0.7661111111111111 0.8016393442622951 0.043333333333333335 0.05573770491803279
0 0.7527777777777778 0.7163934426229508 0.04111111111111111 0.060655737704918035
0 0.7088888888888889 0.7754098360655738 0.03888888888888889 0.04918032786885246
0 0.7577777777777778 0.6721311475409836 0.02666666666666667 0.04262295081967213
0 0.7072222222222222 0.6893442622950819 0.025555555555555557 0.040983606557377046
0 0.4661111111111111 0.2319672131147541 0.04888888888888889 0.054098360655737705
0 0.48777777777777775 0.35737704918032787 0.044444444444444446 0.04426229508196721
0 0.86 0.6336065573770492 0.024444444444444446 0.03934426229508197
0 0.4722222222222222 0.2647540983606557 0.044444444444444446 0.04590163934426229
0 0.9611111111111111 0.5959016393442623 0.02666666666666667 0.04262295081967213
0 0.4527777777777778 0.13524590163934427 0.04666666666666667 0.047540983606557376
0 0.9105555555555556 0.6147540983606558 0.025555555555555557 0.040983606557377046
0 0.6577777777777778 0.7090163934426229 0.027777777777777776 0.04262295081967213
0 0.48388888888888887 0.33114754098360655 0.044444444444444446 0.04426229508196721
0 0.5505555555555556 0.7032786885245902 0.025555555555555557 0.040983606557377046
0 0.9094444444444445 0.7032786885245902 0.04 0.05573770491803279
0 0.6061111111111112 0.7262295081967213 0.027777777777777776 0.040983606557377046
0 0.4622222222222222 0.19836065573770492 0.04555555555555556 0.04426229508196721
0 0.8116666666666666 0.739344262295082 0.04111111111111111 0.05573770491803279
0 0.8083333333333333 0.6524590163934426 0.027777777777777776 0.040983606557377046