0 0.284 0.9692307692307692 0.04533333333333334 0.046153846153846156
0 0.6473333333333333 0.6923076923076923 0.044 0.047692307692307694
0 0.49666666666666665 0.9023076923076923 0.04533333333333334 0.046153846153846156
0 0.852 0.8853846153846154 0.042666666666666665 0.043076923076923075
0 0.38666666666666666 0.916923076923077 0.04666666666666667 0.04923076923076923
0 0.7986666666666666 0.8907692307692308 0.042666666666666665 0.043076923076923075
0 0.6373333333333333 0.9161538461538462 0.04133333333333333 0.04
0 0.474 0.7938461538461539 0.042666666666666665 0.043076923076923075
0 0.35733333333333334 0.7723076923076924 0.044 0.04461538461538461
0 0.9246666666666666 0.6923076923076923 0.048 0.05076923076923077
0 0.33 0.3646153846153846 0.04133333333333333 0.047692307692307694
0 0.808 0.6684615384615384 0.04 0.04153846153846154
0 0.146 0.5807692307692308 0.037333333333333336 0.04
0 0.6146666666666667 0.8084615384615385 0.044 0.047692307692307694
0 0.836 0.8123076923076923 0.044 0.043076923076923075
0 0.5193333333333333 0.7492307692307693 0.04 0.038461538461538464
0 0.39666666666666667 0.6938461538461539 0.03866666666666667 0.04153846153846154
0 0.7826666666666666 0.8215384615384616 0.04133333333333333 0.038461538461538464
0 0.8973333333333333 0.5546153846153846 0.048 0.05076923076923077
0 0.37266666666666665 0.8453846153846154 0.044 0.04461538461538461
0 0.7613333333333333 0.7123076923076923 0.042666666666666665 0.04153846153846154
0 0.8626666666666667 0.6646153846153846 0.04533333333333334 0.046153846153846156
0 0.232 0.7161538461538461 0.04533333333333334 0.046153846153846156
0 0.38 0.8792307692307693 0.044 0.04461538461538461
0 0.4613333333333333 0.25846153846153846 0.03333333333333333 0.03538461538461538
0 0.5353333333333333 0.4123076923076923 0.04666666666666667 0.05076923076923077
0 0.6233333333333333 0.8453846153846154 0.03866666666666667 0.04153846153846154
0 0.5933333333333334 0.7023076923076923 0.04133333333333333 0.043076923076923075
0 0.13866666666666666 0.5446153846153846 0.04533333333333334 0.04923076923076923
0 0.69 0.9076923076923077 0.048 0.04923076923076923
0 0.22533333333333333 0.683076923076923 0.044 0.043076923076923075
0 0.7906666666666666 0.8553846153846154 0.044 0.04461538461538461
0 0.5346666666666666 0.8215384615384616 0.042666666666666665 0.043076923076923075
0 0.5266666666666666 0.7838461538461539 0.044 0.046153846153846156
0 0.2906666666666667 0.44769230769230767 0.04133333333333333 0.04153846153846154
0 0.726 0.27076923076923076 0.04533333333333334 0.05076923076923077
0 0.572 0.5953846153846154 0.04533333333333334 0.052307692307692305
0 0.35 0.7376923076923076 0.04533333333333334 0.046153846153846156
0 0.7766666666666666 0.786923076923077 0.04533333333333334 0.046153846153846156
0 0.804 0.3769230769230769 0.04533333333333334 0.046153846153846156
0 0.88 0.47692307692307695 0.048 0.047692307692307694
0 0.306 0.5215384615384615 0.042666666666666665 0.043076923076923075
0 0.5806666666666667 0.6315384615384615 0.04 0.04
0 0.8726666666666667 0.44076923076923075 0.048 0.047692307692307694
0 0.8546666666666667 0.6284615384615385 0.04666666666666667 0.047692307692307694
0 0.328 0.63 0.04533333333333334 0.04923076923076923
0 0.16133333333333333 0.6538461538461539 0.04666666666666667 0.046153846153846156
0 0.7226666666666667 0.7946153846153846 0.044 0.046153846153846156
0 0.67 0.8023076923076923 0.04666666666666667 0.046153846153846156
0 0.438 0.6153846153846154 0.042666666666666665 0.043076923076923075
0 0.6073333333333333 0.7723076923076924 0.042666666666666665 0.043076923076923075
0 0.43466666666666665 0.8738461538461538 0.04533333333333334 0.047692307692307694
0 0.48133333333333334 0.8276923076923077 0.04133333333333333 0.043076923076923075
0 0.8426666666666667 0.8484615384615385 0.044 0.046153846153846156
0 0.904 0.5923076923076923 0.050666666666666665 0.046153846153846156
0 0.676 0.8392307692307692 0.04533333333333334 0.046153846153846156
0 0.87 0.7 0.048 0.047692307692307694
0 0.4126666666666667 0.7669230769230769 0.04133333333333333 0.04153846153846154
0 0.8106666666666666 0.4107692307692308 0.04533333333333334 0.046153846153846156
0 0.8153333333333334 0.7061538461538461 0.04533333333333334 0.04923076923076923
0 0.504 0.9392307692307692 0.04533333333333334 0.046153846153846156
0 0.31333333333333335 0.5592307692307692 0.03866666666666667 0.04153846153846154
0 0.3473333333333333 0.44 0.042666666666666665 0.043076923076923075
0 0.116 0.4338461538461538 0.044 0.04461538461538461
0 0.44466666666666665 0.38846153846153847 0.03866666666666667 0.04
0 0.5866666666666667 0.6661538461538462 0.042666666666666665 0.046153846153846156
0 0.7473333333333333 0.6446153846153846 0.04 0.043076923076923075
0 0.864 0.4046153846153846 0.04666666666666667 0.046153846153846156
0 0.40066666666666667 0.4338461538461538 0.044 0.04461538461538461
0 0.788 0.3046153846153846 0.04666666666666667 0.046153846153846156
0 0.7686666666666667 0.7484615384615385 0.04533333333333334 0.046153846153846156
0 0.20333333333333334 0.5738461538461539 0.04133333333333333 0.04153846153846154
0 0.32 0.5930769230769231 0.042666666666666665 0.043076923076923075
0 0.73 0.8307692307692308 0.044 0.046153846153846156
0 0.3426666666666667 0.7015384615384616 0.04533333333333334 0.047692307692307694
0 0.842 0.29384615384615387 0.04666666666666667 0.05076923076923077
0 0.166 0.39 0.044 0.046153846153846156
0 0.688 0.3515384615384615 0.04133333333333333 0.04461538461538461
0 0.7493333333333333 0.3823076923076923 0.044 0.04461538461538461
0 0.404 0.73 0.042666666666666665 0.047692307692307694
0 0.504 0.676923076923077 0.044 0.04461538461538461
0 0.6613333333333333 0.7653846153846153 0.04533333333333334 0.04923076923076923
0 0.21666666666666667 0.6476923076923077 0.048 0.052307692307692305
0 0.4266666666666667 0.8376923076923077 0.04666666666666667 0.046153846153846156
0 0.558 0.5238461538461539 0.037333333333333336 0.04153846153846154
0 0.818 0.44769230769230767 0.044 0.04461538461538461
0 0.174 0.42615384615384616 0.044 0.04461538461538461
0 0.742 0.3484615384615385 0.044 0.043076923076923075
0 0.4593333333333333 0.7215384615384616 0.044 0.046153846153846156
0 0.4886666666666667 0.6038461538461538 0.04 0.04153846153846154
0 0.64 0.6576923076923077 0.04 0.04
0 0.888 0.5153846153846153 0.048 0.047692307692307694
0 0.3353333333333333 0.6653846153846154 0.044 0.043076923076923075
0 0.17066666666666666 0.6907692307692308 0.04666666666666667 0.05076923076923077
0 0.7346666666666667 0.3123076923076923 0.04533333333333334 0.047692307692307694
0 0.512 0.7146153846153847 0.044 0.047692307692307694
0 0.696 0.39 0.044 0.04923076923076923
0 0.3606666666666667 0.5153846153846153 0.042666666666666665 0.043076923076923075
0 0.654 0.7284615384615385 0.044 0.04461538461538461
0 0.21 0.6092307692307692 0.04666666666666667 0.046153846153846156
0 0.4593333333333333 0.46153846153846156 0.044 0.04461538461538461
0 0.5413333333333333 0.8584615384615385 0.044 0.046153846153846156
0 0.13133333333333333 0.5038461538461538 0.04666666666666667 0.04923076923076923
0 0.5646666666666667 0.556923076923077 0.04 0.04153846153846154
0 0.8006666666666666 0.6353846153846154 0.044 0.04461538461538461
0 0.8293333333333334 0.7746153846153846 0.04533333333333334 0.04923076923076923
0 0.15333333333333332 0.6153846153846154 0.048 0.046153846153846156
0 0.3393333333333333 0.40384615384615385 0.04133333333333333 0.046153846153846156
0 0.716 0.7576923076923077 0.04533333333333334 0.046153846153846156
0 0.7653333333333333 0.45384615384615384 0.04133333333333333 0.04153846153846154
0 0.214 0.34384615384615386 0.04666666666666667 0.05076923076923077
0 0.49066666666666664 0.8653846153846154 0.04533333333333334 0.046153846153846156
0 0.708 0.7230769230769231 0.04133333333333333 0.04153846153846154
0 0.47533333333333333 0.5346153846153846 0.04133333333333333 0.04153846153846154
0 0.41533333333333333 0.5061538461538462 0.044 0.04461538461538461
0 0.43666666666666665 0.3515384615384615 0.04133333333333333 0.047692307692307694
0 0.44466666666666665 0.6484615384615384 0.042666666666666665 0.043076923076923075
0 0.7806666666666666 0.26384615384615384 0.048 0.05384615384615385
0 0.848 0.5923076923076923 0.04666666666666667 0.046153846153846156
0 0.39 0.6584615384615384 0.042666666666666665 0.047692307692307694
0 0.7113333333333334 0.46384615384615385 0.042666666666666665 0.043076923076923075
0 0.3933333333333333 0.39692307692307693 0.042666666666666665 0.047692307692307694
0 0.422 0.5423076923076923 0.04133333333333333 0.04461538461538461
0 0.602 0.7384615384615385 0.044 0.04461538461538461
0 0.6566666666666666 0.4707692307692308 0.04533333333333334 0.046153846153846156
0 0.4673333333333333 0.7592307692307693 0.04533333333333334 0.046153846153846156
0 0.7013333333333334 0.6861538461538461 0.04666666666666667 0.04923076923076923
0 0.48133333333333334 0.5684615384615385 0.044 0.04461538461538461
0 0.7953333333333333 0.3423076923076923 0.04533333333333334 0.046153846153846156
0 0.7946666666666666 0.6 0.044 0.046153846153846156
0 0.25133333333333335 0.5323076923076923 0.04533333333333334 0.046153846153846156
0 0.478 0.3376923076923077 0.030666666666666665 0.023076923076923078
0 0.4686666666666667 0.2976923076923077 0.03866666666666667 0.04153846153846154
0 0.476 0.32153846153846155 0.030666666666666665 0.024615384615384615
0 0.6026666666666667 0.47846153846153844 0.04666666666666667 0.04923076923076923
0 0.38533333333333336 0.3576923076923077 0.04533333333333334 0.04923076923076923
0 0.43 0.5784615384615385 0.042666666666666665 0.04461538461538461
0 0.298 0.48384615384615387 0.044 0.047692307692307694
0 0.6713333333333333 0.5423076923076923 0.04533333333333334 0.046153846153846156
0 0.7793333333333333 0.5276923076923077 0.04533333333333334 0.047692307692307694
0 0.6173333333333333 0.5515384615384615 0.04533333333333334 0.046153846153846156
0 0.84 0.553076923076923 0.04666666666666667 0.05384615384615385
0 0.7573333333333333 0.41923076923076924 0.04533333333333334 0.046153846153846156
0 0.22 0.38384615384615384 0.04533333333333334 0.046153846153846156
0 0.5206666666666667 0.3392307692307692 0.04533333333333334 0.04923076923076923
0 0.642 0.3992307692307692 0.04533333333333334 0.046153846153846156
0 0.718 0.49923076923076926 0.044 0.046153846153846156
0 0.6346666666666667 0.36153846153846153 0.04533333333333334 0.046153846153846156
0 0.27466666666666667 0.37153846153846154 0.04666666666666667 0.05384615384615385
0 0.468 0.49923076923076926 0.048 0.047692307692307694
0 0.6493333333333333 0.4338461538461538 0.04666666666666667 0.046153846153846156
0 0.7333333333333333 0.5723076923076923 0.04533333333333334 0.046153846153846156
0 0.5806666666666667 0.36923076923076925 0.03866666666666667 0.04153846153846154
0 0.5433333333333333 0.45153846153846156 0.04133333333333333 0.043076923076923075
0 0.452 0.42538461538461536 0.044 0.047692307692307694
0 0.452 0.6861538461538461 0.04533333333333334 0.046153846153846156
0 0.5953333333333334 0.4430769230769231 0.042666666666666665 0.04461538461538461
0 0.6106666666666667 0.5153846153846153 0.044 0.046153846153846156
0 0.35333333333333333 0.4776923076923077 0.042666666666666665 0.047692307692307694
0 0.23666666666666666 0.4576923076923077 0.048 0.04923076923076923
0 0.664 0.5061538461538462 0.04533333333333334 0.046153846153846156
0 0.7253333333333334 0.5361538461538462 0.044 0.04461538461538461
0 0.686 0.6138461538461538 0.044 0.04461538461538461
0 0.6786666666666666 0.5792307692307692 0.042666666666666665 0.04461538461538461
0 0.5 0.44846153846153847 0.037333333333333336 0.052307692307692305
0 0.49 0.4046153846153846 0.04 0.052307692307692305
0 0.694 0.6515384615384615 0.044 0.04461538461538461
0 0.7866666666666666 0.5646153846153846 0.044 0.04461538461538461
0 0.7706666666666667 0.48846153846153845 0.044 0.046153846153846156
0 0.574 0.33153846153846156 0.04533333333333334 0.046153846153846156
0 0.49666666666666665 0.6392307692307693 0.044 0.047692307692307694
0 0.108 0.39692307692307693 0.048 0.04923076923076923
0 0.4086666666666667 0.4715384615384615 0.04533333333333334 0.046153846153846156
0 0.18866666666666668 0.49846153846153846 0.04533333333333334 0.05076923076923077
0 0.2833333333333333 0.4123076923076923 0.04533333333333334 0.046153846153846156
0 0.5866666666666667 0.4053846153846154 0.044 0.04461538461538461
0 0.6266666666666667 0.3230769230769231 0.042666666666666665 0.04923076923076923
0 0.74 0.6069230769230769 0.04533333333333334 0.046153846153846156
0 0.15866666666666668 0.3515384615384615 0.04533333333333334 0.05076923076923077
0 0.37466666666666665 0.5846153846153846 0.044 0.04461538461538461
0 0.6326666666666667 0.6246153846153846 0.044 0.04461538461538461
0 0.368 0.5507692307692308 0.042666666666666665 0.043076923076923075
0 0.228 0.41923076923076924 0.044 0.04461538461538461
0 0.24333333333333335 0.49538461538461537 0.04533333333333334 0.046153846153846156
0 0.7053333333333334 0.42923076923076925 0.044 0.04461538461538461
0 0.6246666666666667 0.5869230769230769 0.04666666666666667 0.04923076923076923
0 0.85 0.3323076923076923 0.04666666666666667 0.046153846153846156
0 0.55 0.48615384615384616 0.044 0.04923076923076923
0 0.8253333333333334 0.48384615384615387 0.04533333333333334 0.05076923076923077
0 0.7366666666666667 0.8669230769230769 0.04533333333333334 0.046153846153846156
0 0.44866666666666666 0.9453846153846154 0.04666666666666667 0.047692307692307694
0 0.754 0.6784615384615384 0.042666666666666665 0.043076923076923075
0 0.548 0.8930769230769231 0.037333333333333336 0.038461538461538464
0 0.214 0.9046153846153846 0.04533333333333334 0.047692307692307694
0 0.24733333333333332 0.7876923076923077 0.044 0.047692307692307694
0 0.38266666666666665 0.6207692307692307 0.04133333333333333 0.043076923076923075
0 0.22133333333333333 0.9423076923076923 0.048 0.04923076923076923
0 0.18466666666666667 0.7623076923076924 0.044 0.04461538461538461
0 0.192 0.796923076923077 0.04666666666666667 0.046153846153846156
0 0.6826666666666666 0.8730769230769231 0.04133333333333333 0.04153846153846154
0 0.8573333333333333 0.36923076923076925 0.044 0.04461538461538461
0 0.45666666666666667 0.23 0.032 0.03076923076923077
0 0.7446666666666667 0.9015384615384615 0.04133333333333333 0.04
0 0.42 0.8015384615384615 0.042666666666666665 0.043076923076923075
0 0.228 0.9784615384615385 0.04666666666666667 0.043076923076923075
0 0.20666666666666667 0.8661538461538462 0.048 0.046153846153846156
0 0.442 0.9107692307692308 0.04533333333333334 0.046153846153846156
0 0.2613333333333333 0.8615384615384616 0.04533333333333334 0.047692307692307694
0 0.178 0.7276923076923076 0.044 0.04461538461538461
0 0.124 0.4684615384615385 0.04133333333333333 0.04153846153846154
0 0.36533333333333334 0.8084615384615385 0.04666666666666667 0.047692307692307694
0 0.9166666666666666 0.6538461538461539 0.04533333333333334 0.046153846153846156
0 0.27666666666666667 0.9284615384615384 0.04666666666666667 0.04923076923076923
0 0.8326666666666667 0.5176923076923077 0.04 0.02923076923076923
0 0.23933333333333334 0.7507692307692307 0.044 0.04461538461538461
0 0.528 0.37538461538461537 0.04133333333333333 0.03076923076923077
0 0.19733333333333333 0.5392307692307692 0.044 0.046153846153846156
0 0.6306666666666667 0.8807692307692307 0.044 0.04923076923076923
0 0.556 0.926923076923077 0.04133333333333333 0.047692307692307694
0 0.254 0.8238461538461539 0.04133333333333333 0.04153846153846154
0 0.822 0.7415384615384616 0.04133333333333333 0.03230769230769231
0 0.9186666666666666 0.6230769230769231 0.042666666666666665 0.04153846153846154
0 0.2 0.8315384615384616 0.04133333333333333 0.04
0 0.18 0.46076923076923076 0.03866666666666667 0.04153846153846154
0 0.6806666666666666 0.3169230769230769 0.04133333333333333 0.03538461538461538
0 0.2693333333333333 0.8961538461538462 0.042666666666666665 0.03230769230769231