0 0.6044444444444445 0.71499176276771 0.025555555555555557 0.039538714991762765
0 0.14555555555555555 0.8772652388797364 0.025555555555555557 0.03789126853377265
0 0.23277777777777778 0.39621087314662273 0.04111111111111111 0.03459637561779242
0 0.5272222222222223 0.7273476112026359 0.022222222222222223 0.029654036243822075
0 0.13944444444444445 0.7940691927512356 0.025555555555555557 0.036243822075782535
0 0.11388888888888889 0.7990115321252059 0.023333333333333334 0.036243822075782535
0 0.4922222222222222 0.36079077429983525 0.044444444444444446 0.039538714991762765
0 0.4911111111111111 0.3311367380560132 0.042222222222222223 0.042833607907743
0 0.17555555555555555 0.913509060955519 0.02666666666666667 0.039538714991762765
0 0.1688888888888889 0.8270181219110379 0.023333333333333334 0.036243822075782535
0 0.6083333333333333 0.7561779242174629 0.025555555555555557 0.036243822075782535
0 0.16666666666666666 0.7883031301482701 0.024444444444444446 0.03789126853377265
0 0.11666666666666667 0.8369028006589786 0.025555555555555557 0.03789126853377265
0 0.4811111111111111 0.19439868204283361 0.04555555555555556 0.03459637561779242
0 0.3794444444444444 0.8360790774299836 0.023333333333333334 0.03789126853377265
0 0.4855555555555556 0.26112026359143325 0.043333333333333335 0.036243822075782535
0 0.08944444444444444 0.8023064250411862 0.02666666666666667 0.03789126853377265
0 0.09166666666666666 0.8401976935749588 0.02666666666666667 0.036243822075782535
0 0.35555555555555557 0.8401976935749588 0.025555555555555557 0.03789126853377265
0 0.17222222222222222 0.871499176276771 0.024444444444444446 0.042833607907743
0 0.14333333333333334 0.8327841845140033 0.025555555555555557 0.04118616144975288
0 0.5566666666666666 0.38879736408566723 0.023333333333333334 0.036243822075782535
0 0.27666666666666667 0.2627677100494234 0.035555555555555556 0.04612850082372323
0 0.6133333333333333 0.6721581548599671 0.035555555555555556 0.047775947281713346
0 0.6327777777777778 0.7528830313014827 0.025555555555555557 0.03789126853377265
0 0.37555555555555553 0.7932454695222405 0.023333333333333334 0.039538714991762765
0 0.37222222222222223 0.7537067545304778 0.023333333333333334 0.036243822075782535
0 0.15055555555555555 0.7504118616144976 0.04111111111111111 0.047775947281713346
0 0.34833333333333333 0.7586490939044481 0.024444444444444446 0.036243822075782535
0 0.09555555555555556 0.7158154859967051 0.04111111111111111 0.04612850082372323
0 0.09833333333333333 0.7578253706754531 0.042222222222222223 0.05271828665568369
0 0.09833333333333333 0.5469522240527183 0.025555555555555557 0.03459637561779242
0 0.07222222222222222 0.5502471169686985 0.024444444444444446 0.036243822075782535
0 0.47833333333333333 0.1614497528830313 0.044444444444444446 0.042833607907743
0 0.10055555555555555 0.5873146622734761 0.02666666666666667 0.039538714991762765
0 0.06722222222222222 0.47034596375617793 0.02666666666666667 0.03789126853377265
0 0.3511111111111111 0.7973640856672158 0.025555555555555557 0.039538714991762765
0 0.63 0.714168039538715 0.023333333333333334 0.04118616144975288
0 0.06944444444444445 0.5090609555189456 0.02666666666666667 0.03459637561779242
0 0.8944444444444445 0.20181219110378912 0.03777777777777778 0.044481054365733116
0 0.455 0.7833607907742999 0.024444444444444446 0.03789126853377265
0 0.09388888888888888 0.46540362438220756 0.024444444444444446 0.03789126853377265
0 0.4761111111111111 0.12685337726523888 0.04555555555555556 0.042833607907743
0 0.14666666666666667 0.7084019769357496 0.03888888888888889 0.047775947281713346
0 0.8922222222222222 0.1630971993410214 0.03777777777777778 0.04612850082372323
0 0.4761111111111111 0.7380560131795717 0.023333333333333334 0.036243822075782535
0 0.27944444444444444 0.3039538714991763 0.034444444444444444 0.042833607907743
0 0.47888888888888886 0.7792421746293245 0.024444444444444446 0.03789126853377265
0 0.45166666666666666 0.7421746293245469 0.025555555555555557 0.03789126853377265
0 0.7172222222222222 0.657331136738056 0.03888888888888889 0.04942339373970346
0 0.20222222222222222 0.7421746293245469 0.04 0.051070840197693576
0 0.5588888888888889 0.42915980230642503 0.02666666666666667 0.04118616144975288
0 0.5016666666666667 0.5115321252059308 0.03111111111111111 0.039538714991762765
0 0.6944444444444444 0.3228995057660626 0.03888888888888889 0.04612850082372323
0 0.09555555555555556 0.5049423393739704 0.027777777777777776 0.03789126853377265
0 0.8427777777777777 0.2116968698517298 0.035555555555555556 0.04612850082372323
0 0.125 0.32948929159802304 0.03888888888888889 0.051070840197693576
0 0.4822222222222222 0.2273476112026359 0.044444444444444446 0.047775947281713346
0 0.35833333333333334 0.7158154859967051 0.04 0.04942339373970346
0 0.07444444444444444 0.38220757825370677 0.03777777777777778 0.04612850082372323
0 0.19944444444444445 0.700164744645799 0.03666666666666667 0.04612850082372323
0 0.09277777777777778 0.6721581548599671 0.04111111111111111 0.05601317957166392
0 0.7683333333333333 0.6474464579901154 0.03777777777777778 0.047775947281713346
0 0.17722222222222223 0.3212520593080725 0.03888888888888889 0.04942339373970346
0 0.07333333333333333 0.3385502471169687 0.03888888888888889 0.051070840197693576
0 0.845 0.2545304777594728 0.03777777777777778 0.047775947281713346
0 0.8144444444444444 0.5527182866556837 0.03888888888888889 0.05271828665568369
0 0.8194444444444444 0.6375617792421746 0.035555555555555556 0.04612850082372323
0 0.8172222222222222 0.5971993410214168 0.035555555555555556 0.04612850082372323
0 0.48833333333333334 0.2940691927512356 0.042222222222222223 0.04612850082372323
0 0.355 0.6721581548599671 0.04 0.04942339373970346
0 0.74 0.2273476112026359 0.03777777777777778 0.05271828665568369
0 0.7633333333333333 0.5609555189456342 0.03888888888888889 0.051070840197693576
0 0.07777777777777778 0.42504118616144976 0.04 0.04612850082372323
0 0.4088888888888889 0.7059308072487644 0.03666666666666667 0.044481054365733116
0 0.23 0.35502471169686983 0.03888888888888889 0.047775947281713346
0 0.35333333333333333 0.628500823723229 0.03666666666666667 0.047775947281713346
0 0.7661111111111111 0.6062602965403624 0.03777777777777778 0.047775947281713346
0 0.7138888888888889 0.6161449752883031 0.03666666666666667 0.04612850082372323
0 0.2816666666666667 0.3467874794069193 0.03888888888888889 0.04942339373970346
0 0.2733333333333333 0.21663920922570015 0.03666666666666667 0.054365733113673806
0 0.6116666666666667 0.6301482701812191 0.034444444444444444 0.04612850082372323
0 0.22833333333333333 0.313838550247117 0.034444444444444444 0.044481054365733116
0 0.6405555555555555 0.28912685337726524 0.034444444444444444 0.04118616144975288
0 0.8972222222222223 0.24629324546952225 0.04 0.051070840197693576
0 0.145 0.6630971993410214 0.03888888888888889 0.05601317957166392
0 0.3877777777777778 0.3723228995057661 0.03777777777777778 0.047775947281713346
0 0.6633333333333333 0.6235584843492586 0.03666666666666667 0.04612850082372323
0 0.7105555555555556 0.570840197693575 0.03888888888888889 0.05271828665568369
0 0.33444444444444443 0.3393739703459638 0.03666666666666667 0.04612850082372323
0 0.43944444444444447 0.3624382207578254 0.03777777777777778 0.04942339373970346
0 0.6605555555555556 0.5782537067545305 0.03888888888888889 0.051070840197693576
0 0.7438888888888889 0.2701812191103789 0.035555555555555556 0.044481054365733116
0 0.8883333333333333 0.11614497528830313 0.04 0.057660626029654036
0 0.6905555555555556 0.2808896210873147 0.03777777777777778 0.047775947281713346
0 0.6883333333333334 0.23805601317957167 0.03777777777777778 0.051070840197693576
0 0.5855555555555556 0.2553542009884679 0.035555555555555556 0.051070840197693576
0 0.6094444444444445 0.586490939044481 0.03888888888888889 0.05271828665568369
0 0.5633333333333334 0.6812191103789127 0.03888888888888889 0.047775947281713346
0 0.49666666666666665 0.4332784184514003 0.043333333333333335 0.05271828665568369
0 0.5605555555555556 0.6392092257001647 0.03777777777777778 0.04612850082372323
0 0.84 0.1672158154859967 0.03888888888888889 0.05271828665568369
0 0.4066666666666667 0.6655683690280065 0.035555555555555556 0.04612850082372323
0 0.33611111111111114 0.3805601317957166 0.03666666666666667 0.04942339373970346
0 0.6655555555555556 0.6655683690280065 0.04 0.04942339373970346
0 0.225 0.2685337726523888 0.03777777777777778 0.05271828665568369
0 0.7905555555555556 0.21828665568369027 0.03888888888888889 0.05271828665568369
0 0.43777777777777777 0.32042833607907745 0.03777777777777778 0.044481054365733116
0 0.46111111111111114 0.6976935749588138 0.03666666666666667 0.04612850082372323
0 0.6433333333333333 0.3319604612850082 0.03777777777777778 0.051070840197693576
0 0.4583333333333333 0.6556836902800659 0.03666666666666667 0.047775947281713346
0 0.385 0.3311367380560132 0.03666666666666667 0.044481054365733116
0 0.3838888888888889 0.28747940691927515 0.03888888888888889 0.05271828665568369
0 0.4038888888888889 0.6194398682042833 0.03888888888888889 0.05271828665568369
0 0.5894444444444444 0.2990115321252059 0.035555555555555556 0.04612850082372323
0 0.1288888888888889 0.41186161449752884 0.03888888888888889 0.057660626029654036
0 0.4361111111111111 0.2784184514003295 0.03777777777777778 0.04942339373970346
0 0.7461111111111111 0.313838550247117 0.03888888888888889 0.05271828665568369
0 0.6372222222222222 0.24464579901153213 0.03777777777777778 0.054365733113673806
0 0.5411111111111111 0.35090609555189456 0.04111111111111111 0.051070840197693576
0 0.5388888888888889 0.30807248764415157 0.03666666666666667 0.044481054365733116
0 0.33111111111111113 0.2932454695222405 0.03777777777777778 0.05271828665568369
0 0.5927777777777777 0.3418451400329489 0.03777777777777778 0.051070840197693576
0 0.45666666666666667 0.6120263591433278 0.04 0.051070840197693576
0 0.7977777777777778 0.30477759472817134 0.03888888888888889 0.051070840197693576
0 0.7944444444444444 0.26359143327841844 0.03777777777777778 0.047775947281713346
0 0.5361111111111111 0.2627677100494234 0.03888888888888889 0.05271828665568369
0 0.19666666666666666 0.6548599670510709 0.04111111111111111 0.05601317957166392
0 0.5572222222222222 0.5947281713344317 0.04 0.054365733113673806
0 0.18055555555555555 0.40197693574958815 0.04 0.05601317957166392
0 0.5005555555555555 0.47528830313014825 0.04 0.04612850082372323