0 0.3972222222222222 0.4306930693069307 0.03666666666666667 0.04950495049504951
0 0.8972222222222223 0.6947194719471947 0.04111111111111111 0.041254125412541254
0 0.3277777777777778 0.6658415841584159 0.03666666666666667 0.03135313531353135
0 0.3005555555555556 0.32838283828382836 0.035555555555555556 0.0462046204620462
0 0.5072222222222222 0.382013201320132 0.044444444444444446 0.039603960396039604
0 0.5183333333333333 0.21947194719471946 0.04555555555555556 0.041254125412541254
0 0.8994444444444445 0.6567656765676567 0.04 0.052805280528052806
0 0.515 0.24917491749174916 0.04888888888888889 0.037953795379537955
0 0.41833333333333333 0.8523102310231023 0.03777777777777778 0.04455445544554455
0 0.495 0.5346534653465347 0.042222222222222223 0.04455445544554455
0 0.5205555555555555 0.18564356435643564 0.04777777777777778 0.0429042904290429
0 0.5111111111111111 0.31600660066006603 0.044444444444444446 0.039603960396039604
0 0.9011111111111111 0.6146864686468647 0.03777777777777778 0.04785478547854786
0 0.415 0.8902640264026402 0.03888888888888889 0.052805280528052806
0 0.185 0.4735973597359736 0.03888888888888889 0.05115511551155116
0 0.7088888888888889 0.41006600660066006 0.03666666666666667 0.052805280528052806
0 0.15 0.2533003300330033 0.03666666666666667 0.04455445544554455
0 0.51 0.349009900990099 0.044444444444444446 0.0429042904290429
0 0.10611111111111111 0.15594059405940594 0.03777777777777778 0.052805280528052806
0 0.3938888888888889 0.47029702970297027 0.034444444444444444 0.036303630363036306
0 0.5644444444444444 0.4636963696369637 0.028888888888888888 0.0429042904290429
0 0.5744444444444444 0.8415841584158416 0.03666666666666667 0.0462046204620462
0 0.19833333333333333 0.3028052805280528 0.03777777777777778 0.04785478547854786
0 0.2011111111111111 0.264026402640264 0.03777777777777778 0.05115511551155116
0 0.9083333333333333 0.5363036303630363 0.03666666666666667 0.0429042904290429
0 0.5588888888888889 0.19966996699669967 0.02666666666666667 0.0429042904290429
0 0.4116666666666667 0.9356435643564357 0.03888888888888889 0.054455445544554455
0 0.4027777777777778 0.3481848184818482 0.03666666666666667 0.04455445544554455
0 0.5766666666666667 0.8011551155115512 0.034444444444444444 0.0462046204620462
0 0.22111111111111112 0.6872937293729373 0.03777777777777778 0.04950495049504951
0 0.205 0.2202970297029703 0.03666666666666667 0.05115511551155116
0 0.42055555555555557 0.8110561056105611 0.03777777777777778 0.05115511551155116
0 0.5044444444444445 0.4141914191419142 0.04777777777777778 0.04455445544554455
0 0.7222222222222222 0.23844884488448845 0.03777777777777778 0.054455445544554455
0 0.18166666666666667 0.5115511551155115 0.04 0.04950495049504951
0 0.9133333333333333 0.4521452145214521 0.03666666666666667 0.0462046204620462
0 0.15333333333333332 0.21122112211221122 0.03777777777777778 0.054455445544554455
0 0.6561111111111111 0.4430693069306931 0.03666666666666667 0.04950495049504951
0 0.5716666666666667 0.8836633663366337 0.03777777777777778 0.052805280528052806
0 0.7061111111111111 0.4513201320132013 0.03666666666666667 0.0462046204620462
0 0.5688888888888889 0.9265676567656765 0.03777777777777778 0.04950495049504951
0 0.5422222222222223 0.4158415841584158 0.023333333333333334 0.041254125412541254
0 0.18 0.551980198019802 0.04 0.04785478547854786
0 0.5138888888888888 0.283003300330033 0.04666666666666667 0.04785478547854786
0 0.58 0.7607260726072608 0.03777777777777778 0.052805280528052806
0 0.5561111111111111 0.24834983498349836 0.027777777777777776 0.041254125412541254
0 0.15833333333333333 0.1674917491749175 0.035555555555555556 0.0462046204620462
0 0.9194444444444444 0.367986798679868 0.03666666666666667 0.0462046204620462
0 0.225 0.6460396039603961 0.03666666666666667 0.04950495049504951
0 0.5888888888888889 0.6361386138613861 0.03666666666666667 0.04455445544554455
0 0.42277777777777775 0.768976897689769 0.03666666666666667 0.04785478547854786
0 0.31333333333333335 0.8704620462046204 0.03888888888888889 0.04785478547854786
0 0.9055555555555556 0.5759075907590759 0.03666666666666667 0.04950495049504951
0 0.24055555555555555 0.4405940594059406 0.035555555555555556 0.0429042904290429
0 0.1761111111111111 0.5932343234323433 0.03888888888888889 0.05115511551155116
0 0.09944444444444445 0.24504950495049505 0.04 0.052805280528052806
0 0.355 0.2978547854785479 0.03666666666666667 0.04950495049504951
0 0.57 0.3811881188118812 0.02666666666666667 0.039603960396039604
0 0.5838888888888889 0.7186468646864687 0.03888888888888889 0.04950495049504951
0 0.31666666666666665 0.8316831683168316 0.03777777777777778 0.04950495049504951
0 0.23722222222222222 0.47854785478547857 0.03888888888888889 0.04785478547854786
0 0.10388888888888889 0.19966996699669967 0.03888888888888889 0.05115511551155116
0 0.22777777777777777 0.6031353135313532 0.03888888888888889 0.05115511551155116
0 0.3038888888888889 0.28465346534653463 0.034444444444444444 0.04785478547854786
0 0.5866666666666667 0.6773927392739274 0.03888888888888889 0.052805280528052806
0 0.8611111111111112 0.4414191419141914 0.03666666666666667 0.04785478547854786
0 0.6588888888888889 0.40016501650165015 0.03777777777777778 0.054455445544554455
0 0.5522222222222222 0.29207920792079206 0.02666666666666667 0.039603960396039604
0 0.8105555555555556 0.43481848184818483 0.035555555555555556 0.04785478547854786
0 0.23444444444444446 0.518976897689769 0.03888888888888889 0.052805280528052806
0 0.3188888888888889 0.7920792079207921 0.03666666666666667 0.04455445544554455
0 0.8677777777777778 0.3556105610561056 0.03666666666666667 0.054455445544554455
0 0.9166666666666666 0.41089108910891087 0.03777777777777778 0.052805280528052806
0 0.7611111111111111 0.41996699669966997 0.03888888888888889 0.05115511551155116
0 0.4266666666666667 0.7277227722772277 0.035555555555555556 0.04785478547854786
0 0.21222222222222223 0.13283828382838284 0.04 0.054455445544554455
0 0.9233333333333333 0.3250825082508251 0.03777777777777778 0.054455445544554455
0 0.7122222222222222 0.3688118811881188 0.03888888888888889 0.05115511551155116
0 0.16166666666666665 0.12211221122112212 0.03777777777777778 0.056105610561056105
0 0.8077777777777778 0.4768976897689769 0.035555555555555556 0.0462046204620462
0 0.8244444444444444 0.2590759075907591 0.04 0.0594059405940594
0 0.14444444444444443 0.33745874587458746 0.035555555555555556 0.04455445544554455
0 0.17166666666666666 0.6394389438943895 0.03777777777777778 0.056105610561056105
0 0.21888888888888888 0.7285478547854786 0.04111111111111111 0.052805280528052806
0 0.35944444444444446 0.2524752475247525 0.03777777777777778 0.052805280528052806
0 0.20722222222222222 0.17904290429042904 0.03777777777777778 0.05115511551155116
0 0.7144444444444444 0.3250825082508251 0.03777777777777778 0.04950495049504951
0 0.14055555555555554 0.37706270627062705 0.03777777777777778 0.052805280528052806
0 0.34944444444444445 0.3778877887788779 0.03666666666666667 0.04455445544554455
0 0.7183333333333334 0.28465346534653463 0.03888888888888889 0.05115511551155116
0 0.5738888888888889 0.33745874587458746 0.02666666666666667 0.04455445544554455
0 0.5655555555555556 0.9686468646864687 0.04 0.05115511551155116
0 0.42944444444444446 0.6881188118811881 0.035555555555555556 0.04455445544554455
0 0.6522222222222223 0.48514851485148514 0.035555555555555556 0.04785478547854786
0 0.19166666666666668 0.38778877887788776 0.03777777777777778 0.04950495049504951
0 0.8638888888888889 0.40016501650165015 0.03666666666666667 0.04785478547854786
0 0.7038888888888889 0.49257425742574257 0.03666666666666667 0.04950495049504951
0 0.5961111111111111 0.5544554455445545 0.03888888888888889 0.04950495049504951
0 0.29777777777777775 0.367986798679868 0.035555555555555556 0.0429042904290429
0 0.9266666666666666 0.27805280528052806 0.04 0.056105610561056105
0 0.8172222222222222 0.34735973597359737 0.03777777777777778 0.05115511551155116
0 0.14777777777777779 0.29372937293729373 0.04 0.052805280528052806
0 0.2311111111111111 0.5618811881188119 0.03888888888888889 0.05115511551155116
0 0.39111111111111113 0.509075907590759 0.03777777777777778 0.054455445544554455
0 0.5488888888888889 0.3333333333333333 0.025555555555555557 0.039603960396039604
0 0.7572222222222222 0.46204620462046203 0.03888888888888889 0.052805280528052806
0 0.5672222222222222 0.42326732673267325 0.02666666666666667 0.037953795379537955
0 0.4677777777777778 0.18646864686468648 0.03666666666666667 0.054455445544554455
0 0.30944444444444447 0.9158415841584159 0.04 0.056105610561056105
0 0.6083333333333333 0.3919141914191419 0.03666666666666667 0.04785478547854786
0 0.5427777777777778 0.5833333333333334 0.03666666666666667 0.04785478547854786
0 0.2627777777777778 0.14356435643564355 0.03777777777777778 0.056105610561056105
0 0.5461111111111111 0.37376237623762376 0.025555555555555557 0.041254125412541254
0 0.8205555555555556 0.30528052805280526 0.03777777777777778 0.04950495049504951
0 0.7633333333333333 0.37541254125412543 0.03888888888888889 0.054455445544554455
0 0.11 0.10973597359735973 0.03888888888888889 0.056105610561056105
0 0.25166666666666665 0.2747524752475248 0.03666666666666667 0.04785478547854786
0 0.6211111111111111 0.21782178217821782 0.03888888888888889 0.057755775577557754
0 0.29388888888888887 0.41006600660066006 0.03666666666666667 0.052805280528052806
0 0.38722222222222225 0.556930693069307 0.03666666666666667 0.052805280528052806
0 0.9105555555555556 0.49422442244224424 0.03777777777777778 0.052805280528052806
0 0.33666666666666667 0.5429042904290429 0.03888888888888889 0.0462046204620462
0 0.44222222222222224 0.5222772277227723 0.03777777777777778 0.0462046204620462
0 0.5927777777777777 0.5957095709570958 0.04111111111111111 0.05115511551155116
0 0.2461111111111111 0.3556105610561056 0.03888888888888889 0.05115511551155116
0 0.6611111111111111 0.3589108910891089 0.03666666666666667 0.0462046204620462
0 0.4388888888888889 0.5627062706270627 0.03777777777777778 0.052805280528052806
0 0.2594444444444444 0.18976897689768976 0.03777777777777778 0.052805280528052806
0 0.5366666666666666 0.6683168316831684 0.03777777777777778 0.05115511551155116
0 0.24888888888888888 0.31435643564356436 0.03888888888888889 0.05115511551155116
0 0.3622222222222222 0.2103960396039604 0.03777777777777778 0.04950495049504951
0 0.32555555555555554 0.7054455445544554 0.035555555555555556 0.05115511551155116
0 0.24333333333333335 0.39851485148514854 0.03888888888888889 0.054455445544554455
0 0.3672222222222222 0.16419141914191418 0.03666666666666667 0.052805280528052806
0 0.605 0.43234323432343236 0.03666666666666667 0.0462046204620462
0 0.25555555555555554 0.23267326732673269 0.03777777777777778 0.052805280528052806
0 0.43555555555555553 0.6039603960396039 0.03666666666666667 0.04785478547854786
0 0.19555555555555557 0.3457095709570957 0.03777777777777778 0.054455445544554455
0 0.40055555555555555 0.3886138613861386 0.03777777777777778 0.04785478547854786
0 0.8588888888888889 0.48514851485148514 0.03888888888888889 0.054455445544554455
0 0.45555555555555555 0.3580858085808581 0.035555555555555556 0.041254125412541254
0 0.8144444444444444 0.3919141914191419 0.03777777777777778 0.052805280528052806
0 0.3522222222222222 0.33828382838283827 0.03666666666666667 0.04785478547854786
0 0.49777777777777776 0.4867986798679868 0.04555555555555556 0.052805280528052806
0 0.5394444444444444 0.6254125412541254 0.03777777777777778 0.05115511551155116
0 0.18777777777777777 0.4298679867986799 0.03777777777777778 0.04950495049504951
0 0.4622222222222222 0.2755775577557756 0.034444444444444444 0.04455445544554455
0 0.43277777777777776 0.6460396039603961 0.03777777777777778 0.05115511551155116
0 0.465 0.2334983498349835 0.03666666666666667 0.04950495049504951
0 0.5994444444444444 0.514026402640264 0.03666666666666667 0.04785478547854786
0 0.33444444444444443 0.5825082508250825 0.03777777777777778 0.04950495049504951
0 0.6177777777777778 0.2632013201320132 0.03888888888888889 0.04950495049504951
0 0.4483333333333333 0.4414191419141914 0.034444444444444444 0.04455445544554455
0 0.32222222222222224 0.7508250825082509 0.03888888888888889 0.052805280528052806
0 0.6027777777777777 0.47194719471947194 0.03777777777777778 0.04785478547854786
0 0.4072222222222222 0.3069306930693069 0.03666666666666667 0.052805280528052806
0 0.33055555555555555 0.6278877887788779 0.04111111111111111 0.056105610561056105
0 0.6638888888888889 0.31600660066006603 0.03888888888888889 0.054455445544554455
0 0.34555555555555556 0.4174917491749175 0.03777777777777778 0.052805280528052806
0 0.3433333333333333 0.4603960396039604 0.03666666666666667 0.04785478547854786
0 0.5455555555555556 0.5420792079207921 0.03666666666666667 0.04785478547854786
0 0.5488888888888889 0.5016501650165016 0.03777777777777778 0.05115511551155116
0 0.615 0.3069306930693069 0.03888888888888889 0.054455445544554455
0 0.34 0.5024752475247525 0.03888888888888889 0.05115511551155116
0 0.4444444444444444 0.48267326732673266 0.03666666666666667 0.04785478547854786
0 0.4533333333333333 0.39933993399339934 0.03666666666666667 0.05115511551155116
0 0.4583333333333333 0.31765676567656764 0.03777777777777778 0.052805280528052806
0 0.6116666666666667 0.35148514851485146 0.035555555555555556 0.0462046204620462