0 0.8733333333333333 0.7421746293245469 0.022222222222222223 0.03459637561779242
0 0.9038888888888889 0.7800658978583196 0.023333333333333334 0.03130148270181219
0 0.12611111111111112 0.6128500823723229 0.021111111111111112 0.036243822075782535
0 0.6438888888888888 0.40774299835255357 0.01888888888888889 0.03130148270181219
0 0.12611111111111112 0.570840197693575 0.021111111111111112 0.03130148270181219
0 0.43666666666666665 0.7438220757825371 0.022222222222222223 0.03789126853377265
0 0.9277777777777778 0.8220757825370676 0.022222222222222223 0.036243822075782535
0 0.12666666666666668 0.700164744645799 0.024444444444444446 0.036243822075782535
0 0.43722222222222223 0.8649093904448105 0.023333333333333334 0.036243822075782535
0 0.1272222222222222 0.657331136738056 0.023333333333333334 0.036243822075782535
0 0.9277777777777778 0.7817133443163097 0.022222222222222223 0.03459637561779242
0 0.4622222222222222 0.9093904448105437 0.022222222222222223 0.036243822075782535
0 0.39944444444444444 0.7026359143327842 0.03666666666666667 0.047775947281713346
0 0.46166666666666667 0.7438220757825371 0.021111111111111112 0.03459637561779242
0 0.4111111111111111 0.4472817133443163 0.022222222222222223 0.03789126853377265
0 0.5027777777777778 0.13591433278418452 0.04777777777777778 0.03789126853377265
0 0.46111111111111114 0.8640856672158155 0.022222222222222223 0.03789126853377265
0 0.1272222222222222 0.5296540362438221 0.021111111111111112 0.03130148270181219
0 0.8494444444444444 0.2825370675453048 0.021111111111111112 0.03130148270181219
0 0.5022222222222222 0.3039538714991763 0.044444444444444446 0.03789126853377265
0 0.9272222222222222 0.5304777594728172 0.023333333333333334 0.032948929159802305
0 0.6683333333333333 0.4489291598023064 0.023333333333333334 0.03459637561779242
0 0.85 0.7413509060955519 0.022222222222222223 0.032948929159802305
0 0.15333333333333332 0.658154859967051 0.024444444444444446 0.03789126853377265
0 0.43722222222222223 0.7825370675453048 0.023333333333333334 0.032948929159802305
0 0.1527777777777778 0.7438220757825371 0.023333333333333334 0.03789126853377265
0 0.1272222222222222 0.4052718286655684 0.021111111111111112 0.029654036243822075
0 0.85 0.7817133443163097 0.022222222222222223 0.03459637561779242
0 0.7705555555555555 0.44810543657331137 0.023333333333333334 0.036243822075782535
0 0.4488888888888889 0.7026359143327842 0.03777777777777778 0.044481054365733116
0 0.12666666666666668 0.4456342668863262 0.022222222222222223 0.03459637561779242
0 0.41055555555555556 0.40691927512355847 0.023333333333333334 0.032948929159802305
0 0.2816666666666667 0.7421746293245469 0.021111111111111112 0.03459637561779242
0 0.15222222222222223 0.4472817133443163 0.022222222222222223 0.03789126853377265
0 0.15166666666666667 0.6144975288303131 0.025555555555555557 0.036243822075782535
0 0.2561111111111111 0.4060955518945634 0.021111111111111112 0.03130148270181219
0 0.25555555555555554 0.4489291598023064 0.022222222222222223 0.03459637561779242
0 0.8733333333333333 0.3261943986820428 0.024444444444444446 0.036243822075782535
0 0.9005555555555556 0.40691927512355847 0.021111111111111112 0.032948929159802305
0 0.23055555555555557 0.4464579901153213 0.021111111111111112 0.032948929159802305
0 0.5022222222222222 0.5271828665568369 0.03111111111111111 0.036243822075782535
0 0.5011111111111111 0.2372322899505766 0.044444444444444446 0.042833607907743
0 0.12777777777777777 0.4901153212520593 0.024444444444444446 0.03789126853377265
0 0.08722222222222223 0.7042833607907742 0.03666666666666667 0.044481054365733116
0 0.3988888888888889 0.3649093904448105 0.035555555555555556 0.047775947281713346
0 0.13944444444444445 0.36326194398682043 0.034444444444444444 0.044481054365733116
0 0.9022222222222223 0.4901153212520593 0.022222222222222223 0.03459637561779242
0 0.6433333333333333 0.44810543657331137 0.02 0.032948929159802305
0 0.24222222222222223 0.7034596375617792 0.03777777777777778 0.04942339373970346
0 0.9261111111111111 0.4464579901153213 0.021111111111111112 0.032948929159802305
0 0.8233333333333334 0.32537067545304776 0.02 0.03130148270181219
0 0.19 0.7034596375617792 0.03333333333333333 0.042833607907743
0 0.15166666666666667 0.5313014827018122 0.023333333333333334 0.03459637561779242
0 0.9127777777777778 0.699341021416804 0.03666666666666667 0.044481054365733116
0 0.2427777777777778 0.6589785831960461 0.034444444444444444 0.042833607907743
0 0.08666666666666667 0.3212520593080725 0.03333333333333333 0.039538714991762765
0 0.7983333333333333 0.32537067545304776 0.021111111111111112 0.03130148270181219
0 0.7705555555555555 0.4102141680395387 0.023333333333333334 0.032948929159802305
0 0.9272222222222222 0.40939044481054365 0.021111111111111112 0.03130148270181219
0 0.8222222222222222 0.2841845140032949 0.022222222222222223 0.03459637561779242
0 0.19055555555555556 0.3657331136738056 0.034444444444444444 0.042833607907743
0 0.7077777777777777 0.7018121911037891 0.035555555555555556 0.05271828665568369
0 0.76 0.700164744645799 0.035555555555555556 0.042833607907743
0 0.1922222222222222 0.2784184514003295 0.035555555555555556 0.04612850082372323
0 0.29444444444444445 0.6589785831960461 0.03333333333333333 0.042833607907743
0 0.9133333333333333 0.6565074135090609 0.035555555555555556 0.04118616144975288
0 0.4488888888888889 0.6589785831960461 0.035555555555555556 0.042833607907743
0 0.9005555555555556 0.4472817133443163 0.025555555555555557 0.03789126853377265
0 0.29444444444444445 0.6120263591433278 0.035555555555555556 0.047775947281713346
0 0.6044444444444445 0.23887973640856672 0.03333333333333333 0.042833607907743
0 0.1388888888888889 0.32207578253706753 0.03333333333333333 0.04118616144975288
0 0.9133333333333333 0.36820428336079075 0.03333333333333333 0.04118616144975288
0 0.9277777777777778 0.48846787479406917 0.024444444444444446 0.03459637561779242
0 0.8616666666666667 0.6985172981878089 0.034444444444444444 0.04612850082372323
0 0.3461111111111111 0.6598023064250412 0.034444444444444444 0.04118616144975288
0 0.19111111111111112 0.6598023064250412 0.03333333333333333 0.044481054365733116
0 0.23166666666666666 0.40691927512355847 0.023333333333333334 0.036243822075782535
0 0.13944444444444445 0.27924217462932455 0.03666666666666667 0.044481054365733116
0 0.6555555555555556 0.7018121911037891 0.035555555555555556 0.04612850082372323
0 0.08666666666666667 0.6144975288303131 0.03777777777777778 0.04942339373970346
0 0.6683333333333333 0.4085667215815486 0.023333333333333334 0.032948929159802305
0 0.3983333333333333 0.6606260296540363 0.034444444444444444 0.039538714991762765
0 0.08666666666666667 0.6606260296540363 0.035555555555555556 0.042833607907743
0 0.19111111111111112 0.613673805601318 0.03333333333333333 0.047775947281713346
0 0.7594444444444445 0.658154859967051 0.034444444444444444 0.04118616144975288
0 0.24333333333333335 0.32042833607907745 0.03333333333333333 0.03789126853377265
0 0.5527777777777778 0.3237232289950577 0.034444444444444444 0.04118616144975288
0 0.4494444444444444 0.6144975288303131 0.03666666666666667 0.04612850082372323
0 0.08722222222222223 0.3649093904448105 0.03888888888888889 0.044481054365733116
0 0.7077777777777777 0.6128500823723229 0.035555555555555556 0.04612850082372323
0 0.6555555555555556 0.3673805601317957 0.035555555555555556 0.04612850082372323
0 0.81 0.7018121911037891 0.035555555555555556 0.04612850082372323
0 0.295 0.3228995057660626 0.034444444444444444 0.039538714991762765
0 0.3983333333333333 0.3228995057660626 0.034444444444444444 0.039538714991762765
0 0.3972222222222222 0.613673805601318 0.034444444444444444 0.051070840197693576
0 0.2427777777777778 0.613673805601318 0.03666666666666667 0.047775947281713346
0 0.24333333333333335 0.3640856672158155 0.03777777777777778 0.04612850082372323
0 0.3461111111111111 0.32207578253706753 0.034444444444444444 0.04118616144975288
0 0.5538888888888889 0.2825370675453048 0.03222222222222222 0.04118616144975288
0 0.34555555555555556 0.7026359143327842 0.035555555555555556 0.044481054365733116
0 0.605 0.28171334431630973 0.034444444444444444 0.039538714991762765
0 0.08666666666666667 0.2784184514003295 0.03777777777777778 0.04942339373970346
0 0.6561111111111111 0.657331136738056 0.034444444444444444 0.042833607907743
0 0.19111111111111112 0.32207578253706753 0.035555555555555556 0.04118616144975288
0 0.8105555555555556 0.6589785831960461 0.034444444444444444 0.042833607907743
0 0.6566666666666666 0.6128500823723229 0.035555555555555556 0.04612850082372323
0 0.24333333333333335 0.27924217462932455 0.035555555555555556 0.044481054365733116
0 0.29444444444444445 0.27924217462932455 0.03333333333333333 0.044481054365733116
0 0.8611111111111112 0.6565074135090609 0.03333333333333333 0.04118616144975288
0 0.3983333333333333 0.27924217462932455 0.034444444444444444 0.047775947281713346
0 0.9127777777777778 0.2833607907742998 0.03666666666666667 0.04612850082372323
0 0.9133333333333333 0.6112026359143328 0.035555555555555556 0.04612850082372323
0 0.8605555555555555 0.6120263591433278 0.034444444444444444 0.044481054365733116
0 0.605 0.19192751235584843 0.03222222222222222 0.047775947281713346
0 0.3461111111111111 0.36655683690280066 0.034444444444444444 0.051070840197693576
0 0.7588888888888888 0.613673805601318 0.035555555555555556 0.047775947281713346
0 0.7583333333333333 0.3657331136738056 0.03666666666666667 0.04942339373970346
0 0.7583333333333333 0.2825370675453048 0.034444444444444444 0.044481054365733116
0 0.5022222222222222 0.443163097199341 0.042222222222222223 0.04612850082372323
0 0.45055555555555554 0.32207578253706753 0.034444444444444444 0.04118616144975288
0 0.3466666666666667 0.6128500823723229 0.035555555555555556 0.04942339373970346
0 0.6561111111111111 0.2808896210873147 0.034444444444444444 0.044481054365733116
0 0.9127777777777778 0.3270181219110379 0.034444444444444444 0.04118616144975288
0 0.34555555555555556 0.2784184514003295 0.035555555555555556 0.04612850082372323
0 0.6555555555555556 0.32537067545304776 0.03333333333333333 0.04118616144975288
0 0.45055555555555554 0.2784184514003295 0.034444444444444444 0.042833607907743
0 0.8111111111111111 0.6128500823723229 0.03333333333333333 0.04612850082372323
0 0.7061111111111111 0.2808896210873147 0.034444444444444444 0.044481054365733116
0 0.605 0.32537067545304776 0.034444444444444444 0.044481054365733116
0 0.7061111111111111 0.32537067545304776 0.034444444444444444 0.04118616144975288
0 0.7061111111111111 0.36902800658978585 0.034444444444444444 0.04612850082372323
0 0.5544444444444444 0.2372322899505766 0.03333333333333333 0.04612850082372323
0 0.5022222222222222 0.4876441515650741 0.04 0.042833607907743
0 0.5022222222222222 0.27182866556836904 0.042222222222222223 0.029654036243822075
0 0.09777777777777778 0.8657331136738056 0.028888888888888888 0.04118616144975288
0 0.5138888888888888 0.7397034596375618 0.021111111111111112 0.029654036243822075
0 0.43777777777777777 0.9085667215815486 0.022222222222222223 0.03459637561779242
0 0.9027777777777778 0.8212520593080724 0.023333333333333334 0.03459637561779242
0 0.43777777777777777 0.8237232289950577 0.024444444444444446 0.036243822075782535
0 0.09888888888888889 0.7800658978583196 0.02666666666666667 0.03789126853377265
0 0.1272222222222222 0.7413509060955519 0.021111111111111112 0.032948929159802305
0 0.8516666666666667 0.8632619439868204 0.023333333333333334 0.032948929159802305
0 0.9033333333333333 0.8640856672158155 0.024444444444444446 0.03459637561779242
0 0.9277777777777778 0.742998352553542 0.022222222222222223 0.036243822075782535
0 0.09833333333333333 0.7438220757825371 0.023333333333333334 0.03130148270181219
0 0.41 0.7808896210873146 0.024444444444444446 0.032948929159802305
0 0.8738888888888889 0.7833607907742999 0.021111111111111112 0.03459637561779242
0 0.8733333333333333 0.2825370675453048 0.022222222222222223 0.03130148270181219
0 0.4622222222222222 0.7817133443163097 0.022222222222222223 0.03130148270181219
0 0.8227777777777778 0.3657331136738056 0.023333333333333334 0.032948929159802305
0 0.5533333333333333 0.36655683690280066 0.035555555555555556 0.03459637561779242
0 0.15333333333333332 0.40691927512355847 0.02 0.032948929159802305
0 0.29555555555555557 0.36326194398682043 0.035555555555555556 0.044481054365733116
0 0.8511111111111112 0.8220757825370676 0.024444444444444446 0.032948929159802305
0 0.15166666666666667 0.5724876441515651 0.023333333333333334 0.03130148270181219
0 0.9044444444444445 0.9085667215815486 0.024444444444444446 0.03789126853377265
0 0.2816666666666667 0.7817133443163097 0.021111111111111112 0.03459637561779242
0 0.29444444444444445 0.700164744645799 0.035555555555555556 0.042833607907743
0 0.8761111111111111 0.8657331136738056 0.021111111111111112 0.03459637561779242
0 0.5022222222222222 0.36902800658978585 0.044444444444444446 0.032948929159802305
0 0.30833333333333335 0.7817133443163097 0.021111111111111112 0.03130148270181219
0 0.9283333333333333 0.9085667215815486 0.023333333333333334 0.03459637561779242
0 0.4077777777777778 0.742998352553542 0.02666666666666667 0.032948929159802305
0 0.5027777777777778 0.3385502471169687 0.043333333333333335 0.03130148270181219
0 0.5016666666666667 0.2026359143327842 0.04777777777777778 0.029654036243822075
0 0.45611111111111113 0.36655683690280066 0.023333333333333334 0.03789126853377265
0 0.8505555555555555 0.9069192751235585 0.023333333333333334 0.03459637561779242
0 0.7966666666666666 0.28171334431630973 0.022222222222222223 0.032948929159802305
0 0.9283333333333333 0.8649093904448105 0.023333333333333334 0.036243822075782535
0 0.30833333333333335 0.7413509060955519 0.021111111111111112 0.029654036243822075
0 0.9033333333333333 0.7397034596375618 0.024444444444444446 0.032948929159802305
0 0.15222222222222223 0.7018121911037891 0.022222222222222223 0.036243822075782535
0 0.5022222222222222 0.17051070840197693 0.044444444444444446 0.03789126853377265