0 0.8861111111111111 0.6803953871499177 0.025555555555555557 0.032948929159802305
0 0.4866666666666667 0.4052718286655684 0.05 0.044481054365733116
0 0.485 0.30724876441515653 0.04777777777777778 0.04118616144975288
0 0.4861111111111111 0.3723228995057661 0.04666666666666667 0.032948929159802305
0 0.48444444444444446 0.2372322899505766 0.05 0.036243822075782535
0 0.5522222222222222 0.8986820428336079 0.02666666666666667 0.036243822075782535
0 0.49944444444444447 0.7742998352553542 0.023333333333333334 0.036243822075782535
0 0.27944444444444444 0.7364085667215815 0.03666666666666667 0.04942339373970346
0 0.8616666666666667 0.8080724876441515 0.025555555555555557 0.039538714991762765
0 0.08388888888888889 0.78500823723229 0.024444444444444446 0.039538714991762765
0 0.08388888888888889 0.8253706754530478 0.02666666666666667 0.04118616144975288
0 0.12333333333333334 0.40362438220757824 0.03777777777777778 0.047775947281713346
0 0.5533333333333333 0.9415156507413509 0.025555555555555557 0.03130148270181219
0 0.29444444444444445 0.9036243822075782 0.02666666666666667 0.039538714991762765
0 0.48388888888888887 0.27100494233937394 0.04777777777777778 0.047775947281713346
0 0.8855555555555555 0.7232289950576606 0.02666666666666667 0.039538714991762765
0 0.48388888888888887 0.1696869851729819 0.051111111111111114 0.042833607907743
0 0.9127777777777778 0.7224052718286655 0.025555555555555557 0.036243822075782535
0 0.48333333333333334 0.2042833607907743 0.04777777777777778 0.04612850082372323
0 0.4861111111111111 0.33772652388797364 0.04666666666666667 0.04612850082372323
0 0.6011111111111112 0.6499176276771005 0.02666666666666667 0.039538714991762765
0 0.8866666666666667 0.7668863261943987 0.024444444444444446 0.036243822075782535
0 0.9127777777777778 0.6812191103789127 0.025555555555555557 0.036243822075782535
0 0.8861111111111111 0.6416803953871499 0.025555555555555557 0.03789126853377265
0 0.8577777777777778 0.4357495881383855 0.023333333333333334 0.036243822075782535
0 0.9111111111111111 0.6400329489291599 0.023333333333333334 0.03459637561779242
0 0.5511111111111111 0.814662273476112 0.024444444444444446 0.039538714991762765
0 0.9127777777777778 0.7652388797364086 0.025555555555555557 0.03789126853377265
0 0.9133333333333333 0.8064250411861614 0.027777777777777776 0.04118616144975288
0 0.5255555555555556 0.7734761120263591 0.023333333333333334 0.03789126853377265
0 0.8622222222222222 0.7693574958813838 0.025555555555555557 0.03459637561779242
0 0.5272222222222223 0.9398682042833608 0.024444444444444446 0.03789126853377265
0 0.835 0.770181219110379 0.023333333333333334 0.03789126853377265
0 0.8844444444444445 0.4332784184514003 0.022222222222222223 0.036243822075782535
0 0.9111111111111111 0.5996705107084019 0.025555555555555557 0.036243822075782535
0 0.8577777777777778 0.5593080724876441 0.02666666666666667 0.039538714991762765
0 0.9094444444444445 0.43492586490939045 0.025555555555555557 0.036243822075782535
0 0.9105555555555556 0.556013179571664 0.02666666666666667 0.03459637561779242
0 0.8861111111111111 0.5988467874794069 0.024444444444444446 0.03789126853377265
0 0.4855555555555556 0.5609555189456342 0.03333333333333333 0.039538714991762765
0 0.5266666666666666 0.9011532125205931 0.024444444444444446 0.03459637561779242
0 0.5511111111111111 0.7742998352553542 0.023333333333333334 0.03789126853377265
0 0.5255555555555556 0.8154859967051071 0.02666666666666667 0.036243822075782535
0 0.1738888888888889 0.2775947281713344 0.03777777777777778 0.03789126853377265
0 0.8583333333333333 0.47528830313014825 0.025555555555555557 0.039538714991762765
0 0.5477777777777778 0.4390444810543657 0.025555555555555557 0.036243822075782535
0 0.885 0.4744645799011532 0.023333333333333334 0.039538714991762765
0 0.5488888888888889 0.5642504118616145 0.02666666666666667 0.042833607907743
0 0.6522222222222223 0.43986820428336076 0.023333333333333334 0.03459637561779242
0 0.4461111111111111 0.3130148270181219 0.023333333333333334 0.04118616144975288
0 0.9088888888888889 0.4744645799011532 0.024444444444444446 0.036243822075782535
0 0.9105555555555556 0.515650741350906 0.025555555555555557 0.039538714991762765
0 0.885 0.514827018121911 0.023333333333333334 0.03459637561779242
0 0.4211111111111111 0.31466227347611203 0.024444444444444446 0.039538714991762765
0 0.6 0.43986820428336076 0.023333333333333334 0.036243822075782535
0 0.5361111111111111 0.7339373970345964 0.04 0.04612850082372323
0 0.2927777777777778 0.8171334431630972 0.024444444444444446 0.03789126853377265
0 0.3811111111111111 0.3599670510708402 0.03777777777777778 0.04118616144975288
0 0.2677777777777778 0.8196046128500823 0.02666666666666667 0.039538714991762765
0 0.29333333333333333 0.8624382207578254 0.025555555555555557 0.039538714991762765
0 0.8861111111111111 0.556013179571664 0.024444444444444446 0.03789126853377265
0 0.6522222222222223 0.4794069192751236 0.024444444444444446 0.03789126853377265
0 0.12222222222222222 0.36079077429983525 0.03777777777777778 0.044481054365733116
0 0.26722222222222225 0.8624382207578254 0.024444444444444446 0.03789126853377265
0 0.33166666666666667 0.6960461285008237 0.03777777777777778 0.042833607907743
0 0.5522222222222222 0.8591433278418451 0.02666666666666667 0.039538714991762765
0 0.5261111111111111 0.8616144975288303 0.025555555555555557 0.03789126853377265
0 0.5761111111111111 0.6070840197693574 0.024444444444444446 0.036243822075782535
0 0.5755555555555556 0.4802306425041186 0.024444444444444446 0.03459637561779242
0 0.8594444444444445 0.515650741350906 0.02666666666666667 0.03789126853377265
0 0.8344444444444444 0.515650741350906 0.023333333333333334 0.03789126853377265
0 0.8333333333333334 0.43492586490939045 0.025555555555555557 0.03789126853377265
0 0.6277777777777778 0.48105436573311366 0.024444444444444446 0.036243822075782535
0 0.8466666666666667 0.7257001647446458 0.03777777777777778 0.04942339373970346
0 0.175 0.3171334431630972 0.03888888888888889 0.044481054365733116
0 0.575 0.4390444810543657 0.024444444444444446 0.039538714991762765
0 0.26722222222222225 0.7784184514003295 0.024444444444444446 0.036243822075782535
0 0.6911111111111111 0.6416803953871499 0.03666666666666667 0.04942339373970346
0 0.2927777777777778 0.7800658978583196 0.024444444444444446 0.036243822075782535
0 0.07111111111111111 0.700164744645799 0.04 0.044481054365733116
0 0.8461111111111111 0.6392092257001647 0.035555555555555556 0.04942339373970346
0 0.8966666666666666 0.3929159802306425 0.04 0.04612850082372323
0 0.12277777777777778 0.3212520593080725 0.035555555555555556 0.047775947281713346
0 0.8333333333333334 0.47528830313014825 0.024444444444444446 0.039538714991762765
0 0.6266666666666667 0.4390444810543657 0.025555555555555557 0.04118616144975288
0 0.895 0.35090609555189456 0.03777777777777778 0.047775947281713346
0 0.06944444444444445 0.3212520593080725 0.03777777777777778 0.05271828665568369
0 0.5772222222222222 0.5675453047775947 0.025555555555555557 0.036243822075782535
0 0.07055555555555555 0.7413509060955519 0.04111111111111111 0.051070840197693576
0 0.17333333333333334 0.23146622734761121 0.03888888888888889 0.060955518945634266
0 0.07 0.3640856672158155 0.03777777777777778 0.04612850082372323
0 0.07111111111111111 0.6556836902800659 0.04111111111111111 0.054365733113673806
0 0.6411111111111111 0.6902800658978583 0.03666666666666667 0.044481054365733116
0 0.7416666666666667 0.39373970345963755 0.03777777777777778 0.04612850082372323
0 0.38166666666666665 0.4011532125205931 0.03777777777777778 0.051070840197693576
0 0.7916666666666666 0.2677100494233937 0.035555555555555556 0.04612850082372323
0 0.8455555555555555 0.6828665568369028 0.03666666666666667 0.047775947281713346
0 0.28 0.6968698517298187 0.03666666666666667 0.042833607907743
0 0.6916666666666667 0.7314662273476112 0.03666666666666667 0.051070840197693576
0 0.5494444444444444 0.4827018121911038 0.025555555555555557 0.04118616144975288
0 0.5994444444444444 0.5238879736408567 0.024444444444444446 0.036243822075782535
0 0.6022222222222222 0.6070840197693574 0.025555555555555557 0.04118616144975288
0 0.3827777777777778 0.6507413509060955 0.035555555555555556 0.04942339373970346
0 0.38166666666666665 0.7380560131795717 0.035555555555555556 0.04942339373970346
0 0.7916666666666666 0.22075782537067545 0.03888888888888889 0.05601317957166392
0 0.33111111111111113 0.7355848434925865 0.03888888888888889 0.04942339373970346
0 0.43333333333333335 0.6935749588138386 0.03333333333333333 0.042833607907743
0 0.6388888888888888 0.35502471169686983 0.034444444444444444 0.044481054365733116
0 0.5755555555555556 0.5222405271828665 0.025555555555555557 0.039538714991762765
0 0.2783333333333333 0.6507413509060955 0.03888888888888889 0.05601317957166392
0 0.6411111111111111 0.7314662273476112 0.03777777777777778 0.051070840197693576
0 0.7922222222222223 0.31054365733113676 0.034444444444444444 0.044481054365733116
0 0.4855555555555556 0.4769357495881384 0.044444444444444446 0.04942339373970346
0 0.6922222222222222 0.6861614497528831 0.035555555555555556 0.04942339373970346
0 0.8955555555555555 0.30642504118616143 0.03888888888888889 0.051070840197693576
0 0.3827777777777778 0.6935749588138386 0.035555555555555556 0.04942339373970346
0 0.7416666666666667 0.35090609555189456 0.03777777777777778 0.04942339373970346
0 0.2772222222222222 0.40362438220757824 0.03666666666666667 0.04612850082372323
0 0.64 0.6457990115321252 0.03666666666666667 0.05271828665568369
0 0.2783333333333333 0.3163097199341021 0.03666666666666667 0.04942339373970346
0 0.22777777777777777 0.7388797364085667 0.03888888888888889 0.04942339373970346
0 0.5372222222222223 0.6474464579901154 0.03666666666666667 0.051070840197693576
0 0.07 0.4060955518945634 0.04 0.051070840197693576
0 0.8438888888888889 0.3953871499176277 0.03666666666666667 0.04612850082372323
0 0.22555555555555556 0.3171334431630972 0.035555555555555556 0.04942339373970346
0 0.6011111111111112 0.48105436573311366 0.024444444444444446 0.036243822075782535
0 0.6894444444444444 0.39456342668863265 0.04 0.05601317957166392
0 0.17444444444444446 0.36079077429983525 0.04 0.04942339373970346
0 0.7933333333333333 0.3517298187808896 0.03888888888888889 0.04942339373970346
0 0.5377777777777778 0.6935749588138386 0.03666666666666667 0.047775947281713346
0 0.6888888888888889 0.31219110378912684 0.03666666666666667 0.05271828665568369
0 0.8444444444444444 0.30807248764415157 0.03666666666666667 0.04942339373970346
0 0.43444444444444447 0.7372322899505767 0.03888888888888889 0.051070840197693576
0 0.22722222222222221 0.6960461285008237 0.03666666666666667 0.04612850082372323
0 0.33 0.4052718286655684 0.03777777777777778 0.047775947281713346
0 0.33055555555555555 0.6507413509060955 0.03777777777777778 0.054365733113673806
0 0.485 0.5214168039538715 0.04 0.047775947281713346
0 0.6388888888888888 0.30971993410214166 0.03666666666666667 0.05271828665568369
0 0.43444444444444447 0.6482701812191104 0.03666666666666667 0.05271828665568369
0 0.7416666666666667 0.3113673805601318 0.03333333333333333 0.044481054365733116
0 0.12222222222222222 0.27677100494233936 0.03666666666666667 0.051070840197693576
0 0.5877777777777777 0.3970345963756178 0.03666666666666667 0.047775947281713346
0 0.5366666666666666 0.357495881383855 0.03666666666666667 0.042833607907743
0 0.32944444444444443 0.3154859967051071 0.03666666666666667 0.04942339373970346
0 0.6388888888888888 0.3970345963756178 0.03666666666666667 0.051070840197693576
0 0.22722222222222221 0.6507413509060955 0.04 0.054365733113673806
0 0.5872222222222222 0.31219110378912684 0.03666666666666667 0.047775947281713346
0 0.32944444444444443 0.3599670510708402 0.03666666666666667 0.04942339373970346
0 0.8438888888888889 0.3517298187808896 0.03777777777777778 0.047775947281713346
0 0.2772222222222222 0.3599670510708402 0.03666666666666667 0.047775947281713346
0 0.5372222222222223 0.3986820428336079 0.03777777777777778 0.04942339373970346
0 0.5361111111111111 0.3130148270181219 0.03666666666666667 0.05271828665568369
0 0.22555555555555556 0.36079077429983525 0.035555555555555556 0.047775947281713346
0 0.5883333333333334 0.35502471169686983 0.03777777777777778 0.04612850082372323
0 0.3811111111111111 0.3154859967051071 0.03888888888888889 0.054365733113673806
0 0.225 0.40362438220757824 0.03888888888888889 0.051070840197693576
0 0.7405555555555555 0.26688632619439867 0.03666666666666667 0.05271828665568369