0 0.46444444444444444 0.12868852459016394 0.03777777777777778 0.047540983606557376
0 0.7155555555555555 0.31065573770491806 0.035555555555555556 0.047540983606557376
0 0.455 0.5114754098360655 0.03666666666666667 0.04262295081967213
0 0.8688888888888889 0.47622950819672133 0.035555555555555556 0.04590163934426229
0 0.5616666666666666 0.34508196721311474 0.03333333333333333 0.03770491803278689
0 0.4533333333333333 0.5508196721311476 0.03777777777777778 0.04590163934426229
0 0.13555555555555557 0.7565573770491804 0.03777777777777778 0.05081967213114754
0 0.0961111111111111 0.29098360655737704 0.03888888888888889 0.05081967213114754
0 0.295 0.6754098360655738 0.03888888888888889 0.05081967213114754
0 0.8655555555555555 0.6049180327868853 0.03666666666666667 0.05081967213114754
0 0.1938888888888889 0.5467213114754098 0.035555555555555556 0.04426229508196721
0 0.56 0.430327868852459 0.03666666666666667 0.04918032786885246
0 0.195 0.5057377049180328 0.034444444444444444 0.047540983606557376
0 0.7088888888888889 0.6418032786885246 0.035555555555555556 0.04426229508196721
0 0.6061111111111112 0.6795081967213115 0.03333333333333333 0.04426229508196721
0 0.18777777777777777 0.7540983606557377 0.034444444444444444 0.04590163934426229
0 0.6627777777777778 0.3918032786885246 0.035555555555555556 0.047540983606557376
0 0.6055555555555555 0.7213114754098361 0.03222222222222222 0.04590163934426229
0 0.92 0.4385245901639344 0.03666666666666667 0.04262295081967213
0 0.5583333333333333 0.47622950819672133 0.03777777777777778 0.05245901639344262
0 0.24 0.7581967213114754 0.03777777777777778 0.04918032786885246
0 0.40555555555555556 0.3877049180327869 0.03333333333333333 0.04262295081967213
0 0.18722222222222223 0.7942622950819672 0.034444444444444444 0.047540983606557376
0 0.8705555555555555 0.3549180327868853 0.035555555555555556 0.04590163934426229
0 0.09888888888888889 0.20901639344262296 0.03666666666666667 0.047540983606557376
0 0.5138888888888888 0.2860655737704918 0.04555555555555556 0.04426229508196721
0 0.6572222222222223 0.639344262295082 0.03222222222222222 0.04426229508196721
0 0.18666666666666668 0.8352459016393443 0.035555555555555556 0.047540983606557376
0 0.1461111111111111 0.38114754098360654 0.035555555555555556 0.04426229508196721
0 0.14777777777777779 0.29508196721311475 0.034444444444444444 0.04590163934426229
0 0.9155555555555556 0.728688524590164 0.03777777777777778 0.04918032786885246
0 0.8688888888888889 0.4344262295081967 0.034444444444444444 0.04426229508196721
0 0.9172222222222223 0.6467213114754098 0.03888888888888889 0.04918032786885246
0 0.2961111111111111 0.6303278688524591 0.03888888888888889 0.04918032786885246
0 0.4477777777777778 0.8 0.03777777777777778 0.04590163934426229
0 0.5644444444444444 0.26229508196721313 0.035555555555555556 0.04426229508196721
0 0.3977777777777778 0.7172131147540983 0.035555555555555556 0.04590163934426229
0 0.5172222222222222 0.1180327868852459 0.044444444444444446 0.03934426229508197
0 0.13833333333333334 0.6278688524590164 0.03888888888888889 0.04918032786885246
0 0.3977777777777778 0.6778688524590164 0.03666666666666667 0.04590163934426229
0 0.9138888888888889 0.809016393442623 0.03888888888888889 0.04918032786885246
0 0.5161111111111111 0.15245901639344261 0.043333333333333335 0.04262295081967213
0 0.44555555555555554 0.8860655737704918 0.03888888888888889 0.05245901639344262
0 0.6033333333333334 0.8401639344262295 0.03666666666666667 0.04262295081967213
0 0.6044444444444445 0.7622950819672131 0.03333333333333333 0.04262295081967213
0 0.2966666666666667 0.589344262295082 0.03777777777777778 0.04918032786885246
0 0.13944444444444445 0.5860655737704918 0.035555555555555556 0.04590163934426229
0 0.8655555555555555 0.5614754098360656 0.03111111111111111 0.040983606557377046
0 0.4488888888888889 0.6762295081967213 0.03666666666666667 0.04426229508196721
0 0.7055555555555556 0.8081967213114755 0.03111111111111111 0.040983606557377046
0 0.14222222222222222 0.5450819672131147 0.034444444444444444 0.04426229508196721
0 0.23777777777777778 0.8844262295081967 0.035555555555555556 0.04426229508196721
0 0.4483333333333333 0.7598360655737705 0.03666666666666667 0.04426229508196721
0 0.915 0.7688524590163934 0.035555555555555556 0.04426229508196721
0 0.7088888888888889 0.6827868852459016 0.03666666666666667 0.047540983606557376
0 0.9127777777777778 0.8532786885245902 0.03888888888888889 0.04918032786885246
0 0.1438888888888889 0.46311475409836067 0.03666666666666667 0.047540983606557376
0 0.9166666666666666 0.6877049180327869 0.03666666666666667 0.04590163934426229
0 0.8211111111111111 0.22950819672131148 0.03666666666666667 0.04918032786885246
0 0.6533333333333333 0.8450819672131148 0.034444444444444444 0.05081967213114754
0 0.7077777777777777 0.7237704918032787 0.034444444444444444 0.04426229508196721
0 0.44666666666666666 0.8418032786885246 0.03777777777777778 0.04590163934426229
0 0.39666666666666667 0.7573770491803279 0.035555555555555556 0.047540983606557376
0 0.5138888888888888 0.2532786885245902 0.042222222222222223 0.03770491803278689
0 0.515 0.1860655737704918 0.04555555555555556 0.03114754098360656
0 0.6038888888888889 0.8032786885245902 0.03666666666666667 0.03770491803278689
0 0.7044444444444444 0.8491803278688524 0.03333333333333333 0.04426229508196721
0 0.13722222222222222 0.669672131147541 0.028888888888888888 0.04262295081967213
0 0.6561111111111111 0.8040983606557377 0.03666666666666667 0.03114754098360656
0 0.5138888888888888 0.7172131147540983 0.02666666666666667 0.03934426229508197
0 0.5072222222222222 0.46967213114754097 0.03888888888888889 0.03770491803278689
0 0.39444444444444443 0.840983606557377 0.03333333333333333 0.04262295081967213
0 0.14277777777777778 0.5057377049180328 0.03666666666666667 0.047540983606557376
0 0.6577777777777778 0.5975409836065574 0.035555555555555556 0.04426229508196721
0 0.10055555555555555 0.16639344262295083 0.03666666666666667 0.05245901639344262
0 0.9166666666666666 0.6024590163934426 0.035555555555555556 0.04590163934426229
0 0.6005555555555555 0.8885245901639345 0.04111111111111111 0.054098360655737705
0 0.7683333333333333 0.3114754098360656 0.03777777777777778 0.04918032786885246
0 0.13666666666666666 0.7114754098360656 0.03666666666666667 0.04590163934426229
0 0.7066666666666667 0.7639344262295082 0.035555555555555556 0.04918032786885246
0 0.6561111111111111 0.7229508196721312 0.035555555555555556 0.04590163934426229
0 0.4077777777777778 0.30245901639344264 0.03666666666666667 0.04590163934426229
0 0.30777777777777776 0.17049180327868851 0.03666666666666667 0.047540983606557376
0 0.41055555555555556 0.17049180327868851 0.03888888888888889 0.05573770491803279
0 0.71 0.601639344262295 0.03777777777777778 0.04918032786885246
0 0.4494444444444444 0.7172131147540983 0.03777777777777778 0.05081967213114754
0 0.40055555555555555 0.5926229508196721 0.03333333333333333 0.04590163934426229
0 0.09722222222222222 0.25 0.035555555555555556 0.04426229508196721
0 0.2388888888888889 0.8426229508196721 0.03666666666666667 0.04918032786885246
0 0.8666666666666667 0.5204918032786885 0.03111111111111111 0.047540983606557376
0 0.2011111111111111 0.25573770491803277 0.034444444444444444 0.04590163934426229
0 0.35777777777777775 0.2614754098360656 0.03777777777777778 0.05245901639344262
0 0.7705555555555555 0.22704918032786886 0.035555555555555556 0.047540983606557376
0 0.25222222222222224 0.2540983606557377 0.03666666666666667 0.047540983606557376
0 0.19944444444444445 0.29508196721311475 0.035555555555555556 0.04590163934426229
0 0.8711111111111111 0.3155737704918033 0.03666666666666667 0.04262295081967213
0 0.39444444444444443 0.8844262295081967 0.03888888888888889 0.05245901639344262
0 0.145 0.42131147540983604 0.03666666666666667 0.04590163934426229
0 0.6644444444444444 0.34918032786885245 0.03777777777777778 0.05081967213114754
0 0.6655555555555556 0.2680327868852459 0.03666666666666667 0.05081967213114754
0 0.20222222222222222 0.21065573770491802 0.035555555555555556 0.04918032786885246
0 0.6683333333333333 0.18114754098360655 0.03777777777777778 0.047540983606557376
0 0.3011111111111111 0.3836065573770492 0.03777777777777778 0.047540983606557376
0 0.6111111111111112 0.43278688524590164 0.035555555555555556 0.047540983606557376
0 0.3 0.4245901639344262 0.03666666666666667 0.04426229508196721
0 0.6066666666666667 0.639344262295082 0.03777777777777778 0.047540983606557376
0 0.4088888888888889 0.26229508196721313 0.03666666666666667 0.047540983606557376
0 0.7166666666666667 0.26885245901639343 0.03777777777777778 0.04918032786885246
0 0.7666666666666667 0.35737704918032787 0.03666666666666667 0.04918032786885246
0 0.66 0.5557377049180328 0.03666666666666667 0.047540983606557376
0 0.46055555555555555 0.26229508196721313 0.03111111111111111 0.04426229508196721
0 0.25055555555555553 0.3401639344262295 0.03666666666666667 0.047540983606557376
0 0.4022222222222222 0.5098360655737705 0.03777777777777778 0.04590163934426229
0 0.40555555555555556 0.34508196721311474 0.03777777777777778 0.05081967213114754
0 0.6083333333333333 0.5565573770491803 0.03666666666666667 0.04918032786885246
0 0.7138888888888889 0.43278688524590164 0.03333333333333333 0.04426229508196721
0 0.19666666666666666 0.42213114754098363 0.03777777777777778 0.047540983606557376
0 0.30666666666666664 0.21311475409836064 0.03666666666666667 0.047540983606557376
0 0.8744444444444445 0.14098360655737704 0.04 0.054098360655737705
0 0.4583333333333333 0.3836065573770492 0.03777777777777778 0.04918032786885246
0 0.24944444444444444 0.3819672131147541 0.03777777777777778 0.04590163934426229
0 0.8194444444444444 0.31311475409836065 0.035555555555555556 0.047540983606557376
0 0.3038888888888889 0.2975409836065574 0.03888888888888889 0.04918032786885246
0 0.30277777777777776 0.3418032786885246 0.034444444444444444 0.04590163934426229
0 0.8222222222222222 0.18688524590163935 0.035555555555555556 0.047540983606557376
0 0.25166666666666665 0.2959016393442623 0.03777777777777778 0.04918032786885246
0 0.7705555555555555 0.1860655737704918 0.03222222222222222 0.04590163934426229
0 0.6666666666666666 0.22295081967213115 0.035555555555555556 0.04590163934426229
0 0.7183333333333334 0.18442622950819673 0.034444444444444444 0.047540983606557376
0 0.6161111111111112 0.22295081967213115 0.03777777777777778 0.04918032786885246
0 0.6638888888888889 0.30901639344262294 0.03222222222222222 0.03770491803278689
0 0.46 0.30573770491803276 0.034444444444444444 0.047540983606557376
0 0.7733333333333333 0.13852459016393442 0.03777777777777778 0.054098360655737705
0 0.7144444444444444 0.3524590163934426 0.034444444444444444 0.04590163934426229
0 0.24166666666666667 0.7147540983606557 0.03777777777777778 0.047540983606557376
0 0.8205555555555556 0.2721311475409836 0.035555555555555556 0.04590163934426229
0 0.19722222222222222 0.3360655737704918 0.03666666666666667 0.04918032786885246
0 0.8177777777777778 0.3959016393442623 0.03777777777777778 0.05245901639344262
0 0.1922222222222222 0.5877049180327869 0.03777777777777778 0.04918032786885246
0 0.45555555555555555 0.4704918032786885 0.03666666666666667 0.04918032786885246
0 0.925 0.27049180327868855 0.03666666666666667 0.04918032786885246
0 0.25555555555555554 0.16721311475409836 0.03888888888888889 0.054098360655737705
0 0.45222222222222225 0.5926229508196721 0.04111111111111111 0.05081967213114754
0 0.4622222222222222 0.21967213114754097 0.03333333333333333 0.047540983606557376
0 0.7127777777777777 0.4745901639344262 0.034444444444444444 0.047540983606557376
0 0.6177777777777778 0.17950819672131146 0.03666666666666667 0.047540983606557376
0 0.29888888888888887 0.46557377049180326 0.03777777777777778 0.047540983606557376
0 0.5616666666666666 0.3860655737704918 0.035555555555555556 0.04918032786885246
0 0.2477777777777778 0.4639344262295082 0.03888888888888889 0.04918032786885246
0 0.9188888888888889 0.5221311475409836 0.03888888888888889 0.04918032786885246
0 0.45666666666666667 0.42868852459016393 0.03333333333333333 0.04590163934426229
0 0.8738888888888889 0.18770491803278688 0.03777777777777778 0.04918032786885246
0 0.6616666666666666 0.4745901639344262 0.03888888888888889 0.04590163934426229
0 0.5077777777777778 0.42295081967213116 0.044444444444444446 0.054098360655737705
0 0.3088888888888889 0.12295081967213115 0.03888888888888889 0.054098360655737705
0 0.67 0.13442622950819672 0.03777777777777778 0.04918032786885246
0 0.2561111111111111 0.12131147540983607 0.03777777777777778 0.047540983606557376
0 0.6555555555555556 0.7663934426229508 0.03666666666666667 0.047540983606557376
0 0.39555555555555555 0.8008196721311476 0.035555555555555556 0.04918032786885246
0 0.14666666666666667 0.3377049180327869 0.03777777777777778 0.05245901639344262
0 0.1527777777777778 0.16639344262295083 0.03777777777777778 0.05901639344262295
0 0.7138888888888889 0.39262295081967213 0.03333333333333333 0.04262295081967213
0 0.5116666666666667 0.34918032786885245 0.04666666666666667 0.040983606557377046
0 0.5127777777777778 0.32049180327868854 0.043333333333333335 0.03442622950819672
0 0.4011111111111111 0.55 0.03777777777777778 0.04426229508196721
0 0.4622222222222222 0.17295081967213113 0.03888888888888889 0.05081967213114754
0 0.24333333333333335 0.671311475409836 0.03666666666666667 0.04918032786885246
0 0.24444444444444444 0.5877049180327869 0.03777777777777778 0.04918032786885246
0 0.66 0.5147540983606558 0.035555555555555556 0.04426229508196721
0 0.72 0.13852459016393442 0.034444444444444444 0.04918032786885246
0 0.405 0.4278688524590164 0.034444444444444444 0.04590163934426229
0 0.6105555555555555 0.4745901639344262 0.034444444444444444 0.04590163934426229
0 0.29777777777777775 0.5065573770491804 0.03333333333333333 0.04590163934426229
0 0.9205555555555556 0.3983606557377049 0.034444444444444444 0.04590163934426229
0 0.8722222222222222 0.27295081967213114 0.034444444444444444 0.047540983606557376
0 0.9233333333333333 0.3139344262295082 0.03666666666666667 0.047540983606557376
0 0.18833333333333332 0.7131147540983607 0.03333333333333333 0.047540983606557376
0 0.7183333333333334 0.2262295081967213 0.035555555555555556 0.04590163934426229
0 0.9166666666666666 0.5639344262295082 0.035555555555555556 0.04426229508196721
0 0.9194444444444444 0.4778688524590164 0.03666666666666667 0.04918032786885246
0 0.19611111111111112 0.380327868852459 0.03333333333333333 0.04426229508196721
0 0.19 0.6303278688524591 0.03666666666666667 0.04426229508196721
0 0.8727777777777778 0.22868852459016392 0.03888888888888889 0.047540983606557376
0 0.23944444444444443 0.8008196721311476 0.03777777777777778 0.047540983606557376
0 0.6566666666666666 0.6811475409836065 0.03666666666666667 0.047540983606557376
0 0.6094444444444445 0.5155737704918033 0.034444444444444444 0.04590163934426229
0 0.10055555555555555 0.11967213114754098 0.035555555555555556 0.047540983606557376
0 0.19555555555555557 0.4639344262295082 0.035555555555555556 0.04590163934426229
0 0.6155555555555555 0.26721311475409837 0.034444444444444444 0.04918032786885246
0 0.2538888888888889 0.21311475409836064 0.03333333333333333 0.04262295081967213
0 0.5622222222222222 0.30573770491803276 0.03222222222222222 0.047540983606557376
0 0.14888888888888888 0.2540983606557377 0.03222222222222222 0.04426229508196721
0 0.24888888888888888 0.42213114754098363 0.035555555555555556 0.04426229508196721
0 0.6072222222222222 0.5983606557377049 0.034444444444444444 0.047540983606557376
0 0.4088888888888889 0.21721311475409835 0.035555555555555556 0.047540983606557376
0 0.7694444444444445 0.27049180327868855 0.03666666666666667 0.04918032786885246
0 0.71 0.559016393442623 0.03888888888888889 0.04918032786885246
0 0.6194444444444445 0.13278688524590163 0.03666666666666667 0.05245901639344262
0 0.39944444444444444 0.6352459016393442 0.03777777777777778 0.047540983606557376
0 0.7111111111111111 0.5172131147540984 0.035555555555555556 0.047540983606557376
0 0.2038888888888889 0.16557377049180327 0.034444444444444444 0.04918032786885246
0 0.8705555555555555 0.3959016393442623 0.035555555555555556 0.04590163934426229
0 0.8188888888888889 0.3540983606557377 0.03333333333333333 0.04262295081967213
0 0.8238888888888889 0.13934426229508196 0.035555555555555556 0.05081967213114754
0 0.6616666666666666 0.4336065573770492 0.035555555555555556 0.04590163934426229
0 0.6111111111111112 0.3909836065573771 0.034444444444444444 0.04590163934426229
0 0.4588888888888889 0.3442622950819672 0.03222222222222222 0.03770491803278689
0 0.19 0.6721311475409836 0.035555555555555556 0.04590163934426229
0 0.45055555555555554 0.6352459016393442 0.03777777777777778 0.047540983606557376
0 0.6127777777777778 0.35 0.03333333333333333 0.040983606557377046
0 0.24666666666666667 0.5057377049180328 0.035555555555555556 0.047540983606557376
0 0.1511111111111111 0.2122950819672131 0.034444444444444444 0.047540983606557376
0 0.245 0.5459016393442623 0.03333333333333333 0.04262295081967213
0 0.9238888888888889 0.35737704918032787 0.035555555555555556 0.04590163934426229
0 0.2972222222222222 0.5475409836065573 0.03666666666666667 0.04426229508196721
0 0.4022222222222222 0.4680327868852459 0.03666666666666667 0.04426229508196721
0 0.5138888888888888 0.21885245901639344 0.04777777777777778 0.04590163934426229
0 0.3055555555555556 0.25573770491803277 0.034444444444444444 0.04426229508196721
0 0.6133333333333333 0.3114754098360656 0.03333333333333333 0.04590163934426229
0 0.24333333333333335 0.6303278688524591 0.034444444444444444 0.04590163934426229
0 0.18611111111111112 0.8803278688524591 0.04 0.04918032786885246