0 0.3325 0.6598101265822784 0.035 0.03481012658227848
0 0.70375 0.3425632911392405 0.02125 0.02689873417721519
0 0.49625 0.3338607594936709 0.035 0.022151898734177215
0 0.498125 0.37183544303797467 0.03625 0.022151898734177215
0 0.513125 0.6131329113924051 0.0175 0.022151898734177215
0 0.511875 0.5743670886075949 0.02125 0.015822784810126583
0 0.499375 0.3536392405063291 0.0225 0.0189873417721519
0 0.498125 0.3916139240506329 0.0275 0.0189873417721519
0 0.496875 0.4161392405063291 0.03375 0.03164556962025317
0 0.511875 0.5933544303797469 0.02125 0.020569620253164556
0 0.513125 0.6337025316455697 0.0175 0.015822784810126583
0 0.51125 0.6503164556962026 0.02125 0.0189873417721519
0 0.510625 0.6661392405063291 0.02 0.00949367088607595
0 0.510625 0.6787974683544303 0.01875 0.014240506329113924
0 0.51 0.694620253164557 0.02 0.022151898734177215
0 0.60625 0.8488924050632911 0.0325 0.02689873417721519
0 0.441875 0.8789556962025317 0.03625 0.03639240506329114
0 0.22125 0.8164556962025317 0.035 0.03481012658227848
0 0.276875 0.46677215189873417 0.03625 0.03481012658227848
0 0.2225 0.5300632911392406 0.0325 0.03164556962025317
0 0.826875 0.46914556962025317 0.03375 0.03322784810126582
0 0.6075 0.6914556962025317 0.035 0.03164556962025317
0 0.73 0.46914556962025317 0.0225 0.02689873417721519
0 0.4425 0.49920886075949367 0.0325 0.03322784810126582
0 0.276875 0.3694620253164557 0.03375 0.03639240506329114
0 0.2225 0.40348101265822783 0.0325 0.03164556962025317
0 0.66125 0.5308544303797469 0.0325 0.02689873417721519
0 0.883125 0.4074367088607595 0.03375 0.03955696202531646
0 0.221875 0.5 0.03125 0.03164556962025317
0 0.220625 0.627373417721519 0.03625 0.03322784810126582
0 0.4425 0.46598101265822783 0.035 0.03322784810126582
0 0.275625 0.879746835443038 0.03375 0.03164556962025317
0 0.6075 0.6598101265822784 0.035 0.03164556962025317
0 0.661875 0.40585443037974683 0.03125 0.03322784810126582
0 0.275625 0.8488924050632911 0.03375 0.030063291139240507
0 0.276875 0.5933544303797469 0.03625 0.03481012658227848
0 0.55125 0.5308544303797469 0.0325 0.030063291139240507
0 0.27625 0.5316455696202531 0.035 0.028481012658227847
0 0.3875 0.5292721518987342 0.035 0.030063291139240507
0 0.71875 0.7223101265822784 0.0325 0.03322784810126582
0 0.6625 0.372626582278481 0.035 0.03322784810126582
0 0.826875 0.627373417721519 0.03375 0.030063291139240507
0 0.551875 0.4651898734177215 0.03125 0.03164556962025317
0 0.27625 0.6574367088607594 0.035 0.03322784810126582
0 0.771875 0.5007911392405063 0.03375 0.03322784810126582
0 0.3875 0.43354430379746833 0.0325 0.03164556962025317
0 0.771875 0.43829113924050633 0.03375 0.03164556962025317
0 0.275625 0.6265822784810127 0.03375 0.03164556962025317
0 0.663125 0.6590189873417721 0.03375 0.03322784810126582
0 0.718125 0.6281645569620253 0.03375 0.03164556962025317
0 0.22125 0.6867088607594937 0.035 0.03481012658227848
0 0.1675 0.37183544303797467 0.0375 0.04113924050632911
0 0.8825 0.564873417721519 0.035 0.03481012658227848
0 0.22125 0.7207278481012658 0.035 0.03322784810126582
0 0.661875 0.6265822784810127 0.03625 0.03164556962025317
0 0.3325 0.5632911392405063 0.0325 0.03164556962025317
0 0.22125 0.5617088607594937 0.035 0.03481012658227848
0 0.661875 0.7223101265822784 0.03375 0.03639240506329114
0 0.3325 0.5933544303797469 0.0325 0.03164556962025317
0 0.771875 0.5332278481012658 0.03375 0.03164556962025317
0 0.3325 0.43591772151898733 0.035 0.03322784810126582
0 0.388125 0.49841772151898733 0.03625 0.03164556962025317
0 0.7175 0.5632911392405063 0.0325 0.028481012658227847
0 0.82625 0.5015822784810127 0.035 0.03164556962025317
0 0.221875 0.43591772151898733 0.03375 0.03322784810126582
0 0.77375 0.5640822784810127 0.035 0.03322784810126582
0 0.27625 0.817246835443038 0.035 0.03322784810126582
0 0.6075 0.40189873417721517 0.0375 0.04113924050632911
0 0.221875 0.46835443037974683 0.03625 0.03164556962025317
0 0.3325 0.6257911392405063 0.035 0.03322784810126582
0 0.660625 0.5007911392405063 0.03375 0.03322784810126582
0 0.221875 0.5941455696202531 0.03625 0.03322784810126582
0 0.826875 0.564873417721519 0.03375 0.03164556962025317
0 0.11 0.7215189873417721 0.0375 0.0379746835443038
0 0.2775 0.4050632911392405 0.035 0.03481012658227848
0 0.718125 0.5316455696202531 0.03375 0.03481012658227848
0 0.6075 0.5332278481012658 0.0375 0.0379746835443038
0 0.6075 0.6289556962025317 0.0375 0.03322784810126582
0 0.66125 0.4375 0.0325 0.030063291139240507
0 0.551875 0.6281645569620253 0.03375 0.03481012658227848
0 0.510625 0.877373417721519 0.02125 0.030063291139240507
0 0.88375 0.7191455696202531 0.035 0.03955696202531646
0 0.883125 0.6906645569620253 0.03375 0.030063291139240507
0 0.6075 0.5680379746835443 0.035 0.03164556962025317
0 0.77375 0.6234177215189873 0.035 0.0379746835443038
0 0.7175 0.685126582278481 0.0325 0.04113924050632911
0 0.828125 0.8488924050632911 0.03375 0.03322784810126582
0 0.51 0.8528481012658228 0.0225 0.022151898734177215
0 0.551875 0.6882911392405063 0.03125 0.03164556962025317
0 0.8275 0.7215189873417721 0.0325 0.03481012658227848
0 0.828125 0.8789556962025317 0.03625 0.03639240506329114
0 0.773125 0.5973101265822784 0.03375 0.03322784810126582
0 0.828125 0.7856012658227848 0.03625 0.03322784810126582
0 0.71875 0.8781645569620253 0.035 0.03164556962025317
0 0.605625 0.8694620253164557 0.03875 0.055379746835443035
0 0.498125 0.7919303797468354 0.03125 0.02689873417721519
0 0.716875 0.372626582278481 0.03375 0.02689873417721519
0 0.73 0.3401898734177215 0.0225 0.03164556962025317
0 0.88375 0.8481012658227848 0.035 0.028481012658227847
0 0.8825 0.439873417721519 0.0325 0.028481012658227847
0 0.499375 0.5395569620253164 0.03625 0.02531645569620253
0 0.82875 0.817246835443038 0.035 0.03322784810126582
0 0.828125 0.694620253164557 0.03375 0.03481012658227848
0 0.096875 0.3401898734177215 0.02125 0.028481012658227847
0 0.55125 0.7848101265822784 0.0325 0.03164556962025317
0 0.441875 0.6566455696202531 0.03125 0.03164556962025317
0 0.123125 0.33939873417721517 0.02375 0.02689873417721519
0 0.773125 0.6598101265822784 0.03625 0.03164556962025317
0 0.6075 0.5909810126582279 0.0375 0.03955696202531646
0 0.718125 0.8496835443037974 0.03375 0.03164556962025317
0 0.11 0.40348101265822783 0.035 0.03481012658227848
0 0.551875 0.8140822784810127 0.03625 0.03322784810126582
0 0.095 0.435126582278481 0.0225 0.028481012658227847
0 0.11 0.37183544303797467 0.035 0.03164556962025317
0 0.095 0.4675632911392405 0.02 0.02689873417721519
0 0.718125 0.6590189873417721 0.03125 0.030063291139240507
0 0.121875 0.497626582278481 0.02375 0.030063291139240507
0 0.22125 0.8504746835443038 0.0325 0.03322784810126582
0 0.884375 0.6257911392405063 0.03625 0.03322784810126582
0 0.73 0.49920886075949367 0.0225 0.030063291139240507
0 0.7025 0.46835443037974683 0.02 0.028481012658227847
0 0.883125 0.752373417721519 0.03625 0.03322784810126582
0 0.88375 0.8164556962025317 0.0375 0.03164556962025317
0 0.4425 0.625 0.0325 0.03164556962025317
0 0.606875 0.46677215189873417 0.03125 0.028481012658227847
0 0.443125 0.439873417721519 0.03625 0.02531645569620253
0 0.88375 0.8781645569620253 0.0375 0.03481012658227848
0 0.60625 0.43591772151898733 0.0325 0.030063291139240507
0 0.498125 0.5087025316455697 0.03625 0.03639240506329114
0 0.828125 0.754746835443038 0.03375 0.03164556962025317
0 0.881875 0.7840189873417721 0.03625 0.03322784810126582
0 0.60625 0.8188291139240507 0.0375 0.03322784810126582
0 0.2775 0.7215189873417721 0.0325 0.03481012658227848
0 0.221875 0.879746835443038 0.03375 0.03481012658227848
0 0.44125 0.7848101265822784 0.035 0.03164556962025317
0 0.605625 0.7863924050632911 0.03625 0.03481012658227848
0 0.55125 0.43591772151898733 0.0325 0.02689873417721519
0 0.883125 0.5973101265822784 0.03375 0.03322784810126582
0 0.551875 0.7223101265822784 0.03375 0.03322784810126582
0 0.441875 0.8481012658227848 0.03375 0.028481012658227847
0 0.44125 0.817246835443038 0.035 0.03322784810126582
0 0.71625 0.40427215189873417 0.035 0.03322784810126582
0 0.551875 0.7539556962025317 0.03375 0.03322784810126582
0 0.3325 0.372626582278481 0.035 0.03322784810126582
0 0.276875 0.43670886075949367 0.03375 0.028481012658227847
0 0.109375 0.5617088607594937 0.03625 0.03164556962025317
0 0.718125 0.8180379746835443 0.03375 0.03164556962025317
0 0.331875 0.3401898734177215 0.03875 0.03481012658227848
0 0.27625 0.7539556962025317 0.035 0.03322784810126582
0 0.883125 0.5007911392405063 0.03375 0.030063291139240507
0 0.4425 0.5300632911392406 0.0325 0.03164556962025317
0 0.11 0.6242088607594937 0.035 0.030063291139240507
0 0.443125 0.5933544303797469 0.03125 0.03164556962025317
0 0.109375 0.5292721518987342 0.03625 0.03639240506329114
0 0.6075 0.49920886075949367 0.0325 0.03322784810126582
0 0.443125 0.5625 0.03375 0.03322784810126582
0 0.77375 0.7231012658227848 0.0325 0.03481012658227848
0 0.773125 0.6906645569620253 0.03375 0.030063291139240507
0 0.1225 0.46677215189873417 0.0225 0.028481012658227847
0 0.441875 0.7531645569620253 0.03375 0.03481012658227848
0 0.5525 0.8473101265822784 0.035 0.03322784810126582
0 0.3875 0.5632911392405063 0.035 0.03164556962025317
0 0.661875 0.7887658227848101 0.03625 0.03639240506329114
0 0.8825 0.4675632911392405 0.0325 0.03322784810126582
0 0.10875 0.6875 0.035 0.030063291139240507
0 0.5525 0.5949367088607594 0.0325 0.03481012658227848
0 0.730625 0.4375 0.02375 0.03322784810126582
0 0.828125 0.6590189873417721 0.03625 0.03322784810126582
0 0.718125 0.7863924050632911 0.03125 0.03164556962025317
0 0.66125 0.7555379746835443 0.035 0.03322784810126582
0 0.771875 0.46914556962025317 0.03375 0.030063291139240507
0 0.333125 0.46835443037974683 0.03375 0.03164556962025317
0 0.608125 0.7223101265822784 0.03375 0.03322784810126582
0 0.5525 0.5625 0.0325 0.030063291139240507
0 0.4425 0.6906645569620253 0.035 0.03639240506329114
0 0.770625 0.40427215189873417 0.03125 0.03322784810126582
0 0.826875 0.43908227848101267 0.03375 0.030063291139240507
0 0.6625 0.689873417721519 0.0325 0.028481012658227847
0 0.12375 0.43354430379746833 0.0275 0.03481012658227848
0 0.22125 0.7531645569620253 0.0325 0.03164556962025317
0 0.22125 0.6566455696202531 0.035 0.028481012658227847
0 0.441875 0.7223101265822784 0.03375 0.030063291139240507
0 0.8825 0.6598101265822784 0.0375 0.03481012658227848
0 0.5525 0.6590189873417721 0.0325 0.030063291139240507
0 0.8825 0.5316455696202531 0.0325 0.028481012658227847
0 0.221875 0.3694620253164557 0.03375 0.03322784810126582
0 0.7175 0.754746835443038 0.0325 0.03164556962025317
0 0.498125 0.4525316455696203 0.03375 0.0379746835443038
0 0.660625 0.34098101265822783 0.03375 0.03322784810126582
0 0.605625 0.7539556962025317 0.03625 0.03322784810126582
0 0.553125 0.8805379746835443 0.03375 0.03322784810126582
0 0.220625 0.7848101265822784 0.03375 0.03164556962025317
0 0.2775 0.689873417721519 0.0325 0.03164556962025317
0 0.275625 0.7863924050632911 0.03375 0.03164556962025317
0 0.276875 0.5617088607594937 0.03375 0.03164556962025317
0 0.11 0.5941455696202531 0.035 0.03322784810126582
0 0.3325 0.40348101265822783 0.035 0.03164556962025317
0 0.703125 0.43670886075949367 0.02125 0.02531645569620253
0 0.38875 0.40031645569620256 0.0375 0.03481012658227848
0 0.3325 0.5 0.035 0.03164556962025317
0 0.109375 0.6566455696202531 0.03875 0.03481012658227848
0 0.828125 0.5965189873417721 0.03375 0.03164556962025317
0 0.551875 0.49841772151898733 0.03375 0.03164556962025317
0 0.8275 0.40664556962025317 0.035 0.03481012658227848
0 0.716875 0.5957278481012658 0.03375 0.03322784810126582
0 0.44375 0.40585443037974683 0.0375 0.04588607594936709
0 0.82625 0.5332278481012658 0.035 0.03164556962025317
0 0.331875 0.5300632911392406 0.03375 0.03164556962025317
0 0.660625 0.46914556962025317 0.03375 0.03322784810126582
0 0.661875 0.5957278481012658 0.03375 0.03322784810126582
0 0.276875 0.49920886075949367 0.03625 0.03322784810126582
0 0.3875 0.46677215189873417 0.035 0.03481012658227848
0 0.6625 0.5625 0.035 0.03322784810126582
0 0.550625 0.40348101265822783 0.03375 0.0379746835443038