0 0.9355555555555556 0.41885245901639345 0.04 0.05081967213114754
0 0.5588888888888889 0.12049180327868853 0.05 0.05245901639344262
0 0.7316666666666667 0.3590163934426229 0.04111111111111111 0.05245901639344262
0 0.7444444444444445 0.660655737704918 0.043333333333333335 0.05901639344262295
0 0.3988888888888889 0.13852459016393442 0.044444444444444446 0.06229508196721312
0 0.405 0.09180327868852459 0.044444444444444446 0.06229508196721312
0 0.45611111111111113 0.10573770491803279 0.044444444444444446 0.060655737704918035
0 0.7383333333333333 0.7032786885245902 0.043333333333333335 0.05737704918032787
0 0.7894444444444444 0.7155737704918033 0.04 0.054098360655737705
0 0.7261111111111112 0.7844262295081967 0.042222222222222223 0.05737704918032787
0 0.4494444444444444 0.15245901639344261 0.04666666666666667 0.06557377049180328
0 0.7561111111111111 0.578688524590164 0.044444444444444446 0.05901639344262295
0 0.79 0.3319672131147541 0.044444444444444446 0.06229508196721312
0 0.7616666666666667 0.5368852459016393 0.04555555555555556 0.05573770491803279
0 0.8055555555555556 0.5934426229508196 0.043333333333333335 0.05737704918032787
0 0.20277777777777778 0.03278688524590164 0.04666666666666667 0.06557377049180328
0 0.7505555555555555 0.6204918032786885 0.042222222222222223 0.05573770491803279
0 0.38055555555555554 0.260655737704918 0.043333333333333335 0.05901639344262295
0 0.6488888888888888 0.5926229508196721 0.042222222222222223 0.05901639344262295
0 0.8522222222222222 0.26311475409836066 0.04555555555555556 0.06721311475409836
0 0.2972222222222222 0.10655737704918032 0.043333333333333335 0.05901639344262295
0 0.2727777777777778 0.2754098360655738 0.044444444444444446 0.060655737704918035
0 0.3477777777777778 0.12295081967213115 0.04555555555555556 0.05901639344262295
0 0.25222222222222224 0.04918032786885246 0.04555555555555556 0.06393442622950819
0 0.8722222222222222 0.4852459016393443 0.044444444444444446 0.05901639344262295
0 0.23277777777777778 0.1778688524590164 0.04777777777777778 0.06229508196721312
0 0.6366666666666667 0.6737704918032786 0.043333333333333335 0.060655737704918035
0 0.8333333333333334 0.3909836065573771 0.042222222222222223 0.05737704918032787
0 0.6983333333333334 0.6065573770491803 0.04111111111111111 0.05573770491803279
0 0.6605555555555556 0.509016393442623 0.043333333333333335 0.060655737704918035
0 0.5 0.16311475409836065 0.04555555555555556 0.060655737704918035
0 0.30277777777777776 0.06229508196721312 0.04666666666666667 0.06229508196721312
0 0.8277777777777777 0.4319672131147541 0.042222222222222223 0.054098360655737705
0 0.7211111111111111 0.8262295081967214 0.043333333333333335 0.05737704918032787
0 0.7938888888888889 0.6745901639344263 0.04111111111111111 0.05245901639344262
0 0.8227777777777778 0.4713114754098361 0.04111111111111111 0.05245901639344262
0 0.5066666666666667 0.11967213114754098 0.044444444444444446 0.060655737704918035
0 0.6805555555555556 0.34590163934426227 0.043333333333333335 0.05737704918032787
0 0.6933333333333334 0.65 0.042222222222222223 0.05901639344262295
0 0.6822222222222222 0.730327868852459 0.043333333333333335 0.060655737704918035
0 0.62 0.7975409836065573 0.043333333333333335 0.05901639344262295
0 0.8605555555555555 0.5672131147540984 0.043333333333333335 0.060655737704918035
0 0.7322222222222222 0.7434426229508196 0.03888888888888889 0.05081967213114754
0 0.2788888888888889 0.2319672131147541 0.042222222222222223 0.05737704918032787
0 0.8388888888888889 0.34918032786885245 0.042222222222222223 0.05901639344262295
0 0.705 0.5639344262295082 0.04 0.05245901639344262
0 0.7833333333333333 0.7557377049180328 0.042222222222222223 0.05737704918032787
0 0.2611111111111111 0.35655737704918034 0.043333333333333335 0.05901639344262295
0 0.7105555555555556 0.5229508196721312 0.03888888888888889 0.05245901639344262
0 0.8961111111111111 0.3180327868852459 0.04666666666666667 0.06557377049180328
0 0.7833333333333333 0.37540983606557377 0.04 0.05245901639344262
0 0.31222222222222223 0.3721311475409836 0.044444444444444446 0.05737704918032787
0 0.3238888888888889 0.289344262295082 0.044444444444444446 0.05573770491803279
0 0.5877777777777777 0.2754098360655738 0.03888888888888889 0.05573770491803279
0 0.37444444444444447 0.30327868852459017 0.043333333333333335 0.05901639344262295
0 0.7155555555555555 0.48360655737704916 0.04111111111111111 0.05245901639344262
0 0.33444444444444443 0.20901639344262296 0.043333333333333335 0.05737704918032787
0 0.24055555555555555 0.1319672131147541 0.044444444444444446 0.05901639344262295
0 0.665 0.8508196721311475 0.044444444444444446 0.05573770491803279
0 0.6761111111111111 0.3860655737704918 0.04111111111111111 0.054098360655737705
0 0.34055555555555556 0.16557377049180327 0.043333333333333335 0.05901639344262295
0 0.29055555555555557 0.15081967213114755 0.043333333333333335 0.05901639344262295
0 0.7205555555555555 0.44098360655737706 0.04111111111111111 0.05081967213114754
0 0.8172222222222222 0.5122950819672131 0.04111111111111111 0.05245901639344262
0 0.6033333333333334 0.9188524590163935 0.04111111111111111 0.05737704918032787
0 0.705 0.9377049180327869 0.044444444444444446 0.04426229508196721
0 0.31777777777777777 0.32786885245901637 0.04111111111111111 0.054098360655737705
0 0.5938888888888889 0.230327868852459 0.03888888888888889 0.05573770491803279
0 0.6527777777777778 0.9327868852459016 0.044444444444444446 0.05901639344262295
0 0.8161111111111111 0.8942622950819672 0.042222222222222223 0.05901639344262295
0 0.6872222222222222 0.3040983606557377 0.042222222222222223 0.05737704918032787
0 0.25 0.4360655737704918 0.04555555555555556 0.05737704918032787
0 0.7372222222222222 0.319672131147541 0.04111111111111111 0.054098360655737705
0 0.7661111111111111 0.8778688524590164 0.042222222222222223 0.05573770491803279
0 0.8111111111111111 0.5508196721311476 0.042222222222222223 0.05737704918032787
0 0.7155555555555555 0.8655737704918033 0.043333333333333335 0.05573770491803279
0 0.8833333333333333 0.40409836065573773 0.044444444444444446 0.05737704918032787
0 0.8383333333333334 0.7311475409836066 0.043333333333333335 0.05737704918032787
0 0.8777777777777778 0.44508196721311477 0.04111111111111111 0.05081967213114754
0 0.9244444444444444 0.5 0.044444444444444446 0.05901639344262295
0 0.7783333333333333 0.4163934426229508 0.043333333333333335 0.05737704918032787
0 0.7605555555555555 0.9204918032786885 0.042222222222222223 0.05901639344262295
0 0.625 0.7540983606557377 0.042222222222222223 0.05737704918032787
0 0.26611111111111113 0.31721311475409836 0.043333333333333335 0.054098360655737705
0 0.49444444444444446 0.20655737704918034 0.04555555555555556 0.05737704918032787
0 0.8211111111111111 0.8532786885245902 0.04 0.05245901639344262
0 0.85 0.6491803278688525 0.04111111111111111 0.05245901639344262
0 0.6705555555555556 0.8114754098360656 0.044444444444444446 0.05901639344262295
0 0.24666666666666667 0.09016393442622951 0.044444444444444446 0.054098360655737705
0 0.58 0.32049180327868854 0.042222222222222223 0.060655737704918035
0 0.6705555555555556 0.42868852459016393 0.042222222222222223 0.05901639344262295
0 0.8444444444444444 0.690983606557377 0.042222222222222223 0.05737704918032787
0 0.8255555555555556 0.8114754098360656 0.04111111111111111 0.054098360655737705
0 0.7988888888888889 0.6352459016393442 0.042222222222222223 0.05737704918032787
0 0.48944444444444446 0.24918032786885247 0.043333333333333335 0.05573770491803279
0 0.7783333333333333 0.7975409836065573 0.043333333333333335 0.05901639344262295
0 0.6427777777777778 0.6336065573770492 0.03777777777777778 0.047540983606557376
0 0.8916666666666667 0.7483606557377049 0.04555555555555556 0.060655737704918035
0 0.855 0.6098360655737705 0.04 0.05081967213114754
0 0.8316666666666667 0.7721311475409836 0.042222222222222223 0.05573770491803279
0 0.6544444444444445 0.5524590163934426 0.04 0.04918032786885246
0 0.7722222222222223 0.45737704918032784 0.043333333333333335 0.05901639344262295
0 0.6377777777777778 0.289344262295082 0.04111111111111111 0.05573770491803279
0 0.8894444444444445 0.3622950819672131 0.042222222222222223 0.05573770491803279
0 0.7661111111111111 0.4967213114754098 0.042222222222222223 0.054098360655737705
0 0.8655555555555555 0.5270491803278688 0.04 0.04918032786885246
0 0.8461111111111111 0.30655737704918035 0.042222222222222223 0.05573770491803279
0 0.3016666666666667 0.4524590163934426 0.043333333333333335 0.060655737704918035
0 0.6322222222222222 0.3344262295081967 0.042222222222222223 0.05901639344262295
0 0.9183333333333333 0.5426229508196722 0.044444444444444446 0.05737704918032787
0 0.9416666666666667 0.37459016393442623 0.04111111111111111 0.05737704918032787
0 0.7544444444444445 0.9467213114754098 0.042222222222222223 0.021311475409836064
0 0.23833333333333334 0.521311475409836 0.04666666666666667 0.05901639344262295
0 0.6872222222222222 0.6885245901639344 0.04111111111111111 0.05081967213114754
0 0.7105555555555556 0.9040983606557377 0.043333333333333335 0.05573770491803279
0 0.63 0.7155737704918033 0.04111111111111111 0.05081967213114754
0 0.7272222222222222 0.3983606557377049 0.042222222222222223 0.05737704918032787
0 0.30666666666666664 0.41147540983606556 0.044444444444444446 0.05573770491803279
0 0.5361111111111111 0.28442622950819674 0.04777777777777778 0.054098360655737705
0 0.4766666666666667 0.3295081967213115 0.042222222222222223 0.05901639344262295
0 0.48277777777777775 0.28852459016393445 0.04555555555555556 0.054098360655737705
0 0.5155555555555555 0.4245901639344262 0.043333333333333335 0.060655737704918035
0 0.5322222222222223 0.319672131147541 0.04666666666666667 0.04918032786885246
0 0.47 0.3737704918032787 0.042222222222222223 0.05901639344262295
0 0.35388888888888886 0.07704918032786885 0.04666666666666667 0.06393442622950819
0 0.5405555555555556 0.25245901639344265 0.04666666666666667 0.04426229508196721
0 0.9144444444444444 0.6663934426229509 0.025555555555555557 0.03934426229508197
0 0.5283333333333333 0.34672131147540985 0.04666666666666667 0.05245901639344262
0 0.55 0.18442622950819673 0.04888888888888889 0.04918032786885246
0 0.5538888888888889 0.15491803278688523 0.04777777777777778 0.05245901639344262
0 0.9133333333333333 0.5844262295081967 0.04555555555555556 0.05901639344262295
0 0.9061111111111111 0.6245901639344262 0.04555555555555556 0.05737704918032787
0 0.15055555555555555 0.022950819672131147 0.04111111111111111 0.04590163934426229
0 0.255 0.3975409836065574 0.04555555555555556 0.05737704918032787
0 0.28444444444444444 0.19098360655737706 0.042222222222222223 0.05737704918032787
0 0.33 0.2483606557377049 0.044444444444444446 0.05573770491803279
0 0.38555555555555554 0.21967213114754097 0.042222222222222223 0.054098360655737705
0 0.6144444444444445 0.8368852459016394 0.04 0.04918032786885246
0 0.8972222222222223 0.7024590163934427 0.044444444444444446 0.060655737704918035
0 0.9305555555555556 0.4565573770491803 0.044444444444444446 0.05737704918032787
0 0.665 0.4704918032786885 0.03888888888888889 0.047540983606557376
0 0.6766666666666666 0.771311475409836 0.04 0.047540983606557376
0 0.6588888888888889 0.8918032786885246 0.043333333333333335 0.05573770491803279
0 0.24333333333333335 0.47950819672131145 0.044444444444444446 0.05901639344262295
0 0.6088888888888889 0.8745901639344262 0.04 0.05081967213114754
0 0.2311111111111111 0.5631147540983606 0.04666666666666667 0.05573770491803279
0 0.7727777777777778 0.8377049180327869 0.04111111111111111 0.05245901639344262
0 0.545 0.21885245901639344 0.04888888888888889 0.05901639344262295
0 0.39111111111111113 0.1819672131147541 0.04111111111111111 0.05081967213114754