0 0.9222222222222223 0.3154859967051071 0.04111111111111111 0.054365733113673806
0 0.7888888888888889 0.9654036243822076 0.042222222222222223 0.04118616144975288
0 0.1338888888888889 0.3772652388797364 0.03777777777777778 0.047775947281713346
0 0.4033333333333333 0.7248764415156508 0.035555555555555556 0.047775947281713346
0 0.5044444444444445 0.7454695222405272 0.03777777777777778 0.04612850082372323
0 0.6972222222222222 0.4439868204283361 0.04 0.047775947281713346
0 0.24 0.35667215815486 0.03666666666666667 0.04612850082372323
0 0.4211111111111111 0.171334431630972 0.04111111111111111 0.057660626029654036
0 0.2972222222222222 0.3228995057660626 0.03777777777777778 0.04612850082372323
0 0.31333333333333335 0.19522240527182866 0.03777777777777778 0.051070840197693576
0 0.6466666666666666 0.8583196046128501 0.03777777777777778 0.04612850082372323
0 0.8761111111111111 0.2652388797364086 0.03666666666666667 0.051070840197693576
0 0.6983333333333334 0.8673805601317958 0.04111111111111111 0.047775947281713346
0 0.6627777777777778 0.7347611202635914 0.04111111111111111 0.047775947281713346
0 0.49166666666666664 0.4390444810543657 0.04777777777777778 0.04942339373970346
0 0.2 0.6869851729818781 0.04 0.04942339373970346
0 0.7377777777777778 0.5345963756177924 0.03666666666666667 0.047775947281713346
0 0.19 0.34349258649093906 0.03888888888888889 0.04942339373970346
0 0.855 0.43245469522240526 0.03888888888888889 0.051070840197693576
0 0.7233333333333334 0.6598023064250412 0.03666666666666667 0.04612850082372323
0 0.24555555555555555 0.31466227347611203 0.03777777777777778 0.04942339373970346
0 0.17 0.5107084019769358 0.03888888888888889 0.04942339373970346
0 0.13944444444444445 0.33525535420098845 0.03888888888888889 0.04942339373970346
0 0.14444444444444443 0.2932454695222405 0.03888888888888889 0.04942339373970346
0 0.35777777777777775 0.6771004942339374 0.03888888888888889 0.05271828665568369
0 0.7133333333333334 0.3212520593080725 0.04111111111111111 0.051070840197693576
0 0.6366666666666667 0.942339373970346 0.042222222222222223 0.051070840197693576
0 0.15055555555555555 0.25123558484349257 0.03888888888888889 0.047775947281713346
0 0.22611111111111112 0.4802306425041186 0.04 0.047775947281713346
0 0.22277777777777777 0.08813838550247118 0.042222222222222223 0.05601317957166392
0 0.17888888888888888 0.42915980230642503 0.04 0.047775947281713346
0 0.8388888888888889 0.556836902800659 0.03777777777777778 0.04942339373970346
0 0.49944444444444447 0.785831960461285 0.03888888888888889 0.047775947281713346
0 0.3927777777777778 0.8072487644151565 0.04 0.04942339373970346
0 0.15944444444444444 0.5939044481054365 0.03888888888888889 0.04942339373970346
0 0.5211111111111111 0.6202635914332785 0.03888888888888889 0.04612850082372323
0 0.2772222222222222 0.4876441515650741 0.042222222222222223 0.05271828665568369
0 0.16444444444444445 0.5527182866556837 0.04 0.04942339373970346
0 0.4938888888888889 0.8278418451400329 0.03888888888888889 0.047775947281713346
0 0.26166666666666666 0.613673805601318 0.04111111111111111 0.05271828665568369
0 0.9322222222222222 0.22487644151565075 0.04111111111111111 0.05601317957166392
0 0.41388888888888886 0.21663920922570015 0.03888888888888889 0.044481054365733116
0 0.815 0.3393739703459638 0.03666666666666667 0.047775947281713346
0 0.745 0.4925864909390445 0.03777777777777778 0.047775947281713346
0 0.7188888888888889 0.7018121911037891 0.04 0.051070840197693576
0 0.8105555555555556 0.38138385502471167 0.03888888888888889 0.05271828665568369
0 0.40944444444444444 0.6836902800658978 0.03888888888888889 0.04942339373970346
0 0.9016666666666666 0.4827018121911038 0.03888888888888889 0.051070840197693576
0 0.21944444444444444 0.5222405271828665 0.04 0.051070840197693576
0 0.3433333333333333 0.7965403624382208 0.035555555555555556 0.04942339373970346
0 0.21055555555555555 0.17792421746293247 0.04 0.04942339373970346
0 0.36944444444444446 0.1614497528830313 0.04111111111111111 0.057660626029654036
0 0.19944444444444445 0.26112026359143325 0.04111111111111111 0.047775947281713346
0 0.3844444444444444 0.4670510708401977 0.03777777777777778 0.047775947281713346
0 0.6077777777777778 0.3418451400329489 0.03666666666666667 0.04612850082372323
0 0.19555555555555557 0.3031301482701812 0.04111111111111111 0.04942339373970346
0 0.6227777777777778 0.2158154859967051 0.03777777777777778 0.04942339373970346
0 0.765 0.3311367380560132 0.03888888888888889 0.047775947281713346
0 0.8138888888888889 0.7644151565074135 0.03777777777777778 0.04942339373970346
0 0.8438888888888889 0.514827018121911 0.03777777777777778 0.04942339373970346
0 0.51 0.7051070840197694 0.035555555555555556 0.04942339373970346
0 0.3933333333333333 0.38632619439868204 0.03777777777777778 0.04942339373970346
0 0.20555555555555555 0.22075782537067545 0.03888888888888889 0.047775947281713346
0 0.6883333333333334 0.5255354200988468 0.03777777777777778 0.051070840197693576
0 0.825 0.6812191103789127 0.03888888888888889 0.04942339373970346
0 0.6416666666666667 0.899505766062603 0.03888888888888889 0.04942339373970346
0 0.4866666666666667 0.4818780889621087 0.04666666666666667 0.044481054365733116
0 0.4661111111111111 0.7438220757825371 0.024444444444444446 0.02800658978583196
0 0.4688888888888889 0.7215815485996705 0.025555555555555557 0.032948929159802305
0 0.2822222222222222 0.4464579901153213 0.04 0.032948929159802305
0 0.33666666666666667 0.8377265238879736 0.03666666666666667 0.047775947281713346
0 0.5055555555555555 0.33607907742998355 0.04777777777777778 0.039538714991762765
0 0.2561111111111111 0.6540362438220758 0.03888888888888889 0.042833607907743
0 0.5144444444444445 0.2685337726523888 0.04777777777777778 0.03789126853377265
0 0.5227777777777778 0.2026359143327842 0.05 0.042833607907743
0 0.16555555555555557 0.1243822075782537 0.04 0.04612850082372323
0 0.12833333333333333 0.8459637561779242 0.04 0.04942339373970346
0 0.09222222222222222 0.7116968698517299 0.04 0.05271828665568369
0 0.08666666666666667 0.7528830313014827 0.03888888888888889 0.047775947281713346
0 0.23055555555555557 0.8624382207578254 0.04111111111111111 0.05271828665568369
0 0.08277777777777778 0.7932454695222405 0.04111111111111111 0.04942339373970346
0 0.5266666666666666 0.17051070840197693 0.04666666666666667 0.04118616144975288
0 0.7083333333333334 0.3616144975288303 0.03888888888888889 0.04612850082372323
0 0.08777777777777777 0.3261943986820428 0.03888888888888889 0.044481054365733116
0 0.13277777777777777 0.8031301482701813 0.042222222222222223 0.05271828665568369
0 0.235 0.8179571663920923 0.03777777777777778 0.04612850082372323
0 0.09833333333333333 0.24546952224052718 0.03888888888888889 0.04612850082372323
0 0.8488888888888889 0.8970345963756178 0.03666666666666667 0.044481054365733116
0 0.53 0.13756177924217464 0.051111111111111114 0.04612850082372323
0 0.5172222222222222 0.23476112026359144 0.04777777777777778 0.04612850082372323
0 0.10333333333333333 0.6268533772652389 0.04 0.047775947281713346
0 0.2461111111111111 0.7347611202635914 0.035555555555555556 0.044481054365733116
0 0.7933333333333333 0.9275123558484349 0.03777777777777778 0.047775947281713346
0 0.1388888888888889 0.7611202635914333 0.03888888888888889 0.04612850082372323
0 0.6927777777777778 0.9077429983525536 0.04 0.047775947281713346
0 0.09722222222222222 0.6688632619439868 0.04111111111111111 0.04942339373970346
0 0.27166666666666667 0.528830313014827 0.035555555555555556 0.044481054365733116
0 0.8644444444444445 0.7734761120263591 0.03666666666666667 0.047775947281713346
0 0.855 0.8550247116968699 0.03777777777777778 0.04942339373970346
0 0.5027777777777778 0.36655683690280066 0.04777777777777778 0.044481054365733116
0 0.11444444444444445 0.11532125205930807 0.03888888888888889 0.04942339373970346
0 0.6672222222222223 0.6911037891268533 0.042222222222222223 0.054365733113673806
0 0.8583333333333333 0.8130148270181219 0.03666666666666667 0.04612850082372323
0 0.3888888888888889 0.8492586490939045 0.03777777777777778 0.044481054365733116
0 0.15388888888888888 0.6359143327841845 0.03777777777777778 0.04942339373970346
0 0.3527777777777778 0.71499176276771 0.03777777777777778 0.04118616144975288
0 0.885 0.6070840197693574 0.04 0.047775947281713346
0 0.8033333333333333 0.8467874794069192 0.03777777777777778 0.04612850082372323
0 0.19555555555555557 0.729818780889621 0.043333333333333335 0.054365733113673806
0 0.10944444444444444 0.15733113673805602 0.04111111111111111 0.04942339373970346
0 0.7083333333333334 0.78500823723229 0.035555555555555556 0.04942339373970346
0 0.48833333333333334 0.8690280065897859 0.03888888888888889 0.047775947281713346
0 0.15444444444444444 0.2116968698517298 0.03777777777777778 0.04612850082372323
0 0.8716666666666667 0.30642504118616143 0.03777777777777778 0.044481054365733116
0 0.9061111111111111 0.44481054365733114 0.03888888888888889 0.042833607907743
0 0.20444444444444446 0.6457990115321252 0.03666666666666667 0.04612850082372323
0 0.89 0.5650741350906096 0.04 0.04942339373970346
0 0.10833333333333334 0.5848434925864909 0.04111111111111111 0.04942339373970346
0 0.10333333333333333 0.2026359143327842 0.043333333333333335 0.054365733113673806
0 0.87 0.729818780889621 0.03666666666666667 0.04612850082372323
0 0.895 0.5263591433278418 0.04 0.04612850082372323
0 0.14888888888888888 0.6779242174629324 0.04111111111111111 0.051070840197693576
0 0.7027777777777777 0.40197693574958815 0.04 0.04942339373970346
0 0.9283333333333333 0.27100494233937394 0.03888888888888889 0.04942339373970346
0 0.6822222222222222 0.5658978583196046 0.03888888888888889 0.047775947281713346
0 0.24166666666666667 0.7775947281713345 0.03888888888888889 0.047775947281713346
0 0.86 0.3912685337726524 0.03888888888888889 0.044481054365733116
0 0.5255555555555556 0.5823723228995058 0.04 0.04612850082372323
0 0.12166666666666667 0.06836902800658978 0.04111111111111111 0.054365733113673806
0 0.34833333333333333 0.7545304777594728 0.03777777777777778 0.047775947281713346
0 0.6527777777777778 0.8154859967051071 0.04 0.047775947281713346
0 0.8288888888888889 0.6367380560131796 0.03666666666666667 0.04942339373970346
0 0.6877777777777778 0.9522240527182867 0.042222222222222223 0.054365733113673806
0 0.11388888888888889 0.5436573311367381 0.04 0.051070840197693576
0 0.6727777777777778 0.6499176276771005 0.04 0.04942339373970346
0 0.8438888888888889 0.9365733113673805 0.03888888888888889 0.04942339373970346
0 0.14222222222222222 0.7207578253706755 0.04111111111111111 0.047775947281713346
0 0.3827777777777778 0.8920922570016474 0.04 0.05271828665568369
0 0.3322222222222222 0.8830313014827018 0.042222222222222223 0.054365733113673806
0 0.8344444444444444 0.5955518945634267 0.03888888888888889 0.044481054365733116
0 0.8794444444444445 0.6474464579901154 0.03666666666666667 0.047775947281713346
0 0.215 0.5634266886326195 0.04111111111111111 0.047775947281713346
0 0.12444444444444444 0.4612850082372323 0.04 0.04612850082372323
0 0.8394444444444444 0.9703459637561779 0.04 0.029654036243822075
0 0.7705555555555555 0.28912685337726524 0.04 0.051070840197693576
0 0.09388888888888888 0.28665568369028005 0.04 0.04942339373970346
0 0.26611111111111113 0.5700164744645799 0.03777777777777778 0.047775947281713346
0 0.36777777777777776 0.5914332784184514 0.03666666666666667 0.047775947281713346
0 0.7988888888888889 0.8871499176276771 0.03888888888888889 0.047775947281713346
0 0.7033333333333334 0.8278418451400329 0.04111111111111111 0.04942339373970346
0 0.11888888888888889 0.5016474464579901 0.042222222222222223 0.051070840197693576
0 0.21 0.6054365733113674 0.04111111111111111 0.051070840197693576
0 0.3972222222222222 0.7660626029654036 0.03888888888888889 0.047775947281713346
0 0.9105555555555556 0.40197693574958815 0.03888888888888889 0.05271828665568369
0 0.16 0.16803953871499178 0.042222222222222223 0.054365733113673806
0 0.3188888888888889 0.15321252059308071 0.03777777777777778 0.051070840197693576
0 0.2511111111111111 0.6935749588138386 0.03888888888888889 0.051070840197693576
0 0.9166666666666666 0.3599670510708402 0.03777777777777778 0.04612850082372323
0 0.8494444444444444 0.4744645799011532 0.03888888888888889 0.044481054365733116
0 0.48388888888888887 0.9118616144975288 0.04111111111111111 0.05271828665568369
0 0.8744444444444445 0.6902800658978583 0.03777777777777778 0.051070840197693576
0 0.1288888888888889 0.4184514003294893 0.04 0.05271828665568369
0 0.7333333333333333 0.5757825370675453 0.03777777777777778 0.047775947281713346
0 0.51 0.30230642504118616 0.04666666666666667 0.04942339373970346
0 0.6933333333333334 0.48352553542009885 0.03777777777777778 0.04612850082372323
0 0.2677777777777778 0.14085667215815487 0.03888888888888889 0.05271828665568369
0 0.725 0.23064250411861614 0.04111111111111111 0.05271828665568369
0 0.3788888888888889 0.5082372322899505 0.03888888888888889 0.044481054365733116
0 0.17444444444444446 0.4686985172981878 0.03777777777777778 0.047775947281713346
0 0.8194444444444444 0.7232289950576606 0.03888888888888889 0.047775947281713346
0 0.41944444444444445 0.6013179571663921 0.03777777777777778 0.047775947281713346
0 0.865 0.3500823723228995 0.03888888888888889 0.04942339373970346
0 0.7127777777777777 0.7446457990115322 0.03666666666666667 0.047775947281713346
0 0.8088888888888889 0.8080724876441515 0.04 0.04942339373970346
0 0.7761111111111111 0.24464579901153213 0.04 0.051070840197693576
0 0.6566666666666666 0.7759472817133443 0.04 0.047775947281713346
0 0.6766666666666666 0.6079077429983526 0.04 0.04942339373970346
0 0.7822222222222223 0.19934102141680396 0.042222222222222223 0.05271828665568369
0 0.21555555555555556 0.13509060955518945 0.04 0.051070840197693576
0 0.7194444444444444 0.2759472817133443 0.04111111111111111 0.051070840197693576
0 0.7544444444444445 0.41186161449752884 0.03888888888888889 0.04612850082372323
0 0.18444444444444444 0.38632619439868204 0.04 0.05271828665568369
0 0.7283333333333334 0.6186161449752883 0.03888888888888889 0.051070840197693576
0 0.3244444444444444 0.10626029654036244 0.04111111111111111 0.05271828665568369
0 0.2611111111111111 0.18616144975288304 0.042222222222222223 0.05271828665568369
0 0.6733333333333333 0.22322899505766064 0.04111111111111111 0.054365733113673806
0 0.30277777777777776 0.28171334431630973 0.04 0.047775947281713346
0 0.23555555555555555 0.39621087314662273 0.03888888888888889 0.04942339373970346
0 0.25666666666666665 0.23064250411861614 0.03777777777777778 0.04612850082372323
0 0.6472222222222223 0.43492586490939045 0.04 0.04612850082372323
0 0.5811111111111111 0.5494233937397035 0.04 0.051070840197693576
0 0.6294444444444445 0.1696869851729819 0.043333333333333335 0.054365733113673806
0 0.40944444444444444 0.257825370675453 0.04 0.051070840197693576
0 0.5155555555555555 0.6606260296540363 0.03777777777777778 0.04942339373970346
0 0.5866666666666667 0.5065897858319605 0.03777777777777778 0.04942339373970346
0 0.8266666666666667 0.2528830313014827 0.03777777777777778 0.051070840197693576
0 0.41333333333333333 0.6400329489291599 0.03888888888888889 0.047775947281713346
0 0.6516666666666666 0.3929159802306425 0.03888888888888889 0.047775947281713346
0 0.5361111111111111 0.4975288303130148 0.04 0.047775947281713346
0 0.7994444444444444 0.46622734761120266 0.03888888888888889 0.04942339373970346
0 0.6572222222222223 0.3517298187808896 0.03777777777777778 0.04942339373970346
0 0.25166666666666665 0.27182866556836904 0.03888888888888889 0.04942339373970346
0 0.7594444444444445 0.37067545304777594 0.04111111111111111 0.047775947281713346
0 0.8044444444444444 0.4242174629324547 0.03888888888888889 0.047775947281713346
0 0.435 0.4769357495881384 0.03777777777777778 0.047775947281713346
0 0.4494444444444444 0.3500823723228995 0.035555555555555556 0.047775947281713346
0 0.30833333333333335 0.24052718286655683 0.03888888888888889 0.04942339373970346
0 0.42944444444444446 0.5172981878088962 0.04 0.04942339373970346
0 0.2916666666666667 0.36326194398682043 0.03888888888888889 0.04942339373970346
0 0.5311111111111111 0.5395387149917628 0.04 0.051070840197693576
0 0.40444444444444444 0.30065897858319607 0.04 0.04612850082372323
0 0.3738888888888889 0.5494233937397035 0.03666666666666667 0.04942339373970346
0 0.3888888888888889 0.4258649093904448 0.03777777777777778 0.04612850082372323
0 0.36277777777777775 0.6334431630971994 0.03888888888888889 0.047775947281713346
0 0.6127777777777778 0.30065897858319607 0.03888888888888889 0.051070840197693576
0 0.4722222222222222 0.1828665568369028 0.03888888888888889 0.051070840197693576
0 0.5677777777777778 0.24794069192751236 0.03888888888888889 0.047775947281713346
0 0.2872222222222222 0.40691927512355847 0.04111111111111111 0.051070840197693576
0 0.6183333333333333 0.257001647446458 0.03888888888888889 0.04942339373970346
0 0.23055555555555557 0.43739703459637563 0.03888888888888889 0.051070840197693576
0 0.8205555555555556 0.29736408566721584 0.03888888888888889 0.051070840197693576
0 0.75 0.45222405271828664 0.04 0.047775947281713346
0 0.3988888888888889 0.342668863261944 0.04 0.051070840197693576
0 0.46 0.2685337726523888 0.03666666666666667 0.04942339373970346
0 0.5794444444444444 0.15733113673805602 0.042222222222222223 0.05930807248764415
0 0.6022222222222222 0.3830313014827018 0.03777777777777778 0.047775947281713346
0 0.45444444444444443 0.30971993410214166 0.035555555555555556 0.047775947281713346
0 0.6677777777777778 0.2685337726523888 0.03777777777777778 0.04942339373970346
0 0.5966666666666667 0.42504118616144976 0.04 0.04942339373970346
0 0.5511111111111111 0.3723228995057661 0.03888888888888889 0.04942339373970346
0 0.5416666666666666 0.45634266886326197 0.03777777777777778 0.04942339373970346
0 0.4661111111111111 0.2257001647446458 0.03777777777777778 0.04942339373970346
0 0.5922222222222222 0.4670510708401977 0.03888888888888889 0.047775947281713346
0 0.6633333333333333 0.31054365733113676 0.03888888888888889 0.04612850082372323
0 0.445 0.39209225700164746 0.03888888888888889 0.05271828665568369
0 0.5733333333333334 0.20675453047775946 0.03888888888888889 0.04942339373970346
0 0.43944444444444447 0.4357495881383855 0.03888888888888889 0.04942339373970346
0 0.425 0.5593080724876441 0.03888888888888889 0.04942339373970346
0 0.5466666666666666 0.414332784184514 0.03777777777777778 0.047775947281713346
0 0.5577777777777778 0.3311367380560132 0.03666666666666667 0.047775947281713346
0 0.5633333333333334 0.2899505766062603 0.03777777777777778 0.04942339373970346
0 0.6411111111111111 0.47528830313014825 0.042222222222222223 0.05271828665568369