0 0.7038888888888889 0.24508196721311476 0.03666666666666667 0.040983606557377046
0 0.49944444444444447 0.24262295081967214 0.043333333333333335 0.03934426229508197
0 0.13833333333333334 0.15245901639344261 0.034444444444444444 0.04590163934426229
0 0.49944444444444447 0.13934426229508196 0.04555555555555556 0.036065573770491806
0 0.5 0.1762295081967213 0.044444444444444446 0.040983606557377046
0 0.13777777777777778 0.19754098360655736 0.03333333333333333 0.04426229508196721
0 0.5011111111111111 0.37459016393442623 0.044444444444444446 0.03442622950819672
0 0.5138888888888888 0.7573770491803279 0.02 0.014754098360655738
0 0.5133333333333333 0.7418032786885246 0.02 0.01639344262295082
0 0.5133333333333333 0.7278688524590164 0.02 0.011475409836065573
0 0.5016666666666667 0.34508196721311474 0.044444444444444446 0.03114754098360656
0 0.7055555555555556 0.7065573770491803 0.03111111111111111 0.04262295081967213
0 0.8088888888888889 0.6237704918032787 0.03333333333333333 0.040983606557377046
0 0.39611111111111114 0.4532786885245902 0.034444444444444444 0.03770491803278689
0 0.44666666666666666 0.5795081967213115 0.035555555555555556 0.040983606557377046
0 0.2411111111111111 0.20163934426229507 0.035555555555555556 0.03934426229508197
0 0.5516666666666666 0.7081967213114754 0.03666666666666667 0.04262295081967213
0 0.8083333333333333 0.4967213114754098 0.034444444444444444 0.04590163934426229
0 0.7583333333333333 0.7926229508196722 0.03666666666666667 0.047540983606557376
0 0.3433333333333333 0.4967213114754098 0.03111111111111111 0.04262295081967213
0 0.7038888888888889 0.49508196721311476 0.034444444444444444 0.03934426229508197
0 0.7038888888888889 0.28852459016393445 0.034444444444444444 0.04262295081967213
0 0.8066666666666666 0.289344262295082 0.035555555555555556 0.040983606557377046
0 0.24055555555555555 0.49508196721311476 0.03222222222222222 0.04262295081967213
0 0.8594444444444445 0.5377049180327869 0.034444444444444444 0.04262295081967213
0 0.3422222222222222 0.41065573770491803 0.03333333333333333 0.04426229508196721
0 0.3433333333333333 0.3295081967213115 0.03333333333333333 0.036065573770491806
0 0.5516666666666666 0.289344262295082 0.03 0.040983606557377046
0 0.18833333333333332 0.41147540983606556 0.03222222222222222 0.04262295081967213
0 0.49944444444444447 0.4491803278688525 0.04111111111111111 0.04590163934426229
0 0.39555555555555555 0.19836065573770492 0.03333333333333333 0.04918032786885246
0 0.8583333333333333 0.15655737704918032 0.03666666666666667 0.047540983606557376
0 0.6533333333333333 0.75 0.03333333333333333 0.040983606557377046
0 0.6016666666666667 0.41475409836065574 0.03222222222222222 0.03934426229508197
0 0.705 0.4557377049180328 0.03222222222222222 0.03934426229508197
0 0.3427777777777778 0.4524590163934426 0.03222222222222222 0.04262295081967213
0 0.8077777777777778 0.3721311475409836 0.035555555555555556 0.04262295081967213
0 0.2922222222222222 0.49508196721311476 0.03333333333333333 0.04918032786885246
0 0.5511111111111111 0.7483606557377049 0.035555555555555556 0.040983606557377046
0 0.7033333333333334 0.37540983606557377 0.03333333333333333 0.04262295081967213
0 0.2916666666666667 0.4131147540983607 0.034444444444444444 0.03934426229508197
0 0.7044444444444444 0.7475409836065574 0.03333333333333333 0.03934426229508197
0 0.8588888888888889 0.24754098360655738 0.035555555555555556 0.04262295081967213
0 0.23944444444444443 0.5778688524590164 0.034444444444444444 0.04426229508196721
0 0.5516666666666666 0.37131147540983606 0.034444444444444444 0.040983606557377046
0 0.5516666666666666 0.6204918032786885 0.034444444444444444 0.04426229508196721
0 0.8094444444444444 0.7057377049180328 0.03222222222222222 0.040983606557377046
0 0.7577777777777778 0.6672131147540984 0.03333333333333333 0.04590163934426229
0 0.8094444444444444 0.7885245901639344 0.034444444444444444 0.04262295081967213
0 0.8605555555555555 0.7483606557377049 0.034444444444444444 0.040983606557377046
0 0.8605555555555555 0.6221311475409836 0.034444444444444444 0.040983606557377046
0 0.8594444444444445 0.49508196721311476 0.03666666666666667 0.04262295081967213
0 0.18833333333333332 0.2827868852459016 0.03222222222222222 0.047540983606557376
0 0.8594444444444445 0.20491803278688525 0.03666666666666667 0.04262295081967213
0 0.8083333333333333 0.5827868852459016 0.034444444444444444 0.040983606557377046
0 0.6033333333333334 0.7459016393442623 0.03333333333333333 0.03934426229508197
0 0.4461111111111111 0.4959016393442623 0.027777777777777776 0.040983606557377046
0 0.705 0.5368852459016393 0.034444444444444444 0.040983606557377046
0 0.7038888888888889 0.20245901639344263 0.03666666666666667 0.04426229508196721
0 0.2927777777777778 0.1959016393442623 0.034444444444444444 0.05081967213114754
0 0.24 0.2836065573770492 0.035555555555555556 0.04590163934426229
0 0.5511111111111111 0.7877049180327869 0.03333333333333333 0.040983606557377046
0 0.6527777777777778 0.330327868852459 0.03222222222222222 0.03770491803278689
0 0.705 0.6245901639344262 0.03222222222222222 0.04262295081967213
0 0.6022222222222222 0.3262295081967213 0.035555555555555556 0.04918032786885246
0 0.6527777777777778 0.28688524590163933 0.034444444444444444 0.04590163934426229
0 0.7044444444444444 0.41475409836065574 0.03333333333333333 0.03934426229508197
0 0.2916666666666667 0.4516393442622951 0.03222222222222222 0.03770491803278689
0 0.1361111111111111 0.2860655737704918 0.034444444444444444 0.04426229508196721
0 0.8588888888888889 0.29262295081967216 0.035555555555555556 0.04426229508196721
0 0.7572222222222222 0.7483606557377049 0.03222222222222222 0.040983606557377046
0 0.14666666666666667 0.8696721311475409 0.022222222222222223 0.03442622950819672
0 0.5005555555555555 0.4918032786885246 0.043333333333333335 0.029508196721311476
0 0.14666666666666667 0.7860655737704918 0.022222222222222223 0.03442622950819672
0 0.6033333333333334 0.8696721311475409 0.03333333333333333 0.04426229508196721
0 0.12111111111111111 0.9131147540983606 0.022222222222222223 0.036065573770491806
0 0.6033333333333334 0.49918032786885247 0.03333333333333333 0.04426229508196721
0 0.23722222222222222 0.7877049180327869 0.03 0.040983606557377046
0 0.4461111111111111 0.9155737704918033 0.034444444444444444 0.040983606557377046
0 0.08277777777777778 0.8327868852459016 0.034444444444444444 0.03934426229508197
0 0.655 0.7868852459016393 0.034444444444444444 0.036065573770491806
0 0.23833333333333334 0.7065573770491803 0.034444444444444444 0.04262295081967213
0 0.39555555555555555 0.6196721311475409 0.03333333333333333 0.04262295081967213
0 0.5511111111111111 0.9188524590163935 0.03777777777777778 0.04426229508196721
0 0.13555555555555557 0.32868852459016396 0.035555555555555556 0.03770491803278689
0 0.6027777777777777 0.828688524590164 0.03 0.040983606557377046
0 0.08277777777777778 0.6614754098360656 0.034444444444444444 0.03770491803278689
0 0.24 0.36885245901639346 0.035555555555555556 0.04590163934426229
0 0.08388888888888889 0.36885245901639346 0.034444444444444444 0.04262295081967213
0 0.44666666666666666 0.8713114754098361 0.035555555555555556 0.04426229508196721
0 0.5494444444444444 0.8745901639344262 0.03666666666666667 0.04426229508196721
0 0.8611111111111112 0.7885245901639344 0.03333333333333333 0.04262295081967213
0 0.7061111111111111 0.8713114754098361 0.03666666666666667 0.04426229508196721
0 0.7566666666666667 0.289344262295082 0.03333333333333333 0.03770491803278689
0 0.2388888888888889 0.4122950819672131 0.03333333333333333 0.04426229508196721
0 0.5005555555555555 0.31065573770491806 0.043333333333333335 0.040983606557377046
0 0.8094444444444444 0.9131147540983606 0.03666666666666667 0.04590163934426229
0 0.395 0.6614754098360656 0.034444444444444444 0.04426229508196721
0 0.8594444444444445 0.41475409836065574 0.03666666666666667 0.04262295081967213
0 0.24 0.4532786885245902 0.03111111111111111 0.03770491803278689
0 0.18777777777777777 0.4565573770491803 0.03333333333333333 0.047540983606557376
0 0.6027777777777777 0.24508196721311476 0.034444444444444444 0.03442622950819672
0 0.6544444444444445 0.9172131147540984 0.03777777777777778 0.047540983606557376
0 0.08222222222222222 0.5754098360655737 0.03333333333333333 0.04262295081967213
0 0.4461111111111111 0.7081967213114754 0.034444444444444444 0.03934426229508197
0 0.4461111111111111 0.7483606557377049 0.034444444444444444 0.040983606557377046
0 0.705 0.830327868852459 0.034444444444444444 0.040983606557377046
0 0.6027777777777777 0.5385245901639344 0.03222222222222222 0.03442622950819672
0 0.8077777777777778 0.24754098360655738 0.035555555555555556 0.03934426229508197
0 0.1338888888888889 0.6237704918032787 0.03666666666666667 0.040983606557377046
0 0.5505555555555556 0.8295081967213115 0.03222222222222222 0.04262295081967213
0 0.08222222222222222 0.7483606557377049 0.035555555555555556 0.040983606557377046
0 0.08444444444444445 0.3262295081967213 0.035555555555555556 0.04262295081967213
0 0.8611111111111112 0.8295081967213115 0.035555555555555556 0.04262295081967213
0 0.13666666666666666 0.49426229508196723 0.035555555555555556 0.040983606557377046
0 0.08277777777777778 0.6188524590163934 0.034444444444444444 0.04426229508196721
0 0.13555555555555557 0.5778688524590164 0.03777777777777778 0.047540983606557376
0 0.08388888888888889 0.4098360655737705 0.034444444444444444 0.04262295081967213
0 0.23833333333333334 0.6213114754098361 0.034444444444444444 0.04262295081967213
0 0.7577777777777778 0.4967213114754098 0.03333333333333333 0.03934426229508197
0 0.705 0.7885245901639344 0.034444444444444444 0.04262295081967213
0 0.3433333333333333 0.6221311475409836 0.03333333333333333 0.03442622950819672
0 0.5511111111111111 0.19836065573770492 0.03333333333333333 0.04262295081967213
0 0.4461111111111111 0.6663934426229509 0.034444444444444444 0.04426229508196721
0 0.5511111111111111 0.49836065573770494 0.03333333333333333 0.04262295081967213
0 0.08277777777777778 0.7901639344262295 0.034444444444444444 0.04590163934426229
0 0.3938888888888889 0.7475409836065574 0.03666666666666667 0.04262295081967213
0 0.8072222222222222 0.330327868852459 0.034444444444444444 0.040983606557377046
0 0.8088888888888889 0.6647540983606557 0.028888888888888888 0.040983606557377046
0 0.3427777777777778 0.7065573770491803 0.034444444444444444 0.04590163934426229
0 0.24 0.32704918032786884 0.03333333333333333 0.040983606557377046
0 0.6022222222222222 0.6647540983606557 0.03333333333333333 0.04426229508196721
0 0.8605555555555555 0.6622950819672131 0.03222222222222222 0.03934426229508197
0 0.6544444444444445 0.8721311475409836 0.035555555555555556 0.04262295081967213
0 0.7544444444444445 0.15491803278688523 0.035555555555555556 0.04426229508196721
0 0.86 0.7049180327868853 0.03333333333333333 0.04590163934426229
0 0.08333333333333333 0.4524590163934426 0.035555555555555556 0.04262295081967213
0 0.2411111111111111 0.15655737704918032 0.035555555555555556 0.047540983606557376
0 0.24055555555555555 0.24016393442622952 0.034444444444444444 0.03770491803278689
0 0.2927777777777778 0.28688524590163933 0.034444444444444444 0.036065573770491806
0 0.08277777777777778 0.7040983606557377 0.03666666666666667 0.047540983606557376
0 0.7566666666666667 0.2483606557377049 0.03333333333333333 0.04426229508196721
0 0.39555555555555555 0.578688524590164 0.03333333333333333 0.03934426229508197
0 0.44722222222222224 0.45491803278688525 0.025555555555555557 0.03770491803278689
0 0.4477777777777778 0.2442622950819672 0.03333333333333333 0.036065573770491806
0 0.3938888888888889 0.7057377049180328 0.03666666666666667 0.04426229508196721
0 0.3427777777777778 0.6631147540983606 0.034444444444444444 0.04426229508196721
0 0.23833333333333334 0.8295081967213115 0.034444444444444444 0.04262295081967213
0 0.705 0.3319672131147541 0.034444444444444444 0.04426229508196721
0 0.14722222222222223 0.7024590163934427 0.023333333333333334 0.03770491803278689
0 0.2388888888888889 0.8729508196721312 0.035555555555555556 0.04426229508196721
0 0.3422222222222222 0.8713114754098361 0.03333333333333333 0.040983606557377046
0 0.0961111111111111 0.28524590163934427 0.023333333333333334 0.036065573770491806
0 0.4988888888888889 0.2098360655737705 0.04666666666666667 0.029508196721311476
0 0.14888888888888888 0.9131147540983606 0.024444444444444446 0.03934426229508197
0 0.12111111111111111 0.8696721311475409 0.022222222222222223 0.03442622950819672
0 0.12166666666666667 0.6622950819672131 0.021111111111111112 0.029508196721311476
0 0.9105555555555556 0.20327868852459016 0.034444444444444444 0.04590163934426229
0 0.5 0.2778688524590164 0.044444444444444446 0.03114754098360656
0 0.13555555555555557 0.5360655737704918 0.03777777777777778 0.04262295081967213
0 0.14722222222222223 0.8278688524590164 0.023333333333333334 0.03278688524590164
0 0.3427777777777778 0.9155737704918033 0.03666666666666667 0.047540983606557376
0 0.2388888888888889 0.9163934426229509 0.035555555555555556 0.03934426229508197
0 0.12222222222222222 0.8278688524590164 0.022222222222222223 0.03934426229508197
0 0.3422222222222222 0.7475409836065574 0.03333333333333333 0.036065573770491806
0 0.12166666666666667 0.7040983606557377 0.021111111111111112 0.040983606557377046
0 0.12277777777777778 0.7442622950819672 0.021111111111111112 0.03278688524590164
0 0.14722222222222223 0.6631147540983606 0.023333333333333334 0.03442622950819672
0 0.3422222222222222 0.830327868852459 0.03111111111111111 0.03770491803278689
0 0.6022222222222222 0.2819672131147541 0.03333333333333333 0.03934426229508197
0 0.8088888888888889 0.8680327868852459 0.03777777777777778 0.04426229508196721
0 0.3938888888888889 0.9172131147540984 0.03888888888888889 0.040983606557377046
0 0.08277777777777778 0.8721311475409836 0.034444444444444444 0.04262295081967213
0 0.08277777777777778 0.5352459016393443 0.03222222222222222 0.040983606557377046
0 0.23777777777777778 0.7483606557377049 0.03333333333333333 0.040983606557377046
0 0.12111111111111111 0.7860655737704918 0.022222222222222223 0.03770491803278689
0 0.8594444444444445 0.3737704918032787 0.034444444444444444 0.03934426229508197
0 0.7555555555555555 0.20245901639344263 0.035555555555555556 0.047540983606557376
0 0.08333333333333333 0.49426229508196723 0.03333333333333333 0.03770491803278689
0 0.8611111111111112 0.8713114754098361 0.03333333333333333 0.040983606557377046
0 0.08277777777777778 0.9163934426229509 0.03666666666666667 0.04590163934426229
0 0.4461111111111111 0.828688524590164 0.034444444444444444 0.040983606557377046
0 0.6522222222222223 0.24672131147540985 0.03333333333333333 0.040983606557377046
0 0.1361111111111111 0.41147540983606556 0.034444444444444444 0.036065573770491806
0 0.3933333333333333 0.8729508196721312 0.03777777777777778 0.04426229508196721
0 0.9111111111111111 0.25 0.035555555555555556 0.047540983606557376
0 0.6033333333333334 0.7860655737704918 0.03333333333333333 0.040983606557377046
0 0.14777777777777779 0.7442622950819672 0.024444444444444446 0.036065573770491806
0 0.8077777777777778 0.4540983606557377 0.03333333333333333 0.03934426229508197
0 0.23833333333333334 0.6639344262295082 0.034444444444444444 0.04262295081967213
0 0.6027777777777777 0.9122950819672131 0.03666666666666667 0.04426229508196721
0 0.4461111111111111 0.7877049180327869 0.03666666666666667 0.040983606557377046
0 0.8605555555555555 0.9147540983606557 0.034444444444444444 0.04590163934426229
0 0.8088888888888889 0.8295081967213115 0.035555555555555556 0.03934426229508197
0 0.2388888888888889 0.5368852459016393 0.028888888888888888 0.03770491803278689
0 0.5516666666666666 0.5360655737704918 0.03222222222222222 0.036065573770491806
0 0.9111111111111111 0.1557377049180328 0.035555555555555556 0.04918032786885246
0 0.7044444444444444 0.6655737704918033 0.03111111111111111 0.03934426229508197
0 0.3427777777777778 0.7885245901639344 0.034444444444444444 0.04590163934426229
0 0.8077777777777778 0.4139344262295082 0.03333333333333333 0.040983606557377046
0 0.7055555555555556 0.9139344262295082 0.035555555555555556 0.040983606557377046
0 0.13555555555555557 0.4516393442622951 0.035555555555555556 0.040983606557377046
0 0.86 0.4540983606557377 0.03333333333333333 0.03934426229508197
0 0.8577777777777778 0.3336065573770492 0.03777777777777778 0.040983606557377046
0 0.39444444444444443 0.7877049180327869 0.035555555555555556 0.040983606557377046
0 0.1361111111111111 0.36885245901639346 0.034444444444444444 0.04262295081967213
0 0.7577777777777778 0.7090163934426229 0.028888888888888888 0.03770491803278689
0 0.13777777777777778 0.24180327868852458 0.03333333333333333 0.04426229508196721
0 0.395 0.8295081967213115 0.03666666666666667 0.04262295081967213
0 0.4461111111111111 0.5377049180327869 0.034444444444444444 0.04262295081967213
0 0.6022222222222222 0.45737704918032784 0.03111111111111111 0.04262295081967213
0 0.18722222222222223 0.32786885245901637 0.034444444444444444 0.04262295081967213
0 0.3433333333333333 0.5377049180327869 0.03333333333333333 0.04590163934426229
0 0.7561111111111111 0.41475409836065574 0.034444444444444444 0.03934426229508197
0 0.5505555555555556 0.5762295081967214 0.034444444444444444 0.04426229508196721
0 0.7044444444444444 0.15327868852459017 0.035555555555555556 0.047540983606557376
0 0.7577777777777778 0.4565573770491803 0.035555555555555556 0.040983606557377046
0 0.6033333333333334 0.7065573770491803 0.03111111111111111 0.03934426229508197
0 0.8088888888888889 0.7459016393442623 0.03333333333333333 0.04262295081967213
0 0.2922222222222222 0.3262295081967213 0.03333333333333333 0.04262295081967213
0 0.5516666666666666 0.4565573770491803 0.034444444444444444 0.04426229508196721
0 0.18666666666666668 0.3704918032786885 0.035555555555555556 0.04262295081967213
0 0.7044444444444444 0.5795081967213115 0.035555555555555556 0.04426229508196721
0 0.5516666666666666 0.3295081967213115 0.034444444444444444 0.04262295081967213
0 0.39611111111111114 0.24508196721311476 0.03666666666666667 0.04426229508196721
0 0.44666666666666666 0.6229508196721312 0.035555555555555556 0.04590163934426229
0 0.29333333333333333 0.2442622950819672 0.03777777777777778 0.04590163934426229
0 0.6544444444444445 0.5409836065573771 0.03333333333333333 0.03934426229508197
0 0.6538888888888889 0.5819672131147541 0.034444444444444444 0.03934426229508197
0 0.6527777777777778 0.41475409836065574 0.034444444444444444 0.03934426229508197
0 0.8594444444444445 0.5811475409836065 0.03666666666666667 0.04426229508196721
0 0.8083333333333333 0.5409836065573771 0.034444444444444444 0.04262295081967213
0 0.7577777777777778 0.6237704918032787 0.03111111111111111 0.040983606557377046
0 0.3433333333333333 0.5811475409836065 0.03333333333333333 0.04426229508196721
0 0.6538888888888889 0.45491803278688525 0.034444444444444444 0.040983606557377046
0 0.3433333333333333 0.36885245901639346 0.03333333333333333 0.04262295081967213
0 0.8088888888888889 0.20327868852459016 0.035555555555555556 0.04918032786885246
0 0.6544444444444445 0.828688524590164 0.035555555555555556 0.04426229508196721
0 0.6538888888888889 0.6647540983606557 0.03666666666666667 0.040983606557377046
0 0.39555555555555555 0.5393442622950819 0.03333333333333333 0.03934426229508197
0 0.7561111111111111 0.37459016393442623 0.034444444444444444 0.040983606557377046
0 0.6533333333333333 0.7073770491803278 0.035555555555555556 0.04426229508196721
0 0.7577777777777778 0.5811475409836065 0.035555555555555556 0.04426229508196721
0 0.34444444444444444 0.19672131147540983 0.035555555555555556 0.04918032786885246
0 0.7577777777777778 0.5385245901639344 0.035555555555555556 0.04426229508196721
0 0.7566666666666667 0.33114754098360655 0.035555555555555556 0.04262295081967213
0 0.2916666666666667 0.37131147540983606 0.034444444444444444 0.04426229508196721
0 0.6016666666666667 0.3729508196721312 0.034444444444444444 0.04426229508196721
0 0.5516666666666666 0.6639344262295082 0.03666666666666667 0.04590163934426229
0 0.6027777777777777 0.6221311475409836 0.034444444444444444 0.04426229508196721
0 0.6533333333333333 0.49754098360655735 0.03333333333333333 0.04426229508196721
0 0.44666666666666666 0.3721311475409836 0.035555555555555556 0.03934426229508197
0 0.39611111111111114 0.4131147540983607 0.03222222222222222 0.04262295081967213
0 0.3438888888888889 0.24344262295081967 0.034444444444444444 0.04426229508196721
0 0.39611111111111114 0.37131147540983606 0.03 0.040983606557377046
0 0.6527777777777778 0.3721311475409836 0.034444444444444444 0.04590163934426229
0 0.6033333333333334 0.578688524590164 0.03333333333333333 0.04262295081967213
0 0.4477777777777778 0.19836065573770492 0.035555555555555556 0.05245901639344262
0 0.6027777777777777 0.2 0.03666666666666667 0.05245901639344262
0 0.6522222222222223 0.20081967213114754 0.03333333333333333 0.05081967213114754
0 0.6527777777777778 0.6221311475409836 0.03666666666666667 0.04426229508196721
0 0.39611111111111114 0.3295081967213115 0.034444444444444444 0.04262295081967213
0 0.5511111111111111 0.2442622950819672 0.03777777777777778 0.04590163934426229
0 0.395 0.49508196721311476 0.034444444444444444 0.04918032786885246
0 0.5522222222222222 0.4139344262295082 0.035555555555555556 0.040983606557377046
0 0.4477777777777778 0.33114754098360655 0.035555555555555556 0.04262295081967213
0 0.39611111111111114 0.28852459016393445 0.034444444444444444 0.03934426229508197
0 0.44722222222222224 0.4139344262295082 0.034444444444444444 0.04426229508196721
0 0.4483333333333333 0.2860655737704918 0.034444444444444444 0.047540983606557376
0 0.3438888888888889 0.28852459016393445 0.034444444444444444 0.04590163934426229