0 0.9055555555555556 0.2257001647446458 0.03777777777777778 0.05271828665568369
0 0.9044444444444445 0.899505766062603 0.04 0.05271828665568369
0 0.15 0.4950576606260296 0.03666666666666667 0.04612850082372323
0 0.4811111111111111 0.7619439868204283 0.034444444444444444 0.04612850082372323
0 0.5844444444444444 0.7553542009884678 0.03666666666666667 0.044481054365733116
0 0.7116666666666667 0.40939044481054365 0.03888888888888889 0.04612850082372323
0 0.24944444444444444 0.4464579901153213 0.035555555555555556 0.044481054365733116
0 0.3888888888888889 0.21828665568369027 0.03777777777777778 0.05601317957166392
0 0.29833333333333334 0.3978583196046129 0.03666666666666667 0.044481054365733116
0 0.28888888888888886 0.27100494233937394 0.03666666666666667 0.04942339373970346
0 0.7438888888888889 0.8270181219110379 0.03666666666666667 0.044481054365733116
0 0.85 0.18945634266886327 0.035555555555555556 0.04942339373970346
0 0.7966666666666666 0.8212520593080724 0.04 0.04612850082372323
0 0.7355555555555555 0.7026359143327842 0.04 0.04612850082372323
0 0.5105555555555555 0.46046128500823724 0.04666666666666667 0.047775947281713346
0 0.27555555555555555 0.7792421746293245 0.03888888888888889 0.047775947281713346
0 0.7688888888888888 0.48846787479406917 0.035555555555555556 0.04612850082372323
0 0.19833333333333333 0.4472817133443163 0.03777777777777778 0.047775947281713346
0 0.8633333333333333 0.35667215815486 0.03777777777777778 0.04942339373970346
0 0.7794444444444445 0.613673805601318 0.035555555555555556 0.044481054365733116
0 0.24666666666666667 0.40362438220757824 0.03666666666666667 0.047775947281713346
0 0.21166666666666667 0.6153212520593081 0.03777777777777778 0.047775947281713346
0 0.14722222222222223 0.45304777594728174 0.03777777777777778 0.047775947281713346
0 0.1438888888888889 0.4102141680395387 0.03777777777777778 0.047775947281713346
0 0.4272222222222222 0.7273476112026359 0.03666666666666667 0.051070840197693576
0 0.7027777777777777 0.28665568369028005 0.04 0.04942339373970346
0 0.7511111111111111 0.9118616144975288 0.04111111111111111 0.04942339373970346
0 0.1411111111111111 0.36820428336079075 0.03777777777777778 0.04612850082372323
0 0.26 0.570840197693575 0.03888888888888889 0.04612850082372323
0 0.17944444444444443 0.1902800658978583 0.03888888888888889 0.054365733113673806
0 0.2038888888888889 0.5337726523887973 0.03888888888888889 0.04612850082372323
0 0.8716666666666667 0.4827018121911038 0.03666666666666667 0.047775947281713346
0 0.5866666666666667 0.7957166392092258 0.03777777777777778 0.04612850082372323
0 0.4872222222222222 0.8451400329489291 0.03888888888888889 0.047775947281713346
0 0.21777777777777776 0.6985172981878089 0.03777777777777778 0.047775947281713346
0 0.575 0.628500823723229 0.03777777777777778 0.044481054365733116
0 0.31166666666666665 0.5642504118616145 0.04 0.051070840197693576
0 0.21444444444444444 0.658154859967051 0.03888888888888889 0.047775947281713346
0 0.59 0.8385502471169687 0.03777777777777778 0.04612850082372323
0 0.32166666666666666 0.6911037891268533 0.03888888888888889 0.051070840197693576
0 0.8977777777777778 0.1342668863261944 0.03777777777777778 0.054365733113673806
0 0.39166666666666666 0.2644151565074135 0.03777777777777778 0.042833607907743
0 0.8061111111111111 0.27677100494233936 0.035555555555555556 0.04612850082372323
0 0.7677777777777778 0.4456342668863262 0.03666666666666667 0.04612850082372323
0 0.7833333333333333 0.6556836902800659 0.03888888888888889 0.04942339373970346
0 0.8094444444444444 0.3187808896210873 0.03666666666666667 0.051070840197693576
0 0.47833333333333333 0.7199341021416804 0.03777777777777778 0.047775947281713346
0 0.9177777777777778 0.39373970345963755 0.03777777777777778 0.04942339373970346
0 0.26222222222222225 0.613673805601318 0.03888888888888889 0.04942339373970346
0 0.4361111111111111 0.8476112026359144 0.034444444444444444 0.047775947281713346
0 0.18555555555555556 0.28171334431630973 0.03888888888888889 0.047775947281713346
0 0.3372222222222222 0.2215815485996705 0.03777777777777778 0.05601317957166392
0 0.19111111111111112 0.3649093904448105 0.04 0.04612850082372323
0 0.4116666666666667 0.515650741350906 0.03666666666666667 0.04612850082372323
0 0.6044444444444445 0.3344316309719934 0.035555555555555556 0.044481054365733116
0 0.195 0.4060955518945634 0.04 0.047775947281713346
0 0.5944444444444444 0.20840197693574958 0.03666666666666667 0.047775947281713346
0 0.755 0.28171334431630973 0.03777777777777778 0.04612850082372323
0 0.8883333333333333 0.6911037891268533 0.03666666666666667 0.047775947281713346
0 0.8688888888888889 0.43986820428336076 0.03666666666666667 0.047775947281713346
0 0.5811111111111111 0.714168039538715 0.034444444444444444 0.047775947281713346
0 0.40444444444444444 0.4341021416803954 0.03666666666666667 0.047775947281713346
0 0.18888888888888888 0.3237232289950577 0.03777777777777778 0.04612850082372323
0 0.7188888888888889 0.4917627677100494 0.03666666666666667 0.04942339373970346
0 0.8827777777777778 0.6070840197693574 0.03777777777777778 0.047775947281713346
0 0.7477777777777778 0.8682042833607908 0.03777777777777778 0.047775947281713346
0 0.5138888888888888 0.5041186161449753 0.044444444444444446 0.042833607907743
0 0.5461111111111111 0.7635914332784185 0.023333333333333334 0.02471169686985173
0 0.5438888888888889 0.7405271828665568 0.024444444444444446 0.029654036243822075
0 0.30833333333333335 0.5230642504118617 0.03888888888888889 0.03130148270181219
0 0.4388888888888889 0.8896210873146623 0.035555555555555556 0.04612850082372323
0 0.5044444444444445 0.35667215815486 0.04666666666666667 0.03789126853377265
0 0.3238888888888889 0.7322899505766063 0.03666666666666667 0.04118616144975288
0 0.49944444444444447 0.28747940691927515 0.04666666666666667 0.036243822075782535
0 0.4938888888888889 0.2215815485996705 0.04888888888888889 0.03789126853377265
0 0.13111111111111112 0.24052718286655683 0.03888888888888889 0.044481054365733116
0 0.23777777777777778 0.9530477759472817 0.03888888888888889 0.047775947281713346
0 0.17555555555555555 0.8319604612850082 0.03777777777777778 0.051070840197693576
0 0.17888888888888888 0.8731466227347611 0.03777777777777778 0.04612850082372323
0 0.34 0.9415156507413509 0.03888888888888889 0.051070840197693576
0 0.1827777777777778 0.913509060955519 0.04 0.047775947281713346
0 0.49166666666666664 0.18945634266886327 0.04555555555555556 0.039538714991762765
0 0.7061111111111111 0.3270181219110379 0.03777777777777778 0.044481054365733116
0 0.09555555555555556 0.45799011532125206 0.03777777777777778 0.042833607907743
0 0.2338888888888889 0.9102141680395387 0.04 0.051070840197693576
0 0.33555555555555555 0.8970345963756178 0.03666666666666667 0.044481054365733116
0 0.08944444444444444 0.3756177924217463 0.03777777777777778 0.044481054365733116
0 0.9488888888888889 0.8097199341021417 0.035555555555555556 0.042833607907743
0 0.48833333333333334 0.1556836902800659 0.04888888888888889 0.04118616144975288
0 0.495 0.2545304777594728 0.04666666666666667 0.044481054365733116
0 0.17 0.7471169686985173 0.03888888888888889 0.04612850082372323
0 0.33055555555555555 0.8138385502471169 0.034444444444444444 0.042833607907743
0 0.9005555555555556 0.8558484349258649 0.03666666666666667 0.04612850082372323
0 0.23055555555555557 0.8665568369028006 0.03777777777777778 0.044481054365733116
0 0.7988888888888889 0.8624382207578254 0.03888888888888889 0.04612850082372323
0 0.17277777777777778 0.7891268533772653 0.04 0.047775947281713346
0 0.3138888888888889 0.6062602965403624 0.034444444444444444 0.042833607907743
0 0.94 0.6869851729818781 0.035555555555555556 0.04612850082372323
0 0.9466666666666667 0.7677100494233937 0.03666666666666667 0.047775947281713346
0 0.5066666666666667 0.3871499176276771 0.04555555555555556 0.042833607907743
0 0.07944444444444444 0.24464579901153213 0.03777777777777778 0.047775947281713346
0 0.7316666666666667 0.658154859967051 0.03888888888888889 0.05271828665568369
0 0.9416666666666667 0.7273476112026359 0.035555555555555556 0.044481054365733116
0 0.49166666666666664 0.8871499176276771 0.03666666666666667 0.042833607907743
0 0.22055555555555556 0.7413509060955519 0.03666666666666667 0.047775947281713346
0 0.43 0.7660626029654036 0.035555555555555556 0.039538714991762765
0 0.9261111111111111 0.5189456342668863 0.03888888888888889 0.04612850082372323
0 0.8944444444444445 0.7734761120263591 0.03666666666666667 0.044481054365733116
0 0.27944444444444444 0.8220757825370676 0.04 0.05271828665568369
0 0.08277777777777778 0.28747940691927515 0.04 0.047775947281713346
0 0.79 0.7388797364085667 0.034444444444444444 0.047775947281713346
0 0.5927777777777777 0.8789126853377265 0.03777777777777778 0.04612850082372323
0 0.13777777777777778 0.32784184514003295 0.03666666666666667 0.044481054365733116
0 0.8538888888888889 0.2298187808896211 0.03666666666666667 0.042833607907743
0 0.915 0.35502471169686983 0.03666666666666667 0.04118616144975288
0 0.2722222222222222 0.7380560131795717 0.035555555555555556 0.044481054365733116
0 0.9233333333333333 0.4769357495881384 0.03888888888888889 0.047775947281713346
0 0.1661111111111111 0.7051070840197694 0.04 0.047775947281713346
0 0.08611111111111111 0.33278418451400327 0.04 0.05271828665568369
0 0.9366666666666666 0.64332784184514 0.035555555555555556 0.044481054365733116
0 0.92 0.43739703459637563 0.03888888888888889 0.044481054365733116
0 0.22444444444444445 0.7833607907742999 0.04 0.04942339373970346
0 0.7083333333333334 0.36820428336079075 0.03888888888888889 0.047775947281713346
0 0.9022222222222223 0.18039538714991762 0.03777777777777778 0.047775947281713346
0 0.7211111111111111 0.5329489291598023 0.03777777777777778 0.04612850082372323
0 0.33444444444444443 0.85667215815486 0.03777777777777778 0.04612850082372323
0 0.86 0.3154859967051071 0.03777777777777778 0.042833607907743
0 0.5716666666666667 0.5897858319604613 0.03888888888888889 0.044481054365733116
0 0.07722222222222222 0.19769357495881384 0.03777777777777778 0.05271828665568369
0 0.43333333333333335 0.8056013179571664 0.03666666666666667 0.04612850082372323
0 0.7416666666666667 0.7833607907742999 0.03888888888888889 0.04612850082372323
0 0.8783333333333333 0.5626029654036244 0.035555555555555556 0.047775947281713346
0 0.8033333333333333 0.9069192751235585 0.03888888888888889 0.05271828665568369
0 0.1638888888888889 0.6630971993410214 0.03888888888888889 0.04942339373970346
0 0.7283333333333334 0.6177924217462932 0.03888888888888889 0.047775947281713346
0 0.9522222222222222 0.8500823723228995 0.03777777777777778 0.047775947281713346
0 0.22666666666666666 0.8261943986820428 0.04 0.04612850082372323
0 0.4938888888888889 0.9308072487644151 0.03777777777777778 0.051070840197693576
0 0.44333333333333336 0.9357495881383855 0.03888888888888889 0.05271828665568369
0 0.875 0.5214168039538715 0.03777777777777778 0.042833607907743
0 0.9294444444444444 0.5601317957166392 0.035555555555555556 0.04612850082372323
0 0.26555555555555554 0.6548599670510709 0.04 0.04612850082372323
0 0.15722222222222224 0.5790774299835255 0.03888888888888889 0.044481054365733116
0 0.9561111111111111 0.8962108731466227 0.03777777777777778 0.051070840197693576
0 0.7522222222222222 0.23887973640856672 0.03888888888888889 0.04942339373970346
0 0.09333333333333334 0.41762767710049425 0.03888888888888889 0.047775947281713346
0 0.31722222222222224 0.6474464579901154 0.03666666666666667 0.04612850082372323
0 0.42055555555555557 0.6416803953871499 0.035555555555555556 0.04612850082372323
0 0.8977777777777778 0.814662273476112 0.03777777777777778 0.04612850082372323
0 0.7933333333333333 0.7817133443163097 0.04 0.047775947281713346
0 0.16 0.6202635914332785 0.04111111111111111 0.04942339373970346
0 0.2688888888888889 0.6976935749588138 0.04 0.04942339373970346
0 0.48388888888888887 0.8039538714991763 0.03777777777777778 0.04612850082372323
0 0.9111111111111111 0.31219110378912684 0.03666666666666667 0.051070840197693576
0 0.13444444444444445 0.2841845140032949 0.03888888888888889 0.05271828665568369
0 0.28555555555555556 0.22817133443163098 0.03666666666666667 0.04942339373970346
0 0.32722222222222225 0.7726523887973641 0.03777777777777778 0.04942339373970346
0 0.9077777777777778 0.26935749588138386 0.03666666666666667 0.044481054365733116
0 0.8661111111111112 0.39950576606260296 0.03777777777777778 0.042833607907743
0 0.5966666666666667 0.9225700164744646 0.03888888888888889 0.051070840197693576
0 0.9333333333333333 0.6029654036243822 0.03666666666666667 0.04942339373970346
0 0.15333333333333332 0.5362438220757826 0.03777777777777778 0.051070840197693576
0 0.7727777777777778 0.5296540362438221 0.03666666666666667 0.04612850082372323
0 0.5016666666666667 0.32207578253706753 0.04555555555555556 0.047775947281713346
0 0.7155555555555555 0.4497528830313015 0.03666666666666667 0.044481054365733116
0 0.23333333333333334 0.22899505766062603 0.03666666666666667 0.051070840197693576
0 0.6966666666666667 0.19522240527182866 0.03888888888888889 0.051070840197693576
0 0.41444444444444445 0.557660626029654 0.03777777777777778 0.042833607907743
0 0.20777777777777778 0.5733113673805601 0.03666666666666667 0.04612850082372323
0 0.8855555555555555 0.6490939044481054 0.03777777777777778 0.04612850082372323
0 0.4716666666666667 0.6367380560131796 0.03666666666666667 0.04612850082372323
0 0.8561111111111112 0.27347611202635913 0.03777777777777778 0.047775947281713346
0 0.7861111111111111 0.6985172981878089 0.035555555555555556 0.04612850082372323
0 0.8916666666666667 0.7339373970345964 0.03888888888888889 0.047775947281713346
0 0.7494444444444445 0.19439868204283361 0.03888888888888889 0.04942339373970346
0 0.7377777777777778 0.7438220757825371 0.03888888888888889 0.04612850082372323
0 0.7244444444444444 0.5749588138385503 0.03888888888888889 0.047775947281713346
0 0.7461111111111111 0.14909390444810544 0.04 0.051070840197693576
0 0.18222222222222223 0.23805601317957167 0.03888888888888889 0.04942339373970346
0 0.6994444444444444 0.24052718286655683 0.04 0.04942339373970346
0 0.7611111111111111 0.3640856672158155 0.03777777777777778 0.044481054365733116
0 0.2011111111111111 0.4901153212520593 0.03777777777777778 0.051070840197693576
0 0.7766666666666666 0.57166392092257 0.03777777777777778 0.04942339373970346
0 0.2822222222222222 0.1812191103789127 0.03888888888888889 0.051070840197693576
0 0.2361111111111111 0.2751235584843493 0.04 0.051070840197693576
0 0.6444444444444445 0.20181219110378912 0.03777777777777778 0.05271828665568369
0 0.295 0.357495881383855 0.03888888888888889 0.04612850082372323
0 0.25333333333333335 0.4868204283360791 0.03777777777777778 0.047775947281713346
0 0.24055555555555555 0.31960461285008235 0.03666666666666667 0.044481054365733116
0 0.6611111111111111 0.414332784184514 0.03888888888888889 0.044481054365733116
0 0.6194444444444445 0.5444810543657331 0.03888888888888889 0.04942339373970346
0 0.5911111111111111 0.16062602965403625 0.04 0.05271828665568369
0 0.395 0.3056013179571664 0.03888888888888889 0.04942339373970346
0 0.5772222222222222 0.6696869851729819 0.03666666666666667 0.047775947281713346
0 0.6161111111111112 0.500823723228995 0.03666666666666667 0.047775947281713346
0 0.7994444444444444 0.18945634266886327 0.03666666666666667 0.04942339373970346
0 0.47444444444444445 0.6762767710049423 0.03777777777777778 0.04612850082372323
0 0.6572222222222223 0.3723228995057661 0.03777777777777778 0.04612850082372323
0 0.565 0.5049423393739704 0.03888888888888889 0.04612850082372323
0 0.815 0.40362438220757824 0.03777777777777778 0.047775947281713346
0 0.655 0.33031301482701814 0.03666666666666667 0.047775947281713346
0 0.24444444444444444 0.36079077429983525 0.03777777777777778 0.047775947281713346
0 0.7577777777777778 0.32207578253706753 0.04 0.04612850082372323
0 0.8122222222222222 0.3624382207578254 0.03777777777777778 0.04612850082372323
0 0.4627777777777778 0.5115321252059308 0.03666666666666667 0.04612850082372323
0 0.45166666666666666 0.385502471169687 0.034444444444444444 0.04612850082372323
0 0.2927777777777778 0.3163097199341021 0.03777777777777778 0.047775947281713346
0 0.46555555555555556 0.5518945634266886 0.03888888888888889 0.047775947281713346
0 0.3005555555555556 0.4390444810543657 0.03777777777777778 0.047775947281713346
0 0.5683333333333334 0.5461285008237232 0.03888888888888889 0.04942339373970346
0 0.3983333333333333 0.3484349258649094 0.03888888888888889 0.044481054365733116
0 0.4172222222222222 0.5996705107084019 0.035555555555555556 0.047775947281713346
0 0.4072222222222222 0.47364085667215816 0.03666666666666667 0.044481054365733116
0 0.42333333333333334 0.6836902800658978 0.03777777777777778 0.04612850082372323
0 0.6016666666666667 0.2932454695222405 0.03777777777777778 0.04942339373970346
0 0.4411111111111111 0.2158154859967051 0.03777777777777778 0.04942339373970346
0 0.5472222222222223 0.25370675453047775 0.03777777777777778 0.04612850082372323
0 0.3055555555555556 0.4827018121911038 0.04 0.04942339373970346
0 0.5983333333333334 0.24958813838550248 0.03777777777777778 0.047775947281713346
0 0.25666666666666665 0.5280065897858319 0.03777777777777778 0.04942339373970346
0 0.8027777777777778 0.23393739703459637 0.03777777777777778 0.04942339373970346
0 0.7644444444444445 0.40444810543657334 0.03888888888888889 0.04612850082372323
0 0.4011111111111111 0.3904448105436573 0.03888888888888889 0.04942339373970346
0 0.4461111111111111 0.30230642504118616 0.035555555555555556 0.047775947281713346
0 0.5394444444444444 0.16227347611202636 0.03888888888888889 0.057660626029654036
0 0.6072222222222222 0.37644151565074135 0.03666666666666667 0.04612850082372323
0 0.4488888888888889 0.3443163097199341 0.034444444444444444 0.04612850082372323
0 0.6483333333333333 0.24629324546952225 0.03666666666666667 0.047775947281713346
0 0.61 0.4184514003294893 0.03888888888888889 0.047775947281713346
0 0.5555555555555556 0.3797364085667216 0.03777777777777778 0.047775947281713346
0 0.5622222222222222 0.46375617792421747 0.03666666666666667 0.047775947281713346
0 0.44333333333333336 0.25947281713344317 0.03666666666666667 0.047775947281713346
0 0.6138888888888889 0.46046128500823724 0.03777777777777778 0.04612850082372323
0 0.6516666666666666 0.28912685337726524 0.03777777777777778 0.044481054365733116
0 0.45666666666666667 0.42751235584843494 0.03666666666666667 0.051070840197693576
0 0.5444444444444444 0.2116968698517298 0.03777777777777778 0.047775947281713346
0 0.4588888888888889 0.47034596375617793 0.03777777777777778 0.047775947281713346
0 0.46944444444444444 0.5947281713344317 0.03777777777777778 0.047775947281713346
0 0.5588888888888889 0.42174629324546953 0.03666666666666667 0.04612850082372323
0 0.5533333333333333 0.33772652388797364 0.035555555555555556 0.04612850082372323
0 0.5511111111111111 0.2957166392092257 0.03666666666666667 0.047775947281713346
0 0.6633333333333333 0.45551894563426687 0.04 0.051070840197693576