0 0.8693333333333333 0.5342146189735615 0.034666666666666665 0.038880248833592534
0 0.8813333333333333 0.7853810264385692 0.024 0.027993779160186624
0 0.5 0.307153965785381 0.032 0.029548989113530325
0 0.8666666666666667 0.8872472783825817 0.037333333333333336 0.03265940902021773
0 0.826 0.7838258164852255 0.025333333333333333 0.03110419906687403
0 0.8673333333333333 0.8553654743390358 0.036 0.03110419906687403
0 0.7046666666666667 0.5381026438569206 0.036 0.03732503888024884
0 0.8713333333333333 0.749611197511664 0.036 0.04043545878693624
0 0.506 0.5567651632970451 0.025333333333333333 0.03110419906687403
0 0.5073333333333333 0.5171073094867807 0.025333333333333333 0.03265940902021773
0 0.41733333333333333 0.7853810264385692 0.024 0.03110419906687403
0 0.542 0.656298600311042 0.03333333333333333 0.03732503888024884
0 0.87 0.32581648522550544 0.03866666666666667 0.03576982892690513
0 0.6093333333333333 0.7846034214618973 0.024 0.029548989113530325
0 0.4046666666666667 0.5373250388802489 0.036 0.041990668740279936
0 0.7733333333333333 0.7846034214618973 0.024 0.029548989113530325
0 0.5013333333333333 0.21073094867807154 0.029333333333333333 0.026438569206842923
0 0.4033333333333333 0.8553654743390358 0.03866666666666667 0.03421461897356143
0 0.5426666666666666 0.4906687402799378 0.032 0.041990668740279936
0 0.868 0.8195956454121306 0.037333333333333336 0.03732503888024884
0 0.554 0.7846034214618973 0.025333333333333333 0.029548989113530325
0 0.706 0.3234836702954899 0.03333333333333333 0.03421461897356143
0 0.8153333333333334 0.536547433903577 0.036 0.03732503888024884
0 0.404 0.8188180404354588 0.037333333333333336 0.03576982892690513
0 0.704 0.8195956454121306 0.037333333333333336 0.03421461897356143
0 0.6633333333333333 0.7846034214618973 0.025333333333333333 0.029548989113530325
0 0.7186666666666667 0.786158631415241 0.024 0.029548989113530325
0 0.76 0.536547433903577 0.034666666666666665 0.03732503888024884
0 0.6506666666666666 0.8180404354587869 0.04 0.03732503888024884
0 0.65 0.536547433903577 0.03866666666666667 0.03732503888024884
0 0.8146666666666667 0.7480559875583204 0.037333333333333336 0.03732503888024884
0 0.5426666666666666 0.4097978227060653 0.037333333333333336 0.03576982892690513
0 0.7613333333333333 0.749611197511664 0.034666666666666665 0.04043545878693624
0 0.812 0.8872472783825817 0.037333333333333336 0.041990668740279936
0 0.814 0.8203732503888025 0.03866666666666667 0.038880248833592534
0 0.596 0.5349922239502333 0.037333333333333336 0.04043545878693624
0 0.5 0.27527216174183516 0.034666666666666665 0.03421461897356143
0 0.5013333333333333 0.23872472783825816 0.032 0.029548989113530325
0 0.4046666666666667 0.890357698289269 0.03866666666666667 0.03576982892690513
0 0.404 0.750388802488336 0.034666666666666665 0.038880248833592534
0 0.596 0.7480559875583204 0.034666666666666665 0.03732503888024884
0 0.406 0.3250388802488336 0.036 0.03421461897356143
0 0.7026666666666667 0.8538102643856921 0.037333333333333336 0.03421461897356143
0 0.6513333333333333 0.32426127527216175 0.036 0.03576982892690513
0 0.7046666666666667 0.7488335925349923 0.036 0.038880248833592534
0 0.6506666666666666 0.7488335925349923 0.034666666666666665 0.038880248833592534
0 0.54 0.854587869362364 0.034666666666666665 0.03265940902021773
0 0.76 0.32426127527216175 0.04 0.038880248833592534
0 0.5406666666666666 0.8180404354587869 0.036 0.03732503888024884
0 0.45866666666666667 0.3608087091757387 0.034666666666666665 0.04043545878693624
0 0.648 0.890357698289269 0.037333333333333336 0.03576982892690513
0 0.7593333333333333 0.8203732503888025 0.03866666666666667 0.038880248833592534
0 0.594 0.8538102643856921 0.036 0.03421461897356143
0 0.5973333333333334 0.8180404354587869 0.037333333333333336 0.03732503888024884
0 0.5426666666666666 0.5707620528771384 0.034666666666666665 0.04354587869362364
0 0.538 0.890357698289269 0.03866666666666667 0.03576982892690513
0 0.458 0.32115085536547433 0.03333333333333333 0.03576982892690513
0 0.596 0.322706065318818 0.04 0.041990668740279936
0 0.5446666666666666 0.322706065318818 0.03866666666666667 0.038880248833592534
0 0.542 0.7465007776049767 0.04133333333333333 0.04043545878693624
0 0.5933333333333334 0.8888024883359253 0.037333333333333336 0.03576982892690513
0 0.702 0.8888024883359253 0.04133333333333333 0.03576982892690513
0 0.65 0.854587869362364 0.03866666666666667 0.03576982892690513
0 0.816 0.3250388802488336 0.037333333333333336 0.04043545878693624
0 0.7586666666666667 0.8872472783825817 0.037333333333333336 0.041990668740279936