0 0.345 0.2202970297029703 0.034444444444444444 0.04455445544554455
0 0.5138888888888888 0.7607260726072608 0.025555555555555557 0.013201320132013201
0 0.5144444444444445 0.7293729372937293 0.021111111111111112 0.01485148514851485
0 0.5144444444444445 0.7442244224422442 0.021111111111111112 0.01485148514851485
0 0.3977777777777778 0.9174917491749175 0.035555555555555556 0.0429042904290429
0 0.3972222222222222 0.3448844884488449 0.034444444444444444 0.039603960396039604
0 0.1388888888888889 0.46782178217821785 0.03333333333333333 0.041254125412541254
0 0.39666666666666667 0.8308580858085809 0.035555555555555556 0.041254125412541254
0 0.5522222222222222 0.9166666666666666 0.03777777777777778 0.04455445544554455
0 0.295 0.5858085808580858 0.034444444444444444 0.039603960396039604
0 0.4483333333333333 0.7516501650165016 0.034444444444444444 0.041254125412541254
0 0.6538888888888889 0.5041254125412541 0.03222222222222222 0.037953795379537955
0 0.91 0.3424092409240924 0.03333333333333333 0.041254125412541254
0 0.7055555555555556 0.7120462046204621 0.035555555555555556 0.04455445544554455
0 0.5016666666666667 0.3927392739273927 0.043333333333333335 0.039603960396039604
0 0.4488888888888889 0.5841584158415841 0.03333333333333333 0.036303630363036306
0 0.29388888888888887 0.3415841584158416 0.034444444444444444 0.0429042904290429
0 0.3977777777777778 0.75 0.03333333333333333 0.041254125412541254
0 0.9111111111111111 0.4645214521452145 0.035555555555555556 0.04785478547854786
0 0.29444444444444445 0.5478547854785478 0.03333333333333333 0.039603960396039604
0 0.14055555555555554 0.264026402640264 0.03666666666666667 0.039603960396039604
0 0.2427777777777778 0.2632013201320132 0.03222222222222222 0.041254125412541254
0 0.34555555555555556 0.3844884488448845 0.03333333333333333 0.0429042904290429
0 0.4483333333333333 0.30528052805280526 0.03222222222222222 0.039603960396039604
0 0.29388888888888887 0.30198019801980197 0.034444444444444444 0.036303630363036306
0 0.7027777777777777 0.1716171617161716 0.03666666666666667 0.0462046204620462
0 0.8066666666666666 0.25825082508250824 0.03111111111111111 0.041254125412541254
0 0.08888888888888889 0.4265676567656766 0.03333333333333333 0.037953795379537955
0 0.7072222222222222 0.8333333333333334 0.034444444444444444 0.039603960396039604
0 0.1388888888888889 0.5462046204620462 0.03777777777777778 0.0429042904290429
0 0.6544444444444445 0.42326732673267325 0.03333333333333333 0.034653465346534656
0 0.8072222222222222 0.38283828382838286 0.03222222222222222 0.036303630363036306
0 0.39611111111111114 0.46782178217821785 0.03222222222222222 0.041254125412541254
0 0.5505555555555556 0.6674917491749175 0.034444444444444444 0.04455445544554455
0 0.4483333333333333 0.7095709570957096 0.034444444444444444 0.0429042904290429
0 0.6022222222222222 0.21699669966996699 0.035555555555555556 0.04455445544554455
0 0.8088888888888889 0.7945544554455446 0.035555555555555556 0.04455445544554455
0 0.29444444444444445 0.2615511551155115 0.035555555555555556 0.037953795379537955
0 0.7038888888888889 0.2599009900990099 0.03222222222222222 0.037953795379537955
0 0.9083333333333333 0.2145214521452145 0.034444444444444444 0.0429042904290429
0 0.4477777777777778 0.8316831683168316 0.035555555555555556 0.0429042904290429
0 0.295 0.6270627062706271 0.034444444444444444 0.039603960396039604
0 0.9077777777777778 0.16914191419141913 0.03777777777777778 0.04785478547854786
0 0.08888888888888889 0.3457095709570957 0.035555555555555556 0.037953795379537955
0 0.8105555555555556 0.9158415841584159 0.03666666666666667 0.0429042904290429
0 0.5516666666666666 0.8729372937293729 0.034444444444444444 0.039603960396039604
0 0.08833333333333333 0.22607260726072606 0.03888888888888889 0.04950495049504951
0 0.7055555555555556 0.9166666666666666 0.035555555555555556 0.041254125412541254
0 0.13944444444444445 0.3448844884488449 0.03222222222222222 0.036303630363036306
0 0.39666666666666667 0.7896039603960396 0.03333333333333333 0.041254125412541254
0 0.8066666666666666 0.21617161716171618 0.03111111111111111 0.0429042904290429
0 0.8072222222222222 0.30033003300330036 0.03222222222222222 0.0429042904290429
0 0.3972222222222222 0.2615511551155115 0.034444444444444444 0.041254125412541254
0 0.3466666666666667 0.504950495049505 0.03333333333333333 0.0429042904290429
0 0.8105555555555556 0.8745874587458746 0.034444444444444444 0.039603960396039604
0 0.7066666666666667 0.6683168316831684 0.035555555555555556 0.0429042904290429
0 0.29388888888888887 0.9166666666666666 0.03888888888888889 0.04785478547854786
0 0.1388888888888889 0.5066006600660066 0.03333333333333333 0.036303630363036306
0 0.7061111111111111 0.8754125412541254 0.034444444444444444 0.04455445544554455
0 0.8072222222222222 0.16914191419141913 0.034444444444444444 0.05115511551155116
0 0.9088888888888889 0.25825082508250824 0.03333333333333333 0.041254125412541254
0 0.5511111111111111 0.7087458745874587 0.035555555555555556 0.037953795379537955
0 0.5011111111111111 0.2566006600660066 0.044444444444444446 0.041254125412541254
0 0.39666666666666667 0.6683168316831684 0.03333333333333333 0.039603960396039604
0 0.2922222222222222 0.17574257425742573 0.035555555555555556 0.04785478547854786
0 0.9122222222222223 0.7937293729372937 0.03333333333333333 0.0429042904290429
0 0.91 0.42244224422442245 0.03333333333333333 0.036303630363036306
0 0.7038888888888889 0.4645214521452145 0.034444444444444444 0.037953795379537955
0 0.4477777777777778 0.7904290429042904 0.03333333333333333 0.036303630363036306
0 0.19111111111111112 0.466996699669967 0.035555555555555556 0.036303630363036306
0 0.29444444444444445 0.7912541254125413 0.035555555555555556 0.04455445544554455
0 0.29388888888888887 0.7508250825082509 0.034444444444444444 0.036303630363036306
0 0.4488888888888889 0.9133663366336634 0.035555555555555556 0.04455445544554455
0 0.5011111111111111 0.3572607260726073 0.04666666666666667 0.034653465346534656
0 0.9116666666666666 0.5082508250825083 0.03666666666666667 0.033003300330033
0 0.5005555555555555 0.3201320132013201 0.043333333333333335 0.0429042904290429
0 0.5522222222222222 0.7896039603960396 0.03333333333333333 0.037953795379537955
0 0.7044444444444444 0.5024752475247525 0.03111111111111111 0.041254125412541254
0 0.08833333333333333 0.26897689768976896 0.03666666666666667 0.033003300330033
0 0.8094444444444444 0.834983498349835 0.03666666666666667 0.039603960396039604
0 0.5516666666666666 0.83003300330033 0.034444444444444444 0.0429042904290429
0 0.295 0.8333333333333334 0.03666666666666667 0.0429042904290429
0 0.4483333333333333 0.8712871287128713 0.034444444444444444 0.039603960396039604
0 0.91 0.2995049504950495 0.03333333333333333 0.041254125412541254
0 0.6016666666666667 0.2632013201320132 0.034444444444444444 0.04455445544554455
0 0.29444444444444445 0.6683168316831684 0.035555555555555556 0.0429042904290429
0 0.29444444444444445 0.466996699669967 0.03333333333333333 0.039603960396039604
0 0.9127777777777778 0.7079207920792079 0.03666666666666667 0.026402640264026403
0 0.29444444444444445 0.8729372937293729 0.03333333333333333 0.039603960396039604
0 0.39666666666666667 0.8729372937293729 0.03333333333333333 0.0462046204620462
0 0.5016666666666667 0.504950495049505 0.03666666666666667 0.039603960396039604
0 0.9116666666666666 0.6204620462046204 0.03222222222222222 0.019801980198019802
0 0.5005555555555555 0.16419141914191418 0.04555555555555556 0.03135313531353135
0 0.5 0.19884488448844884 0.044444444444444446 0.037953795379537955
0 0.5005555555555555 0.22442244224422442 0.04777777777777778 0.0297029702970297
0 0.5016666666666667 0.29042904290429045 0.04555555555555556 0.026402640264026403
0 0.8561111111111112 0.16996699669966997 0.03666666666666667 0.04950495049504951
0 0.5505555555555556 0.7483498349834984 0.034444444444444444 0.041254125412541254
0 0.7044444444444444 0.5453795379537953 0.03333333333333333 0.04455445544554455
0 0.08833333333333333 0.5123762376237624 0.03666666666666667 0.04455445544554455
0 0.08888888888888889 0.17986798679867988 0.035555555555555556 0.0462046204620462
0 0.295 0.38366336633663367 0.034444444444444444 0.041254125412541254
0 0.29555555555555557 0.7112211221122112 0.035555555555555556 0.0429042904290429
0 0.19055555555555556 0.1773927392739274 0.03666666666666667 0.04455445544554455
0 0.29444444444444445 0.4249174917491749 0.035555555555555556 0.041254125412541254
0 0.7033333333333334 0.21699669966996699 0.035555555555555556 0.04455445544554455
0 0.19111111111111112 0.38531353135313534 0.035555555555555556 0.041254125412541254
0 0.8566666666666667 0.34405940594059403 0.035555555555555556 0.04455445544554455
0 0.91 0.38283828382838286 0.03333333333333333 0.039603960396039604
0 0.34555555555555556 0.4661716171617162 0.03333333333333333 0.037953795379537955
0 0.5511111111111111 0.504950495049505 0.03111111111111111 0.039603960396039604
0 0.8094444444444444 0.6683168316831684 0.03222222222222222 0.0429042904290429
0 0.5511111111111111 0.2145214521452145 0.035555555555555556 0.0429042904290429
0 0.6527777777777778 0.34075907590759075 0.034444444444444444 0.037953795379537955
0 0.19055555555555556 0.26567656765676567 0.034444444444444444 0.039603960396039604
0 0.8083333333333333 0.5453795379537953 0.034444444444444444 0.041254125412541254
0 0.4483333333333333 0.6674917491749175 0.034444444444444444 0.041254125412541254
0 0.6011111111111112 0.1716171617161716 0.03777777777777778 0.0462046204620462
0 0.3977777777777778 0.7079207920792079 0.03333333333333333 0.0429042904290429
0 0.9122222222222223 0.5445544554455446 0.035555555555555556 0.039603960396039604
0 0.6538888888888889 0.2986798679867987 0.034444444444444444 0.0429042904290429
0 0.5511111111111111 0.46534653465346537 0.03333333333333333 0.039603960396039604
0 0.7061111111111111 0.5882838283828383 0.034444444444444444 0.041254125412541254
0 0.7066666666666667 0.7937293729372937 0.03333333333333333 0.039603960396039604
0 0.8566666666666667 0.30115511551155116 0.035555555555555556 0.041254125412541254
0 0.7061111111111111 0.6278877887788779 0.034444444444444444 0.041254125412541254
0 0.14 0.1773927392739274 0.035555555555555556 0.041254125412541254
0 0.08833333333333333 0.46782178217821785 0.03666666666666667 0.04455445544554455
0 0.1388888888888889 0.38366336633663367 0.03333333333333333 0.041254125412541254
0 0.8094444444444444 0.7103960396039604 0.034444444444444444 0.04455445544554455
0 0.49944444444444447 0.4570957095709571 0.04111111111111111 0.0462046204620462
0 0.13833333333333334 0.5882838283828383 0.03666666666666667 0.041254125412541254
0 0.8094444444444444 0.7516501650165016 0.03666666666666667 0.041254125412541254
0 0.655 0.5445544554455446 0.034444444444444444 0.0429042904290429
0 0.5516666666666666 0.5833333333333334 0.03222222222222222 0.037953795379537955
0 0.08833333333333333 0.3061056105610561 0.03666666666666667 0.041254125412541254
0 0.7061111111111111 0.7533003300330033 0.034444444444444444 0.041254125412541254
0 0.7033333333333334 0.30033003300330036 0.03333333333333333 0.0429042904290429
0 0.19111111111111112 0.3457095709570957 0.035555555555555556 0.041254125412541254
0 0.8083333333333333 0.5866336633663366 0.034444444444444444 0.041254125412541254
0 0.8088888888888889 0.6262376237623762 0.03111111111111111 0.041254125412541254
0 0.9122222222222223 0.6658415841584159 0.035555555555555556 0.04785478547854786
0 0.7044444444444444 0.38283828382838286 0.03333333333333333 0.039603960396039604
0 0.8083333333333333 0.4636963696369637 0.034444444444444444 0.039603960396039604
0 0.5505555555555556 0.3448844884488449 0.034444444444444444 0.036303630363036306
0 0.39611111111111114 0.4273927392739274 0.034444444444444444 0.039603960396039604
0 0.1388888888888889 0.3061056105610561 0.035555555555555556 0.04455445544554455
0 0.14 0.22277227722772278 0.03777777777777778 0.0429042904290429
0 0.3461111111111111 0.3432343234323432 0.03222222222222222 0.039603960396039604
0 0.8566666666666667 0.21782178217821782 0.035555555555555556 0.0429042904290429
0 0.5516666666666666 0.2590759075907591 0.03666666666666667 0.0462046204620462
0 0.345 0.6262376237623762 0.03222222222222222 0.041254125412541254
0 0.5516666666666666 0.6237623762376238 0.034444444444444444 0.0429042904290429
0 0.4477777777777778 0.46534653465346537 0.03333333333333333 0.039603960396039604
0 0.5494444444444444 0.17244224422442245 0.03666666666666667 0.04455445544554455
0 0.39611111111111114 0.5066006600660066 0.03222222222222222 0.036303630363036306
0 0.3461111111111111 0.584983498349835 0.034444444444444444 0.041254125412541254
0 0.29388888888888887 0.22194719471947194 0.03666666666666667 0.041254125412541254
0 0.4477777777777778 0.21947194719471946 0.03333333333333333 0.0429042904290429
0 0.5516666666666666 0.42574257425742573 0.034444444444444444 0.039603960396039604
0 0.8572222222222222 0.2590759075907591 0.034444444444444444 0.0429042904290429
0 0.755 0.2978547854785479 0.034444444444444444 0.04455445544554455
0 0.3466666666666667 0.5453795379537953 0.035555555555555556 0.037953795379537955
0 0.19 0.4273927392739274 0.035555555555555556 0.0429042904290429
0 0.5516666666666666 0.5453795379537953 0.03222222222222222 0.037953795379537955
0 0.295 0.5074257425742574 0.034444444444444444 0.041254125412541254
0 0.6533333333333333 0.4636963696369637 0.03111111111111111 0.0429042904290429
0 0.5516666666666666 0.3844884488448845 0.034444444444444444 0.0429042904290429
0 0.9122222222222223 0.7491749174917491 0.035555555555555556 0.0462046204620462
0 0.24166666666666667 0.21947194719471946 0.034444444444444444 0.0429042904290429
0 0.4477777777777778 0.5453795379537953 0.03333333333333333 0.041254125412541254
0 0.08833333333333333 0.38778877887788776 0.03666666666666667 0.0429042904290429
0 0.1388888888888889 0.4265676567656766 0.03333333333333333 0.041254125412541254
0 0.19055555555555556 0.5074257425742574 0.03666666666666667 0.04455445544554455
0 0.3972222222222222 0.5841584158415841 0.034444444444444444 0.039603960396039604
0 0.705 0.3424092409240924 0.03222222222222222 0.041254125412541254
0 0.705 0.42326732673267325 0.034444444444444444 0.041254125412541254
0 0.8088888888888889 0.504950495049505 0.03333333333333333 0.0429042904290429
0 0.3461111111111111 0.7095709570957096 0.034444444444444444 0.0429042904290429
0 0.4477777777777778 0.3448844884488449 0.03333333333333333 0.039603960396039604
0 0.19055555555555556 0.30528052805280526 0.034444444444444444 0.039603960396039604
0 0.4483333333333333 0.6245874587458746 0.034444444444444444 0.04455445544554455
0 0.8072222222222222 0.3432343234323432 0.03222222222222222 0.0429042904290429
0 0.8077777777777778 0.42326732673267325 0.03111111111111111 0.041254125412541254
0 0.34444444444444444 0.6683168316831684 0.035555555555555556 0.0429042904290429
0 0.4483333333333333 0.42574257425742573 0.034444444444444444 0.0429042904290429
0 0.3461111111111111 0.4265676567656766 0.03 0.037953795379537955
0 0.4477777777777778 0.5041254125412541 0.035555555555555556 0.041254125412541254
0 0.3977777777777778 0.30445544554455445 0.035555555555555556 0.041254125412541254
0 0.4477777777777778 0.2632013201320132 0.03333333333333333 0.04785478547854786
0 0.19111111111111112 0.22277227722772278 0.035555555555555556 0.0429042904290429
0 0.5511111111111111 0.30445544554455445 0.035555555555555556 0.04455445544554455
0 0.6533333333333333 0.38366336633663367 0.035555555555555556 0.04455445544554455
0 0.34555555555555556 0.30363036303630364 0.03333333333333333 0.039603960396039604
0 0.39611111111111114 0.21864686468646866 0.034444444444444444 0.04455445544554455
0 0.7561111111111111 0.3424092409240924 0.034444444444444444 0.04455445544554455
0 0.345 0.2632013201320132 0.034444444444444444 0.041254125412541254
0 0.7566666666666667 0.38613861386138615 0.03333333333333333 0.0429042904290429
0 0.4483333333333333 0.3844884488448845 0.034444444444444444 0.039603960396039604
0 0.3972222222222222 0.38613861386138615 0.03666666666666667 0.0429042904290429
0 0.3972222222222222 0.6270627062706271 0.034444444444444444 0.0429042904290429
0 0.9127777777777778 0.5891089108910891 0.03666666666666667 0.04950495049504951
0 0.39666666666666667 0.5437293729372937 0.03333333333333333 0.041254125412541254