0 0.694 0.4867807153965785 0.03333333333333333 0.03265940902021773
0 0.508 0.23872472783825816 0.03333333333333333 0.03421461897356143
0 0.5093333333333333 0.21073094867807154 0.032 0.027993779160186624
0 0.402 0.38724727838258166 0.04 0.026438569206842923
0 0.8693333333333333 0.3203732503888025 0.037333333333333336 0.024883359253499222
0 0.49466666666666664 0.4121306376360809 0.029333333333333333 0.029548989113530325
0 0.49466666666666664 0.42534992223950235 0.029333333333333333 0.026438569206842923
0 0.6806666666666666 0.6632970451010887 0.034666666666666665 0.03576982892690513
0 0.28 0.5217729393468118 0.04 0.038880248833592534
0 0.5706666666666667 0.8732503888024883 0.02666666666666667 0.03265940902021773
0 0.8586666666666667 0.46734059097978226 0.034666666666666665 0.03732503888024884
0 0.3473333333333333 0.3810264385692068 0.03866666666666667 0.03576982892690513
0 0.2833333333333333 0.6671850699844479 0.03333333333333333 0.03265940902021773
0 0.344 0.6049766718506998 0.028 0.029548989113530325
0 0.49666666666666665 0.37947122861586313 0.029333333333333333 0.038880248833592534
0 0.5606666666666666 0.6189735614307932 0.028 0.03265940902021773
0 0.318 0.6018662519440124 0.02666666666666667 0.027993779160186624
0 0.6886666666666666 0.5567651632970451 0.03333333333333333 0.03576982892690513
0 0.49133333333333334 0.45645412130637636 0.02666666666666667 0.03421461897356143
0 0.5033333333333333 0.2737169517884914 0.036 0.03732503888024884
0 0.29133333333333333 0.5979782270606532 0.028 0.03110419906687403
0 0.3333333333333333 0.5629860031104199 0.036 0.04043545878693624
0 0.6766666666666666 0.7013996889580093 0.03866666666666667 0.04043545878693624
0 0.6193333333333333 0.7667185069984448 0.04 0.041990668740279936
0 0.118 0.46967340590979784 0.042666666666666665 0.041990668740279936
0 0.5466666666666666 0.8351477449455676 0.029333333333333333 0.03576982892690513
0 0.564 0.7636080870917574 0.03866666666666667 0.038880248833592534
0 0.092 0.833592534992224 0.042666666666666665 0.041990668740279936
0 0.8093333333333333 0.3880248833592535 0.032 0.038880248833592534
0 0.392 0.49455676516329705 0.03866666666666667 0.04354587869362364
0 0.616 0.8055987558320373 0.04133333333333333 0.041990668740279936
0 0.352 0.30793157076205285 0.04 0.04354587869362364
0 0.5306666666666666 0.4712286158631415 0.037333333333333336 0.04354587869362364
0 0.5733333333333334 0.8374805598755832 0.029333333333333333 0.03576982892690513
0 0.33866666666666667 0.671850699844479 0.029333333333333333 0.03110419906687403
0 0.38066666666666665 0.7115085536547434 0.04133333333333333 0.03576982892690513
0 0.314 0.6702954898911353 0.025333333333333333 0.027993779160186624
0 0.588 0.4385692068429238 0.04133333333333333 0.041990668740279936
0 0.5953333333333334 0.3320373250388802 0.042666666666666665 0.04510108864696734
0 0.5853333333333334 0.4774494556765163 0.04 0.038880248833592534
0 0.6086666666666667 0.911353032659409 0.04 0.041990668740279936
0 0.5926666666666667 0.37169517884914466 0.042666666666666665 0.04354587869362364
0 0.7006666666666667 0.380248833592535 0.04133333333333333 0.04043545878693624
0 0.286 0.6329704510108864 0.03333333333333333 0.04043545878693624
0 0.8613333333333333 0.43157076205287714 0.042666666666666665 0.041990668740279936
0 0.7553333333333333 0.3864696734059098 0.03866666666666667 0.041990668740279936
0 0.64 0.4821150855365474 0.042666666666666665 0.04354587869362364
0 0.578 0.5839813374805599 0.04 0.041990668740279936
0 0.7386666666666667 0.5995334370139969 0.044 0.04665629860031104
0 0.38866666666666666 0.5342146189735615 0.044 0.04354587869362364
0 0.214 0.6982892690513219 0.042666666666666665 0.04043545878693624
0 0.09533333333333334 0.7931570762052877 0.03866666666666667 0.04354587869362364
0 0.226 0.5186625194401244 0.03866666666666667 0.03732503888024884
0 0.14866666666666667 0.8390357698289269 0.04133333333333333 0.04043545878693624
0 0.872 0.2869362363919129 0.03866666666666667 0.041990668740279936
0 0.23666666666666666 0.3693623639191291 0.04 0.03732503888024884
0 0.6646666666666666 0.8786936236391913 0.03866666666666667 0.041990668740279936
0 0.31533333333333335 0.635303265940902 0.028 0.03576982892690513
0 0.568 0.9090202177293935 0.028 0.03265940902021773
0 0.17133333333333334 0.5132192846034215 0.03866666666666667 0.038880248833592534
0 0.12733333333333333 0.3250388802488336 0.04 0.03732503888024884
0 0.3413333333333333 0.6391912908242613 0.030666666666666665 0.03576982892690513
0 0.6106666666666667 0.8709175738724728 0.04 0.041990668740279936
0 0.5553333333333333 0.328149300155521 0.032 0.038880248833592534
0 0.278 0.5590979782270606 0.04 0.038880248833592534
0 0.5866666666666667 0.6228615863141524 0.029333333333333333 0.03576982892690513
0 0.37 0.8553654743390358 0.04 0.04043545878693624
0 0.7273333333333334 0.776049766718507 0.04 0.04354587869362364
0 0.184 0.3297045101088647 0.03866666666666667 0.03576982892690513
0 0.15933333333333333 0.692846034214619 0.04 0.03421461897356143
0 0.29133333333333333 0.37636080870917576 0.03866666666666667 0.03421461897356143
0 0.628 0.6601866251944012 0.04133333333333333 0.04510108864696734
0 0.11466666666666667 0.5077760497667185 0.04533333333333334 0.04510108864696734
0 0.382 0.6765163297045101 0.03866666666666667 0.03732503888024884
0 0.584 0.6594090202177294 0.030666666666666665 0.038880248833592534
0 0.216 0.661741835147745 0.04 0.03732503888024884
0 0.21866666666666668 0.6228615863141524 0.04133333333333333 0.04354587869362364
0 0.182 0.36391912908242613 0.03866666666666667 0.03732503888024884
0 0.16133333333333333 0.6578538102643857 0.03866666666666667 0.03576982892690513
0 0.696 0.4494556765163297 0.036 0.041990668740279936
0 0.7046666666666667 0.3390357698289269 0.037333333333333336 0.041990668740279936
0 0.716 0.9206842923794712 0.04 0.03576982892690513
0 0.20066666666666666 0.8452566096423018 0.03866666666666667 0.04354587869362364
0 0.724 0.8141524105754276 0.04133333333333333 0.038880248833592534
0 0.35 0.34603421461897355 0.03866666666666667 0.03576982892690513
0 0.7326666666666667 0.7091757387247278 0.04133333333333333 0.04043545878693624
0 0.5013333333333333 0.30637636080870917 0.03333333333333333 0.03421461897356143
0 0.6346666666666667 0.5505443234836703 0.037333333333333336 0.041990668740279936
0 0.23933333333333334 0.33514774494556765 0.037333333333333336 0.03732503888024884
0 0.8746666666666667 0.25038880248833595 0.03866666666666667 0.03732503888024884
0 0.5613333333333334 0.8009331259720062 0.042666666666666665 0.04043545878693624
0 0.10333333333333333 0.6897356143079316 0.04 0.03732503888024884
0 0.12466666666666666 0.36236391912908245 0.04133333333333333 0.04043545878693624
0 0.204 0.8017107309486781 0.04 0.04665629860031104
0 0.336 0.526438569206843 0.04 0.038880248833592534
0 0.164 0.619751166407465 0.04133333333333333 0.04354587869362364
0 0.7346666666666667 0.6687402799377916 0.04133333333333333 0.04665629860031104
0 0.37333333333333335 0.8157076205287714 0.04133333333333333 0.041990668740279936
0 0.2833333333333333 0.48289269051321926 0.042666666666666665 0.04354587869362364
0 0.294 0.3429237947122862 0.03866666666666667 0.03732503888024884
0 0.338 0.48755832037325036 0.04 0.041990668740279936
0 0.17333333333333334 0.47433903576982894 0.04133333333333333 0.04510108864696734
0 0.58 0.5458786936236392 0.034666666666666665 0.03732503888024884
0 0.106 0.6539657853810265 0.04 0.03732503888024884
0 0.7406666666666667 0.5598755832037325 0.04133333333333333 0.04043545878693624
0 0.4053333333333333 0.35303265940902023 0.03866666666666667 0.038880248833592534
0 0.384 0.6384136858475894 0.04 0.04510108864696734
0 0.5433333333333333 0.8724727838258165 0.030666666666666665 0.03732503888024884
0 0.108 0.614307931570762 0.04133333333333333 0.04510108864696734
0 0.7186666666666667 0.8825816485225505 0.042666666666666665 0.04510108864696734
0 0.242 0.2986003110419907 0.037333333333333336 0.041990668740279936
0 0.6613333333333333 0.9183514774494557 0.04133333333333333 0.04043545878693624
0 0.6693333333333333 0.812597200622084 0.03866666666666667 0.04354587869362364
0 0.748 0.4906687402799378 0.04133333333333333 0.04354587869362364
0 0.6233333333333333 0.6998444790046656 0.04133333333333333 0.038880248833592534
0 0.5406666666666666 0.9074650077760498 0.032 0.03576982892690513
0 0.15133333333333332 0.7993779160186625 0.04133333333333333 0.04821150855365474
0 0.186 0.29082426127527217 0.04 0.04510108864696734
0 0.13 0.28615863141524106 0.042666666666666665 0.04821150855365474
0 0.4073333333333333 0.3110419906687403 0.03866666666666667 0.04510108864696734
0 0.6726666666666666 0.7721617418351477 0.04 0.04354587869362364
0 0.5346666666666666 0.432348367029549 0.034666666666666665 0.03732503888024884
0 0.7586666666666667 0.3468118195956454 0.037333333333333336 0.04043545878693624
0 0.6333333333333333 0.5894245723172629 0.03866666666666667 0.038880248833592534
0 0.8633333333333333 0.39580093312597203 0.04 0.03732503888024884
0 0.4533333333333333 0.39346811819595645 0.037333333333333336 0.038880248833592534
0 0.866 0.35769828926905134 0.04133333333333333 0.04354587869362364
0 0.456 0.3538102643856921 0.037333333333333336 0.04354587869362364
0 0.65 0.33514774494556765 0.04 0.03732503888024884
0 0.29733333333333334 0.30404354587869364 0.04 0.04354587869362364
0 0.6413333333333333 0.4432348367029549 0.03866666666666667 0.041990668740279936
0 0.8066666666666666 0.4276827371695179 0.037333333333333336 0.04043545878693624
0 0.686 0.5933125972006221 0.042666666666666665 0.04354587869362364
0 0.228 0.4797822706065319 0.04133333333333333 0.04821150855365474
0 0.7493333333333333 0.45412130637636083 0.03866666666666667 0.038880248833592534
0 0.6466666666666666 0.37325038880248834 0.03866666666666667 0.041990668740279936