0 0.7086666666666667 0.9147104851330203 0.03866666666666667 0.026604068857589983
0 0.534 0.2676056338028169 0.037333333333333336 0.03442879499217527
0 0.5293333333333333 0.3677621283255086 0.03866666666666667 0.0406885758998435
0 0.83 0.9280125195618153 0.032 0.03286384976525822
0 0.8593333333333333 0.9311424100156495 0.032 0.03755868544600939
0 0.8326666666666667 0.8935837245696401 0.029333333333333333 0.03129890453834116
0 0.5333333333333333 0.29890453834115804 0.036 0.03286384976525822
0 0.8746666666666667 0.8959311424100157 0.04 0.0406885758998435
0 0.7253333333333334 0.5579029733959311 0.04133333333333333 0.0406885758998435
0 0.886 0.9334898278560251 0.032 0.03599374021909233
0 0.72 0.662754303599374 0.03866666666666667 0.03912363067292645
0 0.866 0.7902973395931142 0.032 0.03599374021909233
0 0.536 0.22848200312989045 0.036 0.0297339593114241
0 0.8073333333333333 0.8896713615023474 0.032 0.03599374021909233
0 0.892 0.7926447574334898 0.030666666666666665 0.03755868544600939
0 0.528 0.4045383411580595 0.03333333333333333 0.03442879499217527
0 0.8766666666666667 0.8278560250391236 0.04133333333333333 0.03755868544600939
0 0.88 0.7527386541471048 0.03866666666666667 0.0406885758998435
0 0.524 0.4397496087636933 0.034666666666666665 0.03755868544600939
0 0.8393333333333334 0.7511737089201878 0.032 0.03286384976525822
0 0.7333333333333333 0.3748043818466354 0.03333333333333333 0.03442879499217527
0 0.6706666666666666 0.5492957746478874 0.04 0.03442879499217527
0 0.8486666666666667 0.5344287949921753 0.032 0.03286384976525822
0 0.8746666666666667 0.8607198748043818 0.03866666666666667 0.03912363067292645
0 0.8426666666666667 0.6791862284820032 0.030666666666666665 0.03286384976525822
0 0.536 0.20031298904538342 0.036 0.03286384976525822
0 0.8993333333333333 0.3599374021909233 0.03866666666666667 0.0406885758998435
0 0.882 0.6823161189358372 0.037333333333333336 0.03599374021909233
0 0.7153333333333334 0.7715179968701096 0.03866666666666667 0.03912363067292645
0 0.716 0.7363067292644757 0.036 0.03912363067292645
0 0.8813333333333333 0.7167449139280125 0.037333333333333336 0.03912363067292645
0 0.84 0.42488262910798125 0.04 0.03912363067292645
0 0.8526666666666667 0.46400625978090765 0.030666666666666665 0.03442879499217527
0 0.824 0.49765258215962443 0.03333333333333333 0.03755868544600939
0 0.842 0.3888888888888889 0.04 0.03912363067292645
0 0.7693333333333333 0.7785602503912363 0.034666666666666665 0.03755868544600939
0 0.8246666666666667 0.4593114241001565 0.030666666666666665 0.03599374021909233
0 0.6173333333333333 0.5062597809076682 0.036 0.03599374021909233
0 0.8133333333333334 0.7120500782472613 0.030666666666666665 0.03599374021909233
0 0.712 0.8419405320813772 0.036 0.03755868544600939
0 0.6633333333333333 0.7284820031298904 0.036 0.03599374021909233
0 0.7093333333333334 0.8810641627543035 0.03866666666666667 0.04381846635367762
0 0.8313333333333334 0.6032863849765259 0.036 0.03755868544600939
0 0.85 0.49921752738654146 0.032 0.03755868544600939
0 0.7286666666666667 0.4835680751173709 0.034666666666666665 0.03442879499217527
0 0.8246666666666667 0.7856025039123631 0.03866666666666667 0.04225352112676056
0 0.7266666666666667 0.5195618153364632 0.03866666666666667 0.04225352112676056
0 0.616 0.5438184663536776 0.042666666666666665 0.046948356807511735
0 0.7766666666666666 0.634585289514867 0.03866666666666667 0.04225352112676056
0 0.6793333333333333 0.3317683881064163 0.04 0.04381846635367762
0 0.7806666666666666 0.52660406885759 0.037333333333333336 0.03912363067292645
0 0.7853333333333333 0.41784037558685444 0.036 0.0406885758998435
0 0.668 0.6205007824726134 0.042666666666666665 0.04538341158059468
0 0.784 0.45539906103286387 0.034666666666666665 0.0406885758998435
0 0.7353333333333333 0.3380281690140845 0.04 0.04381846635367762
0 0.7786666666666666 0.5625978090766823 0.037333333333333336 0.0406885758998435
0 0.6226666666666667 0.3982785602503912 0.04 0.04225352112676056
0 0.67 0.582942097026604 0.04 0.03912363067292645
0 0.7726666666666666 0.7057902973395931 0.037333333333333336 0.03912363067292645
0 0.6793333333333333 0.37089201877934275 0.04 0.0406885758998435
0 0.672 0.5140845070422535 0.04133333333333333 0.04538341158059468
0 0.7186666666666667 0.6995305164319249 0.037333333333333336 0.03912363067292645
0 0.7753333333333333 0.6721439749608764 0.03866666666666667 0.03912363067292645
0 0.77 0.7433489827856025 0.036 0.03912363067292645
0 0.6253333333333333 0.32316118935837246 0.03866666666666667 0.04225352112676056
0 0.8846666666666667 0.647887323943662 0.03866666666666667 0.04225352112676056
0 0.622 0.4350547730829421 0.03866666666666667 0.0406885758998435
0 0.8946666666666667 0.433489827856025 0.03866666666666667 0.03912363067292645
0 0.714 0.8075117370892019 0.03866666666666667 0.03912363067292645
0 0.73 0.4107981220657277 0.036 0.0406885758998435
0 0.722 0.6251956181533647 0.03866666666666667 0.03912363067292645
0 0.6773333333333333 0.4061032863849765 0.037333333333333336 0.03912363067292645
0 0.674 0.47730829420970267 0.03866666666666667 0.03912363067292645
0 0.724 0.5915492957746479 0.04 0.03599374021909233
0 0.7826666666666666 0.48982785602503914 0.036 0.03442879499217527
0 0.7666666666666667 0.8482003129890454 0.03866666666666667 0.03912363067292645
0 0.6246666666666667 0.3615023474178404 0.037333333333333336 0.03912363067292645
0 0.6586666666666666 0.7996870109546166 0.04133333333333333 0.04538341158059468
0 0.6666666666666666 0.6580594679186228 0.04 0.03912363067292645
0 0.892 0.46870109546165883 0.037333333333333336 0.03599374021909233
0 0.8873333333333333 0.5743348982785602 0.04 0.0406885758998435
0 0.6646666666666666 0.6924882629107981 0.04 0.0406885758998435
0 0.778 0.5985915492957746 0.034666666666666665 0.03442879499217527
0 0.7886666666666666 0.34663536776212833 0.037333333333333336 0.0406885758998435
0 0.8413333333333334 0.7151799687010955 0.034666666666666665 0.03912363067292645
0 0.6193333333333333 0.4702660406885759 0.037333333333333336 0.03912363067292645
0 0.8333333333333334 0.568075117370892 0.03866666666666667 0.04225352112676056
0 0.816 0.6752738654147105 0.032 0.03755868544600939
0 0.768 0.8129890453834115 0.037333333333333336 0.03755868544600939
0 0.844 0.3513302034428795 0.04133333333333333 0.04225352112676056
0 0.8233333333333334 0.8208137715179968 0.03866666666666667 0.03755868544600939
0 0.8906666666666667 0.5031298904538342 0.036 0.03599374021909233
0 0.658 0.837245696400626 0.04 0.03912363067292645
0 0.83 0.6400625978090767 0.04133333333333333 0.0406885758998435
0 0.7646666666666667 0.8841940532081377 0.037333333333333336 0.03755868544600939
0 0.8866666666666667 0.6103286384976526 0.03866666666666667 0.03912363067292645
0 0.89 0.5383411580594679 0.03866666666666667 0.03912363067292645
0 0.7286666666666667 0.4475743348982786 0.03866666666666667 0.03912363067292645
0 0.658 0.8724569640062598 0.04 0.0406885758998435
0 0.896 0.3982785602503912 0.03866666666666667 0.04225352112676056
0 0.6566666666666666 0.9084507042253521 0.04 0.0406885758998435
0 0.764 0.92018779342723 0.037333333333333336 0.0406885758998435
0 0.788 0.38184663536776214 0.036 0.03599374021909233
0 0.8213333333333334 0.8575899843505478 0.04133333333333333 0.03912363067292645
0 0.6613333333333333 0.7629107981220657 0.037333333333333336 0.03755868544600939
0 0.6753333333333333 0.44209702660406885 0.03866666666666667 0.0406885758998435