0 0.84 0.34335443037974683 0.0275 0.02531645569620253
0 0.6075 0.3916139240506329 0.0325 0.0490506329113924
0 0.11 0.5268987341772152 0.03 0.02531645569620253
0 0.50875 0.8552215189873418 0.0225 0.023734177215189875
0 0.33 0.7848101265822784 0.0325 0.022151898734177215
0 0.84 0.5 0.0225 0.03164556962025317
0 0.51 0.5688291139240507 0.02 0.020569620253164556
0 0.440625 0.6882911392405063 0.03125 0.03164556962025317
0 0.550625 0.7246835443037974 0.03125 0.03481012658227848
0 0.27625 0.6242088607594937 0.035 0.020569620253164556
0 0.3725 0.3362341772151899 0.025 0.030063291139240507
0 0.550625 0.7492088607594937 0.03375 0.03639240506329114
0 0.440625 0.7167721518987342 0.03375 0.0379746835443038
0 0.55 0.8473101265822784 0.035 0.030063291139240507
0 0.714375 0.8789556962025317 0.03625 0.03639240506329114
0 0.276875 0.36787974683544306 0.03375 0.023734177215189875
0 0.6075 0.370253164556962 0.03 0.03481012658227848
0 0.109375 0.5031645569620253 0.03625 0.04430379746835443
0 0.605625 0.5933544303797469 0.03375 0.0189873417721519
0 0.828125 0.37183544303797467 0.03375 0.03164556962025317
0 0.659375 0.8789556962025317 0.03375 0.03322784810126582
0 0.814375 0.4375 0.02125 0.023734177215189875
0 0.399375 0.33860759493670883 0.02625 0.03164556962025317
0 0.27625 0.49683544303797467 0.0325 0.0189873417721519
0 0.330625 0.6558544303797469 0.03375 0.020569620253164556
0 0.6075 0.43433544303797467 0.0325 0.03322784810126582
0 0.715 0.8520569620253164 0.035 0.03322784810126582
0 0.388125 0.40031645569620256 0.03375 0.028481012658227847
0 0.66 0.8496835443037974 0.035 0.03164556962025317
0 0.33125 0.5917721518987342 0.0325 0.03164556962025317
0 0.8425 0.4375 0.0225 0.03322784810126582
0 0.660625 0.817246835443038 0.03625 0.03322784810126582
0 0.660625 0.7863924050632911 0.03625 0.03164556962025317
0 0.386875 0.6265822784810127 0.03125 0.03164556962025317
0 0.38625 0.6550632911392406 0.0325 0.028481012658227847
0 0.716875 0.689873417721519 0.03375 0.028481012658227847
0 0.55125 0.819620253164557 0.0325 0.028481012658227847
0 0.771875 0.6582278481012658 0.03375 0.03164556962025317
0 0.71625 0.7215189873417721 0.035 0.03481012658227848
0 0.11 0.5893987341772152 0.03 0.03322784810126582
0 0.27625 0.6843354430379747 0.035 0.02689873417721519
0 0.385 0.5625 0.0325 0.023734177215189875
0 0.840625 0.46914556962025317 0.02125 0.02689873417721519
0 0.44 0.752373417721519 0.0325 0.03322784810126582
0 0.330625 0.754746835443038 0.03375 0.04113924050632911
0 0.164375 0.8449367088607594 0.03375 0.02531645569620253
0 0.440625 0.817246835443038 0.03375 0.03322784810126582
0 0.77375 0.37183544303797467 0.035 0.0379746835443038
0 0.715625 0.8204113924050633 0.03375 0.03322784810126582
0 0.8275 0.4050632911392405 0.035 0.03481012658227848
0 0.330625 0.7199367088607594 0.03375 0.028481012658227847
0 0.770625 0.7856012658227848 0.03375 0.03322784810126582
0 0.373125 0.432753164556962 0.02125 0.023734177215189875
0 0.109375 0.557753164556962 0.03125 0.03322784810126582
0 0.275625 0.814873417721519 0.03375 0.03164556962025317
0 0.440625 0.6582278481012658 0.03375 0.03481012658227848
0 0.166875 0.43354430379746833 0.03375 0.03164556962025317
0 0.38875 0.3694620253164557 0.035 0.030063291139240507
0 0.55125 0.49920886075949367 0.0325 0.030063291139240507
0 0.7175 0.6598101265822784 0.035 0.03164556962025317
0 0.715625 0.7871835443037974 0.03375 0.03322784810126582
0 0.770625 0.8504746835443038 0.03375 0.03322784810126582
0 0.44125 0.7832278481012658 0.0325 0.03481012658227848
0 0.33125 0.5609177215189873 0.0325 0.03322784810126582
0 0.716875 0.6281645569620253 0.03375 0.03481012658227848
0 0.384375 0.6882911392405063 0.03375 0.03481012658227848
0 0.165625 0.497626582278481 0.03375 0.03322784810126582
0 0.166875 0.4651898734177215 0.03375 0.03164556962025317
0 0.44125 0.8504746835443038 0.035 0.03639240506329114
0 0.4 0.49920886075949367 0.0225 0.03322784810126582
0 0.77 0.882120253164557 0.035 0.03322784810126582
0 0.165 0.6242088607594937 0.0325 0.030063291139240507
0 0.770625 0.8188291139240507 0.03375 0.03322784810126582
0 0.55125 0.6906645569620253 0.0325 0.03322784810126582
0 0.385 0.7231012658227848 0.035 0.0379746835443038
0 0.275625 0.7191455696202531 0.03375 0.03322784810126582
0 0.33 0.6859177215189873 0.035 0.03639240506329114
0 0.274375 0.8805379746835443 0.03375 0.030063291139240507
0 0.495625 0.7935126582278481 0.03375 0.03639240506329114
0 0.385625 0.5933544303797469 0.03125 0.03481012658227848
0 0.165 0.6534810126582279 0.0325 0.03164556962025317
0 0.274375 0.8488924050632911 0.03375 0.03322784810126582
0 0.10875 0.43591772151898733 0.0325 0.030063291139240507
0 0.605625 0.8805379746835443 0.03125 0.030063291139240507
0 0.275625 0.7507911392405063 0.03375 0.03322784810126582
0 0.77125 0.7539556962025317 0.0325 0.03322784810126582
0 0.813125 0.4675632911392405 0.02125 0.030063291139240507
0 0.55125 0.5284810126582279 0.0325 0.03164556962025317
0 0.11 0.46439873417721517 0.035 0.03322784810126582
0 0.10875 0.6566455696202531 0.0325 0.03164556962025317
0 0.605 0.8180379746835443 0.035 0.03164556962025317
0 0.7725 0.5308544303797469 0.035 0.03322784810126582
0 0.164375 0.7207278481012658 0.03625 0.030063291139240507
0 0.66 0.7563291139240507 0.035 0.03481012658227848
0 0.770625 0.7215189873417721 0.03375 0.03164556962025317
0 0.661875 0.40427215189873417 0.03375 0.030063291139240507
0 0.165625 0.5284810126582279 0.03375 0.03164556962025317
0 0.605625 0.7223101265822784 0.03375 0.030063291139240507
0 0.71625 0.754746835443038 0.035 0.03481012658227848
0 0.77125 0.6906645569620253 0.0325 0.03322784810126582
0 0.33 0.5292721518987342 0.0325 0.03322784810126582
0 0.443125 0.49841772151898733 0.03375 0.03164556962025317
0 0.441875 0.5308544303797469 0.03375 0.030063291139240507
0 0.883125 0.40664556962025317 0.03375 0.03164556962025317
0 0.550625 0.6574367088607594 0.03125 0.03322784810126582
0 0.55 0.877373417721519 0.035 0.03639240506329114
0 0.71625 0.49920886075949367 0.0375 0.03322784810126582
0 0.883125 0.372626582278481 0.03375 0.03639240506329114
0 0.44375 0.46598101265822783 0.0325 0.03322784810126582
0 0.331875 0.4319620253164557 0.02875 0.028481012658227847
0 0.441875 0.5933544303797469 0.03375 0.03164556962025317
0 0.400625 0.4319620253164557 0.02625 0.03481012658227848
0 0.77125 0.5640822784810127 0.035 0.03322784810126582
0 0.276875 0.5925632911392406 0.03625 0.03639240506329114
0 0.4 0.46598101265822783 0.0225 0.030063291139240507
0 0.275625 0.5261075949367089 0.03375 0.03322784810126582
0 0.4425 0.43354430379746833 0.0325 0.03164556962025317
0 0.38625 0.5308544303797469 0.035 0.03639240506329114
0 0.60625 0.6582278481012658 0.035 0.03481012658227848
0 0.331875 0.40189873417721517 0.02875 0.03164556962025317
0 0.27625 0.46677215189873417 0.035 0.0379746835443038
0 0.221875 0.3686708860759494 0.03625 0.03481012658227848
0 0.8275 0.564873417721519 0.035 0.03164556962025317
0 0.553125 0.370253164556962 0.03625 0.0379746835443038
0 0.108125 0.40031645569620256 0.03375 0.0379746835443038
0 0.331875 0.46439873417721517 0.02875 0.03322784810126582
0 0.551875 0.5957278481012658 0.03375 0.03322784810126582
0 0.551875 0.5625 0.03375 0.03322784810126582
0 0.606875 0.564873417721519 0.03375 0.03481012658227848
0 0.276875 0.40110759493670883 0.03375 0.03639240506329114
0 0.165625 0.5585443037974683 0.03375 0.03164556962025317
0 0.771875 0.46835443037974683 0.03375 0.028481012658227847
0 0.275625 0.557753164556962 0.03625 0.030063291139240507
0 0.661875 0.5292721518987342 0.03375 0.030063291139240507
0 0.605625 0.752373417721519 0.03625 0.03322784810126582
0 0.443125 0.40189873417721517 0.03125 0.03164556962025317
0 0.11 0.6234177215189873 0.0325 0.03481012658227848
0 0.275625 0.6542721518987342 0.03625 0.03639240506329114
0 0.440625 0.6257911392405063 0.03125 0.03322784810126582
0 0.66125 0.6582278481012658 0.035 0.03164556962025317
0 0.371875 0.4651898734177215 0.02125 0.03164556962025317
0 0.275 0.7840189873417721 0.035 0.03639240506329114
0 0.498125 0.3528481012658228 0.03125 0.01740506329113924
0 0.4975 0.37104430379746833 0.0325 0.0189873417721519
0 0.498125 0.3916139240506329 0.03125 0.020569620253164556
0 0.4975 0.4177215189873418 0.035 0.03164556962025317
0 0.49875 0.3322784810126582 0.03125 0.022151898734177215
0 0.496875 0.45174050632911394 0.03375 0.03639240506329114
0 0.331875 0.36787974683544306 0.03125 0.03639240506329114
0 0.60625 0.5316455696202531 0.03 0.03164556962025317
0 0.221875 0.40348101265822783 0.03625 0.03481012658227848
0 0.826875 0.5973101265822784 0.03375 0.03322784810126582
0 0.33125 0.49604430379746833 0.03 0.030063291139240507
0 0.553125 0.40427215189873417 0.03375 0.030063291139240507
0 0.773125 0.4050632911392405 0.03375 0.03164556962025317
0 0.606875 0.4675632911392405 0.03375 0.03322784810126582
0 0.71625 0.5324367088607594 0.0375 0.030063291139240507
0 0.771875 0.43829113924050633 0.03375 0.03164556962025317
0 0.60625 0.5 0.0325 0.03164556962025317
0 0.7175 0.40585443037974683 0.0375 0.03322784810126582
0 0.660625 0.7223101265822784 0.03375 0.03322784810126582
0 0.549375 0.7863924050632911 0.03625 0.0379746835443038
0 0.164375 0.7507911392405063 0.03625 0.03322784810126582
0 0.7175 0.37104430379746833 0.0375 0.03322784810126582
0 0.441875 0.5617088607594937 0.03375 0.03164556962025317
0 0.661875 0.46677215189873417 0.03375 0.03164556962025317
0 0.7175 0.5957278481012658 0.035 0.03322784810126582
0 0.6625 0.49841772151898733 0.035 0.03164556962025317
0 0.605625 0.6914556962025317 0.03375 0.03164556962025317
0 0.165625 0.5917721518987342 0.03375 0.03164556962025317
0 0.6625 0.37104430379746833 0.0375 0.03955696202531646
0 0.77125 0.627373417721519 0.035 0.03322784810126582
0 0.330625 0.625 0.03625 0.03481012658227848
0 0.16375 0.6875 0.035 0.03639240506329114
0 0.443125 0.36787974683544306 0.03375 0.03639240506329114
0 0.826875 0.5316455696202531 0.03375 0.03481012658227848
0 0.605625 0.6234177215189873 0.03625 0.03481012658227848
0 0.51125 0.6091772151898734 0.02 0.020569620253164556
0 0.498125 0.5308544303797469 0.03125 0.023734177215189875
0 0.510625 0.5878164556962026 0.02 0.0189873417721519
0 0.511875 0.627373417721519 0.02125 0.015822784810126583
0 0.51125 0.6716772151898734 0.0175 0.014240506329113924
0 0.51125 0.6914556962025317 0.0175 0.023734177215189875
0 0.814375 0.3425632911392405 0.02 0.02531645569620253
0 0.330625 0.8496835443037974 0.03 0.02531645569620253
0 0.51125 0.6424050632911392 0.02125 0.01740506329113924
0 0.510625 0.6574367088607594 0.02 0.012658227848101266
0 0.4975 0.5458860759493671 0.0375 0.00949367088607595
0 0.33 0.8164556962025317 0.035 0.04113924050632911
0 0.509375 0.8813291139240507 0.02625 0.02689873417721519
0 0.496875 0.5055379746835443 0.03625 0.02689873417721519
0 0.716875 0.5632911392405063 0.03625 0.03164556962025317
0 0.66125 0.627373417721519 0.035 0.03322784810126582
0 0.66125 0.689873417721519 0.035 0.03164556962025317
0 0.661875 0.435126582278481 0.03375 0.03164556962025317
0 0.16625 0.3987341772151899 0.0375 0.04113924050632911
0 0.1075 0.689873417721519 0.035 0.0379746835443038
0 0.165625 0.7832278481012658 0.03375 0.03164556962025317
0 0.55125 0.6257911392405063 0.0325 0.02689873417721519
0 0.771875 0.49920886075949367 0.03625 0.03322784810126582
0 0.716875 0.4675632911392405 0.03625 0.030063291139240507
0 0.883125 0.4375 0.03375 0.030063291139240507
0 0.5525 0.435126582278481 0.0325 0.03164556962025317
0 0.77125 0.5957278481012658 0.035 0.030063291139240507
0 0.33 0.879746835443038 0.0375 0.03481012658227848
0 0.164375 0.8156645569620253 0.03625 0.03322784810126582
0 0.605 0.8496835443037974 0.035 0.03164556962025317
0 0.716875 0.4375 0.03625 0.030063291139240507
0 0.66125 0.5625 0.0325 0.03639240506329114
0 0.881875 0.46914556962025317 0.03375 0.03322784810126582
0 0.165 0.8765822784810127 0.035 0.03481012658227848
0 0.66125 0.5941455696202531 0.0325 0.030063291139240507
0 0.55125 0.46835443037974683 0.0325 0.03164556962025317
0 0.605 0.7856012658227848 0.035 0.03322784810126582
0 0.27625 0.432753164556962 0.0325 0.02689873417721519