0 0.9133333333333333 0.33278688524590166 0.03333333333333333 0.03934426229508197
0 0.5022222222222222 0.14426229508196722 0.044444444444444446 0.036065573770491806
0 0.705 0.330327868852459 0.034444444444444444 0.040983606557377046
0 0.7583333333333333 0.6221311475409836 0.03666666666666667 0.04426229508196721
0 0.3472222222222222 0.20573770491803278 0.03666666666666667 0.047540983606557376
0 0.3472222222222222 0.1581967213114754 0.03666666666666667 0.047540983606557376
0 0.3988888888888889 0.15737704918032788 0.03777777777777778 0.04590163934426229
0 0.7583333333333333 0.6655737704918033 0.03666666666666667 0.04262295081967213
0 0.81 0.6639344262295082 0.03333333333333333 0.04262295081967213
0 0.7577777777777778 0.7475409836065574 0.035555555555555556 0.04262295081967213
0 0.39944444444444444 0.20573770491803278 0.03888888888888889 0.05081967213114754
0 0.7588888888888888 0.5385245901639344 0.03777777777777778 0.04426229508196721
0 0.7583333333333333 0.28770491803278686 0.03666666666666667 0.047540983606557376
0 0.7583333333333333 0.4959016393442623 0.03888888888888889 0.040983606557377046
0 0.8094444444444444 0.5393442622950819 0.03666666666666667 0.04262295081967213
0 0.14055555555555554 0.1557377049180328 0.03888888888888889 0.05245901639344262
0 0.7588888888888888 0.5811475409836065 0.035555555555555556 0.040983606557377046
0 0.3461111111111111 0.330327868852459 0.03666666666666667 0.04426229508196721
0 0.6555555555555556 0.5819672131147541 0.035555555555555556 0.04590163934426229
0 0.81 0.20327868852459016 0.03777777777777778 0.05245901639344262
0 0.2427777777777778 0.20245901639344263 0.03666666666666667 0.04426229508196721
0 0.24222222222222223 0.3737704918032787 0.03777777777777778 0.04590163934426229
0 0.295 0.2040983606557377 0.03888888888888889 0.04426229508196721
0 0.19111111111111112 0.15737704918032788 0.03777777777777778 0.04918032786885246
0 0.86 0.4155737704918033 0.03777777777777778 0.04426229508196721
0 0.19 0.289344262295082 0.04 0.047540983606557376
0 0.6544444444444445 0.6647540983606557 0.035555555555555556 0.047540983606557376
0 0.8088888888888889 0.3344262295081967 0.035555555555555556 0.04262295081967213
0 0.7061111111111111 0.5811475409836065 0.034444444444444444 0.04426229508196721
0 0.655 0.4967213114754098 0.03666666666666667 0.04590163934426229
0 0.45055555555555554 0.20163934426229507 0.03888888888888889 0.04590163934426229
0 0.2427777777777778 0.15655737704918032 0.03888888888888889 0.047540983606557376
0 0.8088888888888889 0.37540983606557377 0.035555555555555556 0.03934426229508197
0 0.7583333333333333 0.7901639344262295 0.03666666666666667 0.04262295081967213
0 0.8094444444444444 0.6221311475409836 0.034444444444444444 0.040983606557377046
0 0.8094444444444444 0.4155737704918033 0.034444444444444444 0.040983606557377046
0 0.45111111111111113 0.15737704918032788 0.03777777777777778 0.04590163934426229
0 0.6527777777777778 0.33114754098360655 0.03666666666666667 0.04262295081967213
0 0.7066666666666667 0.6254098360655738 0.035555555555555556 0.04426229508196721
0 0.7066666666666667 0.7073770491803278 0.035555555555555556 0.047540983606557376
0 0.655 0.7893442622950819 0.03666666666666667 0.04426229508196721
0 0.8594444444444445 0.49836065573770494 0.03666666666666667 0.04590163934426229
0 0.7583333333333333 0.7065573770491803 0.03222222222222222 0.03934426229508197
0 0.24222222222222223 0.3295081967213115 0.035555555555555556 0.04262295081967213
0 0.8088888888888889 0.29098360655737704 0.035555555555555556 0.04426229508196721
0 0.7066666666666667 0.5385245901639344 0.03333333333333333 0.040983606557377046
0 0.81 0.7049180327868853 0.035555555555555556 0.04262295081967213
0 0.24166666666666667 0.4565573770491803 0.03666666666666667 0.04426229508196721
0 0.7061111111111111 0.4959016393442623 0.03222222222222222 0.040983606557377046
0 0.8605555555555555 0.24508196721311476 0.03888888888888889 0.05081967213114754
0 0.7577777777777778 0.3319672131147541 0.03333333333333333 0.040983606557377046
0 0.29444444444444445 0.45737704918032784 0.03777777777777778 0.04262295081967213
0 0.29444444444444445 0.3729508196721312 0.03777777777777778 0.040983606557377046
0 0.5516666666666666 0.28770491803278686 0.03222222222222222 0.04426229508196721
0 0.3461111111111111 0.3729508196721312 0.03666666666666667 0.04426229508196721
0 0.7061111111111111 0.4565573770491803 0.034444444444444444 0.040983606557377046
0 0.29388888888888887 0.29180327868852457 0.03666666666666667 0.04262295081967213
0 0.19111111111111112 0.24180327868852458 0.03777777777777778 0.04426229508196721
0 0.7066666666666667 0.830327868852459 0.03777777777777778 0.040983606557377046
0 0.6538888888888889 0.3721311475409836 0.034444444444444444 0.04262295081967213
0 0.29388888888888887 0.2483606557377049 0.03666666666666667 0.04426229508196721
0 0.2427777777777778 0.24672131147540985 0.03666666666666667 0.04426229508196721
0 0.705 0.4131147540983607 0.034444444444444444 0.03934426229508197
0 0.8094444444444444 0.4565573770491803 0.034444444444444444 0.040983606557377046
0 0.6555555555555556 0.9131147540983606 0.03333333333333333 0.04590163934426229
0 0.7588888888888888 0.9131147540983606 0.03777777777777778 0.04590163934426229
0 0.29388888888888887 0.4131147540983607 0.034444444444444444 0.04262295081967213
0 0.5516666666666666 0.24180327868852458 0.03222222222222222 0.04426229508196721
0 0.7055555555555556 0.9139344262295082 0.03777777777777778 0.04426229508196721
0 0.8611111111111112 0.8311475409836065 0.035555555555555556 0.04590163934426229
0 0.6533333333333333 0.28852459016393445 0.035555555555555556 0.04262295081967213
0 0.24166666666666667 0.5377049180327869 0.03888888888888889 0.04262295081967213
0 0.705 0.2901639344262295 0.034444444444444444 0.04262295081967213
0 0.81 0.828688524590164 0.035555555555555556 0.040983606557377046
0 0.8088888888888889 0.4967213114754098 0.035555555555555556 0.04262295081967213
0 0.7583333333333333 0.830327868852459 0.03666666666666667 0.040983606557377046
0 0.86 0.33278688524590166 0.03777777777777778 0.04262295081967213
0 0.8605555555555555 0.6655737704918033 0.03666666666666667 0.04262295081967213
0 0.86 0.37459016393442623 0.035555555555555556 0.03770491803278689
0 0.9133333333333333 0.4155737704918033 0.03777777777777778 0.04426229508196721
0 0.7583333333333333 0.3737704918032787 0.03666666666666667 0.04262295081967213
0 0.81 0.8721311475409836 0.035555555555555556 0.04590163934426229
0 0.6544444444444445 0.7459016393442623 0.035555555555555556 0.04262295081967213
0 0.24166666666666667 0.4163934426229508 0.03666666666666667 0.03934426229508197
0 0.45055555555555554 0.2459016393442623 0.03888888888888889 0.04262295081967213
0 0.86 0.7893442622950819 0.03333333333333333 0.040983606557377046
0 0.8605555555555555 0.5827868852459016 0.034444444444444444 0.040983606557377046
0 0.7066666666666667 0.7893442622950819 0.03777777777777778 0.04426229508196721
0 0.19111111111111112 0.2 0.03777777777777778 0.03934426229508197
0 0.5505555555555556 0.3336065573770492 0.034444444444444444 0.047540983606557376
0 0.6544444444444445 0.4155737704918033 0.035555555555555556 0.04426229508196721
0 0.8611111111111112 0.6245901639344262 0.035555555555555556 0.04262295081967213
0 0.8594444444444445 0.7475409836065574 0.034444444444444444 0.04262295081967213
0 0.8088888888888889 0.5819672131147541 0.035555555555555556 0.04262295081967213
0 0.45166666666666666 0.289344262295082 0.03666666666666667 0.040983606557377046
0 0.8105555555555556 0.7467213114754099 0.03666666666666667 0.04426229508196721
0 0.655 0.6229508196721312 0.03222222222222222 0.036065573770491806
0 0.915 0.6672131147540984 0.03888888888888889 0.04590163934426229
0 0.86 0.5426229508196722 0.03333333333333333 0.03934426229508197
0 0.86 0.7073770491803278 0.035555555555555556 0.040983606557377046
0 0.655 0.5401639344262295 0.034444444444444444 0.03770491803278689
0 0.7583333333333333 0.4155737704918033 0.03666666666666667 0.04426229508196721
0 0.6027777777777777 0.28770491803278686 0.034444444444444444 0.04426229508196721
0 0.86 0.29098360655737704 0.035555555555555556 0.040983606557377046
0 0.7577777777777778 0.4557377049180328 0.035555555555555556 0.03934426229508197
0 0.8594444444444445 0.45819672131147543 0.034444444444444444 0.03770491803278689
0 0.81 0.2483606557377049 0.035555555555555556 0.040983606557377046
0 0.295 0.5393442622950819 0.03666666666666667 0.04590163934426229
0 0.6033333333333334 0.3336065573770492 0.035555555555555556 0.04426229508196721
0 0.9133333333333333 0.45901639344262296 0.03777777777777778 0.04262295081967213
0 0.9133333333333333 0.28852459016393445 0.03333333333333333 0.04590163934426229
0 0.8105555555555556 0.9147540983606557 0.03666666666666667 0.03934426229508197
0 0.24222222222222223 0.6237704918032787 0.04 0.04426229508196721
0 0.7061111111111111 0.6655737704918033 0.034444444444444444 0.03934426229508197
0 0.7583333333333333 0.8696721311475409 0.03666666666666667 0.040983606557377046
0 0.6538888888888889 0.7065573770491803 0.034444444444444444 0.03934426229508197
0 0.7055555555555556 0.3704918032786885 0.035555555555555556 0.04262295081967213
0 0.29444444444444445 0.49754098360655735 0.03777777777777778 0.040983606557377046
0 0.5022222222222222 0.31065573770491806 0.042222222222222223 0.03770491803278689
0 0.45 0.37131147540983606 0.035555555555555556 0.04426229508196721
0 0.45055555555555554 0.3295081967213115 0.03888888888888889 0.03934426229508197
0 0.5011111111111111 0.4532786885245902 0.035555555555555556 0.047540983606557376
0 0.5033333333333333 0.34672131147540985 0.04111111111111111 0.03278688524590164
0 0.45 0.4163934426229508 0.035555555555555556 0.04590163934426229
0 0.295 0.15737704918032788 0.03888888888888889 0.04918032786885246
0 0.5022222222222222 0.2778688524590164 0.042222222222222223 0.027868852459016394
0 0.9266666666666666 0.5811475409836065 0.02 0.03114754098360656
0 0.5027777777777778 0.3737704918032787 0.04111111111111111 0.036065573770491806
0 0.5022222222222222 0.20901639344262296 0.044444444444444446 0.03114754098360656
0 0.5022222222222222 0.17868852459016393 0.042222222222222223 0.036065573770491806
0 0.9138888888888889 0.5008196721311475 0.03888888888888889 0.04426229508196721
0 0.9127777777777778 0.5426229508196722 0.03888888888888889 0.04262295081967213
0 0.08666666666666667 0.1540983606557377 0.03333333333333333 0.04918032786885246
0 0.24166666666666667 0.49836065573770494 0.03888888888888889 0.04262295081967213
0 0.24222222222222223 0.28852459016393445 0.035555555555555556 0.04262295081967213
0 0.29444444444444445 0.3319672131147541 0.03777777777777778 0.040983606557377046
0 0.34555555555555556 0.28852459016393445 0.035555555555555556 0.03934426229508197
0 0.655 0.830327868852459 0.034444444444444444 0.03770491803278689
0 0.9144444444444444 0.6213114754098361 0.03777777777777778 0.04590163934426229
0 0.9133333333333333 0.3721311475409836 0.03777777777777778 0.04262295081967213
0 0.6544444444444445 0.45737704918032784 0.03333333333333333 0.036065573770491806
0 0.7072222222222222 0.7491803278688525 0.034444444444444444 0.036065573770491806
0 0.7061111111111111 0.8713114754098361 0.03666666666666667 0.040983606557377046
0 0.2411111111111111 0.5811475409836065 0.03777777777777778 0.04426229508196721
0 0.6544444444444445 0.8688524590163934 0.03333333333333333 0.03934426229508197
0 0.2411111111111111 0.6663934426229509 0.04 0.040983606557377046
0 0.8105555555555556 0.7877049180327869 0.034444444444444444 0.040983606557377046
0 0.5022222222222222 0.2442622950819672 0.042222222222222223 0.04262295081967213
0 0.34555555555555556 0.25 0.035555555555555556 0.03770491803278689