0 0.6577777777777778 0.39456342668863265 0.03333333333333333 0.04612850082372323
0 0.07944444444444444 0.17298187808896212 0.034444444444444444 0.04942339373970346
0 0.9116666666666666 0.2825370675453048 0.03666666666666667 0.042833607907743
0 0.505 0.4514003294892916 0.043333333333333335 0.03789126853377265
0 0.5283333333333333 0.7018121911037891 0.024444444444444446 0.03459637561779242
0 0.4988888888888889 0.2413509060955519 0.04888888888888889 0.036243822075782535
0 0.4955555555555556 0.17380560131795716 0.05 0.036243822075782535
0 0.5016666666666667 0.30724876441515653 0.04666666666666667 0.036243822075782535
0 0.14888888888888888 0.6252059308072487 0.034444444444444444 0.042833607907743
0 0.4938888888888889 0.14332784184514002 0.04888888888888889 0.039538714991762765
0 0.9055555555555556 0.11367380560131796 0.03888888888888889 0.051070840197693576
0 0.20722222222222222 0.7907742998352554 0.03888888888888889 0.051070840197693576
0 0.13777777777777778 0.342668863261944 0.03666666666666667 0.044481054365733116
0 0.09166666666666666 0.5164744645799012 0.034444444444444444 0.04612850082372323
0 0.3638888888888889 0.8121911037891268 0.035555555555555556 0.04118616144975288
0 0.9127777777777778 0.32537067545304776 0.035555555555555556 0.044481054365733116
0 0.10277777777777777 0.8014827018121911 0.03111111111111111 0.03789126853377265
0 0.14722222222222223 0.5889621087314663 0.034444444444444444 0.042833607907743
0 0.4961111111111111 0.20757825370675453 0.04666666666666667 0.04612850082372323
0 0.14222222222222222 0.46375617792421747 0.03222222222222222 0.044481054365733116
0 0.3488888888888889 0.43739703459637563 0.034444444444444444 0.032948929159802305
0 0.15166666666666667 0.7125205930807249 0.035555555555555556 0.04612850082372323
0 0.5027777777777778 0.3385502471169687 0.04777777777777778 0.042833607907743
0 0.095 0.5955518945634267 0.03666666666666667 0.044481054365733116
0 0.20833333333333334 0.8303130148270181 0.035555555555555556 0.042833607907743
0 0.19333333333333333 0.45799011532125206 0.03666666666666667 0.04118616144975288
0 0.09333333333333334 0.556013179571664 0.03666666666666667 0.044481054365733116
0 0.09111111111111111 0.4728171334431631 0.035555555555555556 0.047775947281713346
0 0.10722222222222222 0.8846787479406919 0.03666666666666667 0.047775947281713346
0 0.3566666666666667 0.5593080724876441 0.028888888888888888 0.04118616144975288
0 0.20555555555555555 0.7487644151565074 0.03666666666666667 0.04942339373970346
0 0.14055555555555554 0.4233937397034596 0.03333333333333333 0.042833607907743
0 0.09722222222222222 0.6359143327841845 0.035555555555555556 0.047775947281713346
0 0.5033333333333333 0.4102141680395387 0.042222222222222223 0.047775947281713346
0 0.3377777777777778 0.1828665568369028 0.035555555555555556 0.04612850082372323
0 0.4444444444444444 0.25947281713344317 0.035555555555555556 0.04612850082372323
0 0.49944444444444447 0.27182866556836904 0.04666666666666667 0.044481054365733116
0 0.105 0.8410214168039539 0.035555555555555556 0.047775947281713346
0 0.8083333333333333 0.2957166392092257 0.034444444444444444 0.04118616144975288
0 0.30722222222222223 0.6943986820428336 0.03777777777777778 0.04942339373970346
0 0.09888888888888889 0.6787479406919276 0.03666666666666667 0.047775947281713346
0 0.6988888888888889 0.1400329489291598 0.035555555555555556 0.047775947281713346
0 0.21055555555555555 0.871499176276771 0.03666666666666667 0.047775947281713346
0 0.9238888888888889 0.6153212520593081 0.03666666666666667 0.04942339373970346
0 0.7216666666666667 0.6787479406919276 0.03666666666666667 0.04942339373970346
0 0.13944444444444445 0.38220757825370677 0.034444444444444444 0.039538714991762765
0 0.7244444444444444 0.7611202635914333 0.034444444444444444 0.04118616144975288
0 0.7055555555555556 0.30807248764415157 0.034444444444444444 0.04612850082372323
0 0.6755555555555556 0.8558484349258649 0.03777777777777778 0.05271828665568369
0 0.1461111111111111 0.5461285008237232 0.03666666666666667 0.04942339373970346
0 0.9066666666666666 0.15897858319604613 0.03666666666666667 0.04942339373970346
0 0.1 0.7199341021416804 0.03666666666666667 0.044481054365733116
0 0.88 0.8270181219110379 0.03888888888888889 0.047775947281713346
0 0.7205555555555555 0.6375617792421746 0.03666666666666667 0.042833607907743
0 0.1438888888888889 0.5024711696869851 0.034444444444444444 0.044481054365733116
0 0.3472222222222222 0.3970345963756178 0.03666666666666667 0.04942339373970346
0 0.2922222222222222 0.32042833607907745 0.03666666666666667 0.044481054365733116
0 0.14944444444444444 0.6696869851729819 0.03777777777777778 0.051070840197693576
0 0.7233333333333334 0.7207578253706755 0.03666666666666667 0.047775947281713346
0 0.365 0.8500823723228995 0.03666666666666667 0.04942339373970346
0 0.9088888888888889 0.24299835255354202 0.03666666666666667 0.04612850082372323
0 0.9072222222222223 0.20181219110378912 0.035555555555555556 0.044481054365733116
0 0.8627777777777778 0.36902800658978585 0.03333333333333333 0.04118616144975288
0 0.8288888888888889 0.8336079077429983 0.03666666666666667 0.04612850082372323
0 0.6711111111111111 0.728171334431631 0.034444444444444444 0.039538714991762765
0 0.19055555555555556 0.41680395387149916 0.03777777777777778 0.047775947281713346
0 0.21222222222222223 0.9168039538714992 0.03777777777777778 0.05271828665568369
0 0.20333333333333334 0.7067545304777595 0.034444444444444444 0.044481054365733116
0 0.6744444444444444 0.8130148270181219 0.035555555555555556 0.044481054365733116
0 0.9144444444444444 0.3640856672158155 0.034444444444444444 0.042833607907743
0 0.10944444444444444 0.92833607907743 0.035555555555555556 0.044481054365733116
0 0.2 0.6194398682042833 0.03666666666666667 0.04612850082372323
0 0.9183333333333333 0.4489291598023064 0.035555555555555556 0.044481054365733116
0 0.8738888888888889 0.6194398682042833 0.04 0.047775947281713346
0 0.7266666666666667 0.8500823723228995 0.03666666666666667 0.04942339373970346
0 0.49333333333333335 0.10626029654036244 0.05 0.04942339373970346
0 0.3605555555555556 0.7265238879736409 0.035555555555555556 0.042833607907743
0 0.92 0.4876441515650741 0.035555555555555556 0.044481054365733116
0 0.3622222222222222 0.7685337726523888 0.03666666666666667 0.04942339373970346
0 0.19944444444444445 0.5807248764415156 0.034444444444444444 0.042833607907743
0 0.8533333333333334 0.11943986820428336 0.03666666666666667 0.04942339373970346
0 0.13722222222222222 0.30065897858319607 0.034444444444444444 0.044481054365733116
0 0.1338888888888889 0.2116968698517298 0.034444444444444444 0.047775947281713346
0 0.8155555555555556 0.46046128500823724 0.03666666666666667 0.044481054365733116
0 0.47 0.8805601317957167 0.034444444444444444 0.047775947281713346
0 0.6733333333333333 0.7685337726523888 0.035555555555555556 0.047775947281713346
0 0.10166666666666667 0.7611202635914333 0.034444444444444444 0.04612850082372323
0 0.7161111111111111 0.556013179571664 0.035555555555555556 0.044481054365733116
0 0.8594444444444445 0.2883031301482702 0.03666666666666667 0.04118616144975288
0 0.8772222222222222 0.742998352553542 0.035555555555555556 0.04612850082372323
0 0.9205555555555556 0.5296540362438221 0.03666666666666667 0.047775947281713346
0 0.15444444444444444 0.7981878088962109 0.03777777777777778 0.051070840197693576
0 0.725 0.8039538714991763 0.03666666666666667 0.04942339373970346
0 0.3416666666666667 0.2742998352553542 0.034444444444444444 0.044481054365733116
0 0.15333333333333332 0.7537067545304778 0.035555555555555556 0.04612850082372323
0 0.19722222222222222 0.5436573311367381 0.035555555555555556 0.04118616144975288
0 0.0811111111111111 0.21828665568369027 0.035555555555555556 0.04612850082372323
0 0.875 0.6630971993410214 0.03666666666666667 0.04612850082372323
0 0.8788888888888889 0.78500823723229 0.03777777777777778 0.04612850082372323
0 0.8666666666666667 0.4538714991762768 0.03666666666666667 0.044481054365733116
0 0.13555555555555557 0.25617792421746294 0.034444444444444444 0.047775947281713346
0 0.24 0.3245469522240527 0.034444444444444444 0.042833607907743
0 0.855 0.1630971993410214 0.035555555555555556 0.047775947281713346
0 0.3461111111111111 0.35502471169686983 0.034444444444444444 0.04612850082372323
0 0.6705555555555556 0.6878088962108732 0.035555555555555556 0.04612850082372323
0 0.9222222222222223 0.57166392092257 0.035555555555555556 0.044481054365733116
0 0.465 0.7528830313014827 0.034444444444444444 0.04118616144975288
0 0.085 0.3443163097199341 0.035555555555555556 0.044481054365733116
0 0.6655555555555556 0.5609555189456342 0.034444444444444444 0.039538714991762765
0 0.30944444444444447 0.7372322899505767 0.03666666666666667 0.04612850082372323
0 0.23722222222222222 0.28665568369028005 0.03222222222222222 0.04118616144975288
0 0.33944444444444444 0.22899505766062603 0.03666666666666667 0.04942339373970346
0 0.29 0.2775947281713344 0.03666666666666667 0.04942339373970346
0 0.3438888888888889 0.313838550247117 0.035555555555555556 0.042833607907743
0 0.8761111111111111 0.7018121911037891 0.035555555555555556 0.042833607907743
0 0.35388888888888886 0.5214168039538715 0.03333333333333333 0.04612850082372323
0 0.08444444444444445 0.3031301482701812 0.034444444444444444 0.044481054365733116
0 0.8272222222222222 0.7537067545304778 0.034444444444444444 0.042833607907743
0 0.3566666666666667 0.5988467874794069 0.03666666666666667 0.044481054365733116
0 0.08722222222222223 0.3871499176276771 0.03666666666666667 0.04612850082372323
0 0.82 0.5831960461285008 0.034444444444444444 0.042833607907743
0 0.08888888888888889 0.42915980230642503 0.03666666666666667 0.047775947281713346
0 0.3672222222222222 0.8962108731466227 0.03888888888888889 0.05271828665568369
0 0.7122222222222222 0.4728171334431631 0.034444444444444444 0.04612850082372323
0 0.4677777777777778 0.8377265238879736 0.034444444444444444 0.04612850082372323
0 0.3016666666666667 0.5675453047775947 0.03333333333333333 0.04118616144975288
0 0.4411111111111111 0.12602965403624383 0.035555555555555556 0.04942339373970346
0 0.44666666666666666 0.2981878088962109 0.034444444444444444 0.042833607907743
0 0.18833333333333332 0.33360790774299837 0.035555555555555556 0.042833607907743
0 0.24388888888888888 0.4085667215815486 0.035555555555555556 0.042833607907743
0 0.23555555555555555 0.1985172981878089 0.03666666666666667 0.04942339373970346
0 0.19055555555555556 0.3731466227347611 0.03666666666666667 0.04942339373970346
0 0.23666666666666666 0.24382207578253706 0.034444444444444444 0.047775947281713346
0 0.2461111111111111 0.49341021416803954 0.034444444444444444 0.047775947281713346
0 0.35888888888888887 0.6878088962108732 0.034444444444444444 0.042833607907743
0 0.5488888888888889 0.24629324546952225 0.03777777777777778 0.044481054365733116
0 0.8611111111111112 0.32948929159802304 0.034444444444444444 0.04612850082372323
0 0.9022222222222223 0.06672158154859967 0.03777777777777778 0.05601317957166392
0 0.4627777777777778 0.7125205930807249 0.035555555555555556 0.039538714991762765
0 0.865 0.4110378912685338 0.03777777777777778 0.051070840197693576
0 0.9166666666666666 0.40691927512355847 0.035555555555555556 0.04612850082372323
0 0.8233333333333334 0.6696869851729819 0.035555555555555556 0.044481054365733116
0 0.6672222222222223 0.6013179571663921 0.035555555555555556 0.047775947281713346
0 0.19444444444444445 0.5 0.03888888888888889 0.05271828665568369
0 0.7188888888888889 0.5980230642504119 0.03666666666666667 0.04612850082372323
0 0.8516666666666667 0.07413509060955518 0.03888888888888889 0.05271828665568369
0 0.6677777777777778 0.6449752883031301 0.035555555555555556 0.04612850082372323
0 0.2338888888888889 0.15074135090609556 0.03666666666666667 0.051070840197693576
0 0.8694444444444445 0.5362438220757826 0.03666666666666667 0.047775947281713346
0 0.245 0.44810543657331137 0.035555555555555556 0.04612850082372323
0 0.44333333333333336 0.21499176276771004 0.035555555555555556 0.04942339373970346
0 0.8188888888888889 0.5453047775947282 0.034444444444444444 0.044481054365733116
0 0.8277777777777777 0.7940691927512356 0.035555555555555556 0.044481054365733116
0 0.08388888888888889 0.2602965403624382 0.035555555555555556 0.044481054365733116
0 0.6638888888888889 0.5205930807248764 0.034444444444444444 0.044481054365733116
0 0.3933333333333333 0.26359143327841844 0.03666666666666667 0.05601317957166392
0 0.8244444444444444 0.7116968698517299 0.03777777777777778 0.051070840197693576
0 0.305 0.6507413509060955 0.03777777777777778 0.051070840197693576
0 0.8561111111111112 0.20593080724876442 0.035555555555555556 0.044481054365733116
0 0.20166666666666666 0.6630971993410214 0.03777777777777778 0.051070840197693576
0 0.4538888888888889 0.4645799011532125 0.034444444444444444 0.044481054365733116
0 0.81 0.33525535420098845 0.034444444444444444 0.04612850082372323
0 0.5472222222222223 0.2026359143327842 0.035555555555555556 0.044481054365733116
0 0.18611111111111112 0.2504118616144975 0.03777777777777778 0.04612850082372323
0 0.8216666666666667 0.6252059308072487 0.035555555555555556 0.047775947281713346
0 0.5461111111111111 0.15815485996705106 0.03666666666666667 0.04612850082372323
0 0.6022222222222222 0.28171334431630973 0.03666666666666667 0.047775947281713346
0 0.44166666666666665 0.17215815485996705 0.034444444444444444 0.04612850082372323
0 0.7005555555555556 0.18369028006589785 0.035555555555555556 0.04612850082372323
0 0.8683333333333333 0.4950576606260296 0.03666666666666667 0.047775947281713346
0 0.18611111111111112 0.2915980230642504 0.03666666666666667 0.04612850082372323
0 0.295 0.3599670510708402 0.03888888888888889 0.047775947281713346
0 0.7616666666666667 0.38385502471169686 0.034444444444444444 0.04118616144975288
0 0.7033333333333334 0.2652388797364086 0.03333333333333333 0.04612850082372323
0 0.715 0.514827018121911 0.034444444444444444 0.044481054365733116
0 0.7066666666666667 0.3500823723228995 0.034444444444444444 0.044481054365733116
0 0.29555555555555557 0.4028006589785832 0.03777777777777778 0.047775947281713346
0 0.33611111111111114 0.13673805601317957 0.03666666666666667 0.05271828665568369
0 0.2972222222222222 0.4456342668863262 0.035555555555555556 0.04612850082372323
0 0.6566666666666666 0.35502471169686983 0.03222222222222222 0.042833607907743
0 0.3038888888888889 0.6070840197693574 0.035555555555555556 0.044481054365733116
0 0.6972222222222222 0.09308072487644152 0.03666666666666667 0.04942339373970346
0 0.7022222222222222 0.22405271828665568 0.035555555555555556 0.042833607907743
0 0.24222222222222223 0.36655683690280066 0.035555555555555556 0.047775947281713346
0 0.8716666666666667 0.5790774299835255 0.035555555555555556 0.04612850082372323
0 0.29888888888888887 0.4868204283360791 0.035555555555555556 0.044481054365733116
0 0.18333333333333332 0.20510708401976935 0.03888888888888889 0.051070840197693576
0 0.3511111111111111 0.4769357495881384 0.03666666666666667 0.04942339373970346
0 0.8138888888888889 0.42257001647446457 0.034444444444444444 0.042833607907743
0 0.7088888888888889 0.3912685337726524 0.035555555555555556 0.044481054365733116
0 0.4666666666666667 0.7957166392092258 0.034444444444444444 0.047775947281713346
0 0.45666666666666667 0.5485996705107083 0.03333333333333333 0.04118616144975288
0 0.6611111111111111 0.4785831960461285 0.034444444444444444 0.04612850082372323
0 0.6594444444444445 0.4382207578253707 0.03222222222222222 0.044481054365733116
0 0.8127777777777778 0.37891268533772654 0.034444444444444444 0.047775947281713346
0 0.18222222222222223 0.15815485996705106 0.03777777777777778 0.05271828665568369
0 0.7111111111111111 0.4316309719934102 0.03333333333333333 0.042833607907743
0 0.45555555555555555 0.5074135090609555 0.03333333333333333 0.047775947281713346
0 0.8172222222222222 0.5024711696869851 0.034444444444444444 0.047775947281713346
0 0.655 0.31466227347611203 0.03333333333333333 0.044481054365733116
0 0.4527777777777778 0.4242174629324547 0.03333333333333333 0.044481054365733116
0 0.5438888888888889 0.1128500823723229 0.03666666666666667 0.051070840197693576
0 0.8066666666666666 0.25617792421746294 0.03333333333333333 0.044481054365733116
0 0.3566666666666667 0.6441515650741351 0.03666666666666667 0.051070840197693576
0 0.805 0.21087314662273476 0.03666666666666667 0.04942339373970346
0 0.46 0.6293245469522241 0.03333333333333333 0.044481054365733116
0 0.7661111111111111 0.5115321252059308 0.034444444444444444 0.047775947281713346
0 0.3 0.5280065897858319 0.03666666666666667 0.04612850082372323
0 0.4483333333333333 0.3401976935749588 0.03333333333333333 0.047775947281713346
0 0.6516666666666666 0.2298187808896211 0.03333333333333333 0.04942339373970346
0 0.7627777777777778 0.42668863261943984 0.034444444444444444 0.044481054365733116
0 0.4577777777777778 0.5881383855024712 0.034444444444444444 0.044481054365733116
0 0.6 0.23640856672158156 0.03666666666666667 0.051070840197693576
0 0.6533333333333333 0.2742998352553542 0.034444444444444444 0.044481054365733116
0 0.8583333333333333 0.24794069192751236 0.03666666666666667 0.04942339373970346
0 0.7638888888888888 0.46787479406919275 0.03333333333333333 0.04612850082372323
0 0.7577777777777778 0.30230642504118616 0.03666666666666667 0.044481054365733116
0 0.7544444444444445 0.21746293245469522 0.035555555555555556 0.047775947281713346
0 0.76 0.3443163097199341 0.034444444444444444 0.047775947281713346
0 0.4622222222222222 0.6705107084019769 0.034444444444444444 0.047775947281713346
0 0.45055555555555554 0.38385502471169686 0.034444444444444444 0.04612850082372323
0 0.7561111111111111 0.26112026359143325 0.03666666666666667 0.047775947281713346