0 0.23555555555555555 0.24013157894736842 0.03666666666666667 0.047697368421052634
0 0.24166666666666667 0.7828947368421053 0.035555555555555556 0.044407894736842105
0 0.8094444444444444 0.6274671052631579 0.03666666666666667 0.047697368421052634
0 0.08166666666666667 0.3042763157894737 0.03666666666666667 0.044407894736842105
0 0.5522222222222222 0.7023026315789473 0.03333333333333333 0.046052631578947366
0 0.8583333333333333 0.45148026315789475 0.03888888888888889 0.05098684210526316
0 0.91 0.4465460526315789 0.03666666666666667 0.049342105263157895
0 0.8066666666666666 0.4588815789473684 0.034444444444444444 0.049342105263157895
0 0.13444444444444445 0.5049342105263158 0.03777777777777778 0.047697368421052634
0 0.8588888888888889 0.5361842105263158 0.034444444444444444 0.04276315789473684
0 0.8588888888888889 0.5773026315789473 0.03777777777777778 0.049342105263157895
0 0.39166666666666666 0.3059210526315789 0.03333333333333333 0.049342105263157895
0 0.2872222222222222 0.18914473684210525 0.03666666666666667 0.054276315789473686
0 0.8088888888888889 0.5855263157894737 0.03333333333333333 0.046052631578947366
0 0.855 0.20559210526315788 0.03666666666666667 0.044407894736842105
0 0.08388888888888889 0.5542763157894737 0.035555555555555556 0.04276315789473684
0 0.13333333333333333 0.4621710526315789 0.03666666666666667 0.047697368421052634
0 0.6027777777777777 0.6957236842105263 0.03777777777777778 0.049342105263157895
0 0.9105555555555556 0.48601973684210525 0.034444444444444444 0.044407894736842105
0 0.8577777777777778 0.49506578947368424 0.035555555555555556 0.046052631578947366
0 0.8588888888888889 0.6208881578947368 0.03777777777777778 0.047697368421052634
0 0.4955555555555556 0.2738486842105263 0.044444444444444446 0.044407894736842105
0 0.6055555555555555 0.8626644736842105 0.04111111111111111 0.05098684210526316
0 0.6011111111111112 0.4449013157894737 0.03666666666666667 0.046052631578947366
0 0.1338888888888889 0.29523026315789475 0.034444444444444444 0.04276315789473684
0 0.9038888888888889 0.1118421052631579 0.03666666666666667 0.046052631578947366
0 0.3461111111111111 0.8125 0.03777777777777778 0.046052631578947366
0 0.8072222222222222 0.5 0.034444444444444444 0.04276315789473684
0 0.3983333333333333 0.8453947368421053 0.034444444444444444 0.049342105263157895
0 0.3927777777777778 0.3873355263157895 0.034444444444444444 0.04276315789473684
0 0.18388888888888888 0.24588815789473684 0.03333333333333333 0.047697368421052634
0 0.13777777777777778 0.796875 0.034444444444444444 0.04276315789473684
0 0.9066666666666666 0.19983552631578946 0.035555555555555556 0.046052631578947366
0 0.395 0.5567434210526315 0.035555555555555556 0.046052631578947366
0 0.34444444444444444 0.6480263157894737 0.035555555555555556 0.047697368421052634
0 0.2388888888888889 0.4934210526315789 0.035555555555555556 0.046052631578947366
0 0.9083333333333333 0.3207236842105263 0.035555555555555556 0.044407894736842105
0 0.49333333333333335 0.2080592105263158 0.04555555555555556 0.044407894736842105
0 0.6033333333333334 0.6521381578947368 0.03666666666666667 0.047697368421052634
0 0.4938888888888889 0.14226973684210525 0.04666666666666667 0.04111842105263158
0 0.5522222222222222 0.7861842105263158 0.034444444444444444 0.046052631578947366
0 0.7533333333333333 0.3412828947368421 0.03333333333333333 0.04276315789473684
0 0.13944444444444445 0.9226973684210527 0.03888888888888889 0.05098684210526316
0 0.5516666666666666 0.618421052631579 0.03666666666666667 0.04276315789473684
0 0.3972222222222222 0.7606907894736842 0.03222222222222222 0.046052631578947366
0 0.605 0.8199013157894737 0.035555555555555556 0.044407894736842105
0 0.3466666666666667 0.852796052631579 0.03777777777777778 0.044407894736842105
0 0.8633333333333333 0.7417763157894737 0.035555555555555556 0.049342105263157895
0 0.08388888888888889 0.5123355263157895 0.03666666666666667 0.049342105263157895
0 0.08388888888888889 0.4712171052631579 0.034444444444444444 0.046052631578947366
0 0.18388888888888888 0.33305921052631576 0.035555555555555556 0.047697368421052634
0 0.7527777777777778 0.2582236842105263 0.03666666666666667 0.046052631578947366
0 0.49333333333333335 0.10773026315789473 0.04555555555555556 0.03782894736842105
0 0.1388888888888889 0.8791118421052632 0.04 0.04276315789473684
0 0.5483333333333333 0.45476973684210525 0.03666666666666667 0.044407894736842105
0 0.9083333333333333 0.28042763157894735 0.03666666666666667 0.046052631578947366
0 0.8605555555555555 0.662828947368421 0.03777777777777778 0.046052631578947366
0 0.49722222222222223 0.3100328947368421 0.043333333333333335 0.03782894736842105
0 0.4955555555555556 0.24095394736842105 0.042222222222222223 0.03782894736842105
0 0.5144444444444445 0.7072368421052632 0.02666666666666667 0.039473684210526314
0 0.8638888888888889 0.828125 0.03777777777777778 0.047697368421052634
0 0.08666666666666667 0.8881578947368421 0.035555555555555556 0.049342105263157895
0 0.49333333333333335 0.17351973684210525 0.04666666666666667 0.03453947368421053
0 0.8633333333333333 0.7853618421052632 0.035555555555555556 0.047697368421052634
0 0.08722222222222223 0.7631578947368421 0.03888888888888889 0.029605263157894735
0 0.55 0.4925986842105263 0.03777777777777778 0.03125
0 0.8622222222222222 0.7023026315789473 0.034444444444444444 0.039473684210526314
0 0.855 0.2878289473684211 0.03666666666666667 0.027960526315789474
0 0.49722222222222223 0.4588815789473684 0.04111111111111111 0.03618421052631579
0 0.08777777777777777 0.8470394736842105 0.03777777777777778 0.04276315789473684
0 0.135 0.5476973684210527 0.035555555555555556 0.047697368421052634
0 0.6033333333333334 0.7376644736842105 0.03888888888888889 0.05098684210526316
0 0.49722222222222223 0.33963815789473684 0.043333333333333335 0.04111842105263158
0 0.5522222222222222 0.7442434210526315 0.03333333333333333 0.047697368421052634
0 0.3972222222222222 0.7203947368421053 0.03222222222222222 0.04111842105263158
0 0.34555555555555556 0.6891447368421053 0.03666666666666667 0.044407894736842105
0 0.0811111111111111 0.21628289473684212 0.03888888888888889 0.05921052631578947
0 0.9072222222222223 0.2393092105263158 0.03666666666666667 0.046052631578947366
0 0.6038888888888889 0.78125 0.03777777777777778 0.046052631578947366
0 0.5538888888888889 0.8297697368421053 0.03666666666666667 0.047697368421052634
0 0.135 0.5888157894736842 0.03666666666666667 0.044407894736842105
0 0.08222222222222222 0.34457236842105265 0.03888888888888889 0.049342105263157895
0 0.8572222222222222 0.4095394736842105 0.034444444444444444 0.044407894736842105
0 0.5511111111111111 0.6603618421052632 0.03222222222222222 0.047697368421052634
0 0.5472222222222223 0.3305921052631579 0.034444444444444444 0.046052631578947366
0 0.9027777777777778 0.06414473684210527 0.03888888888888889 0.05592105263157895
0 0.08944444444444444 0.9325657894736842 0.03777777777777778 0.05098684210526316
0 0.3383333333333333 0.18174342105263158 0.035555555555555556 0.05263157894736842
0 0.5505555555555556 0.5773026315789473 0.03777777777777778 0.049342105263157895
0 0.3416666666666667 0.43667763157894735 0.035555555555555556 0.047697368421052634
0 0.3383333333333333 0.22779605263157895 0.035555555555555556 0.046052631578947366
0 0.8033333333333333 0.21217105263157895 0.035555555555555556 0.049342105263157895
0 0.5972222222222222 0.19654605263157895 0.035555555555555556 0.047697368421052634
0 0.5961111111111111 0.15378289473684212 0.03666666666666667 0.049342105263157895
0 0.3938888888888889 0.4292763157894737 0.035555555555555556 0.047697368421052634
0 0.23944444444444443 0.6578947368421053 0.03666666666666667 0.046052631578947366
0 0.3411111111111111 0.3939144736842105 0.03333333333333333 0.047697368421052634
0 0.18388888888888888 0.2902960526315789 0.034444444444444444 0.047697368421052634
0 0.805 0.3355263157894737 0.035555555555555556 0.047697368421052634
0 0.34055555555555556 0.31167763157894735 0.03777777777777778 0.049342105263157895
0 0.8088888888888889 0.5419407894736842 0.03777777777777778 0.05098684210526316
0 0.6477777777777778 0.1924342105263158 0.034444444444444444 0.049342105263157895
0 0.6472222222222223 0.09868421052631579 0.03666666666666667 0.05263157894736842
0 0.8055555555555556 0.3774671052631579 0.035555555555555556 0.049342105263157895
0 0.13555555555555557 0.6299342105263158 0.03888888888888889 0.049342105263157895
0 0.8561111111111112 0.3256578947368421 0.03888888888888889 0.05098684210526316
0 0.8022222222222222 0.16940789473684212 0.034444444444444444 0.046052631578947366
0 0.6027777777777777 0.5296052631578947 0.03666666666666667 0.047697368421052634
0 0.34 0.26973684210526316 0.035555555555555556 0.047697368421052634
0 0.5472222222222223 0.37006578947368424 0.034444444444444444 0.046052631578947366
0 0.44055555555555553 0.12335526315789473 0.03666666666666667 0.05263157894736842
0 0.2411111111111111 0.6998355263157895 0.03666666666666667 0.046052631578947366
0 0.6477777777777778 0.1455592105263158 0.03888888888888889 0.05098684210526316
0 0.13833333333333334 0.8379934210526315 0.03777777777777778 0.049342105263157895
0 0.7522222222222222 0.3026315789473684 0.03666666666666667 0.049342105263157895
0 0.3438888888888889 0.5625 0.03666666666666667 0.047697368421052634
0 0.13277777777777777 0.16447368421052633 0.04 0.047697368421052634
0 0.3416666666666667 0.3511513157894737 0.034444444444444444 0.044407894736842105
0 0.28833333333333333 0.27631578947368424 0.03666666666666667 0.049342105263157895
0 0.08333333333333333 0.6365131578947368 0.03666666666666667 0.049342105263157895
0 0.6988888888888889 0.18503289473684212 0.03666666666666667 0.047697368421052634
0 0.13277777777777777 0.3363486842105263 0.035555555555555556 0.049342105263157895
0 0.5483333333333333 0.4120065789473684 0.035555555555555556 0.047697368421052634
0 0.8544444444444445 0.16200657894736842 0.03666666666666667 0.049342105263157895
0 0.23833333333333334 0.4498355263157895 0.03888888888888889 0.05098684210526316
0 0.08666666666666667 0.803453947368421 0.04 0.05098684210526316
0 0.2361111111111111 0.28289473684210525 0.03666666666666667 0.049342105263157895
0 0.13666666666666666 0.7146381578947368 0.03888888888888889 0.046052631578947366
0 0.08333333333333333 0.4276315789473684 0.03666666666666667 0.047697368421052634
0 0.39444444444444443 0.515625 0.03666666666666667 0.049342105263157895
0 0.905 0.15542763157894737 0.03777777777777778 0.049342105263157895
0 0.8038888888888889 0.2557565789473684 0.035555555555555556 0.047697368421052634
0 0.3416666666666667 0.4786184210526316 0.034444444444444444 0.049342105263157895
0 0.23444444444444446 0.1513157894736842 0.04 0.05098684210526316
0 0.23944444444444443 0.6175986842105263 0.03333333333333333 0.044407894736842105
0 0.7544444444444445 0.3832236842105263 0.03666666666666667 0.05098684210526316
0 0.39166666666666666 0.22121710526315788 0.035555555555555556 0.047697368421052634
0 0.9111111111111111 0.5287828947368421 0.03777777777777778 0.05098684210526316
0 0.3433333333333333 0.5205592105263158 0.03666666666666667 0.046052631578947366
0 0.5955555555555555 0.1069078947368421 0.03777777777777778 0.05098684210526316
0 0.24166666666666667 0.7425986842105263 0.034444444444444444 0.046052631578947366
0 0.1338888888888889 0.2524671052631579 0.035555555555555556 0.049342105263157895
0 0.8533333333333334 0.11759868421052631 0.03777777777777778 0.049342105263157895
0 0.2427777777777778 0.8248355263157895 0.03777777777777778 0.049342105263157895
0 0.08555555555555555 0.7245065789473685 0.03888888888888889 0.05098684210526316
0 0.23944444444444443 0.5756578947368421 0.03666666666666667 0.046052631578947366
0 0.5494444444444444 0.5328947368421053 0.03666666666666667 0.049342105263157895
0 0.6977777777777778 0.14144736842105263 0.035555555555555556 0.049342105263157895
0 0.3466666666666667 0.7697368421052632 0.03777777777777778 0.049342105263157895
0 0.13722222222222222 0.756578947368421 0.03666666666666667 0.047697368421052634
0 0.8566666666666667 0.3692434210526316 0.035555555555555556 0.046052631578947366
0 0.13555555555555557 0.6726973684210527 0.03666666666666667 0.047697368421052634
0 0.5994444444444444 0.3618421052631579 0.03666666666666667 0.047697368421052634
0 0.23777777777777778 0.3659539473684211 0.03888888888888889 0.05098684210526316
0 0.49666666666666665 0.4128289473684211 0.042222222222222223 0.05263157894736842
0 0.5466666666666666 0.2886513157894737 0.034444444444444444 0.047697368421052634
0 0.08166666666666667 0.2631578947368421 0.03777777777777778 0.044407894736842105
0 0.7516666666666667 0.17763157894736842 0.035555555555555556 0.049342105263157895
0 0.6022222222222222 0.4868421052631579 0.03777777777777778 0.047697368421052634
0 0.085 0.6800986842105263 0.03666666666666667 0.047697368421052634
0 0.39555555555555555 0.6398026315789473 0.03333333333333333 0.047697368421052634
0 0.08277777777777778 0.38651315789473684 0.03666666666666667 0.044407894736842105
0 0.3938888888888889 0.4720394736842105 0.03666666666666667 0.047697368421052634
0 0.5983333333333334 0.28125 0.03333333333333333 0.044407894736842105
0 0.6005555555555555 0.40542763157894735 0.03777777777777778 0.046052631578947366
0 0.6022222222222222 0.5707236842105263 0.03666666666666667 0.047697368421052634
0 0.7533333333333333 0.21875 0.035555555555555556 0.04276315789473684
0 0.235 0.19654605263157895 0.03888888888888889 0.049342105263157895
0 0.18388888888888888 0.20065789473684212 0.035555555555555556 0.05263157894736842
0 0.3461111111111111 0.727796052631579 0.03666666666666667 0.046052631578947366
0 0.13444444444444445 0.3807565789473684 0.035555555555555556 0.049342105263157895
0 0.6022222222222222 0.6110197368421053 0.035555555555555556 0.047697368421052634
0 0.5994444444444444 0.3215460526315789 0.034444444444444444 0.046052631578947366
0 0.8555555555555555 0.25 0.04 0.054276315789473686
0 0.8533333333333334 0.07072368421052631 0.03777777777777778 0.05098684210526316
0 0.3972222222222222 0.680921052631579 0.035555555555555556 0.047697368421052634
0 0.13333333333333333 0.2080592105263158 0.03777777777777778 0.049342105263157895
0 0.7511111111111111 0.13240131578947367 0.03666666666666667 0.05098684210526316
0 0.345 0.6060855263157895 0.034444444444444444 0.046052631578947366
0 0.29 0.3182565789473684 0.03666666666666667 0.047697368421052634
0 0.24333333333333335 0.9120065789473685 0.04111111111111111 0.049342105263157895
0 0.2427777777777778 0.868421052631579 0.03888888888888889 0.047697368421052634
0 0.8038888888888889 0.29605263157894735 0.035555555555555556 0.04276315789473684
0 0.23666666666666666 0.3248355263157895 0.034444444444444444 0.044407894736842105
0 0.39944444444444444 0.8898026315789473 0.03777777777777778 0.049342105263157895
0 0.8022222222222222 0.125 0.03666666666666667 0.05263157894736842
0 0.08388888888888889 0.5945723684210527 0.03666666666666667 0.044407894736842105
0 0.3472222222222222 0.8947368421052632 0.03888888888888889 0.05263157894736842
0 0.7505555555555555 0.08799342105263158 0.03666666666666667 0.05098684210526316
0 0.39222222222222225 0.34786184210526316 0.03333333333333333 0.047697368421052634
0 0.755 0.4284539473684211 0.035555555555555556 0.049342105263157895
0 0.3972222222222222 0.8026315789473685 0.03333333333333333 0.047697368421052634
0 0.39555555555555555 0.5978618421052632 0.034444444444444444 0.046052631578947366
0 0.1338888888888889 0.421875 0.03333333333333333 0.046052631578947366
0 0.44222222222222224 0.21299342105263158 0.034444444444444444 0.044407894736842105
0 0.9088888888888889 0.36348684210526316 0.035555555555555556 0.047697368421052634
0 0.2861111111111111 0.23355263157894737 0.03777777777777778 0.044407894736842105
0 0.9083333333333333 0.40542763157894735 0.03666666666666667 0.046052631578947366
0 0.23777777777777778 0.4095394736842105 0.03666666666666667 0.04276315789473684
0 0.2388888888888889 0.5345394736842105 0.03666666666666667 0.049342105263157895
0 0.8061111111111111 0.41776315789473684 0.035555555555555556 0.04276315789473684
0 0.5472222222222223 0.24177631578947367 0.03777777777777778 0.05263157894736842
0 0.39 0.1768092105263158 0.03888888888888889 0.05263157894736842
0 0.6977777777777778 0.09375 0.04 0.05263157894736842
0 0.39166666666666666 0.2631578947368421 0.034444444444444444 0.046052631578947366
0 0.39 0.12746710526315788 0.04 0.05263157894736842
0 0.44222222222222224 0.16940789473684212 0.03777777777777778 0.049342105263157895
0 0.5977777777777777 0.24013157894736842 0.035555555555555556 0.047697368421052634