0 0.520625 0.5284810126582279 0.04 0.03639240506329114
0 0.300625 0.4287974683544304 0.04125 0.04746835443037975
0 0.356875 0.372626582278481 0.04 0.04113924050632911
0 0.763125 0.16455696202531644 0.02625 0.023734177215189875
0 0.900625 0.7460443037974683 0.03875 0.0379746835443038
0 0.2975 0.5324367088607594 0.035 0.030063291139240507
0 0.53125 0.5727848101265823 0.02875 0.03639240506329114
0 0.5275 0.682753164556962 0.025 0.02689873417721519
0 0.299375 0.4074367088607595 0.03875 0.04272151898734177
0 0.8975 0.9026898734177216 0.03625 0.03639240506329114
0 0.52875 0.6613924050632911 0.02375 0.023734177215189875
0 0.355625 0.40585443037974683 0.03375 0.03322784810126582
0 0.520625 0.49920886075949367 0.0425 0.04272151898734177
0 0.7925 0.1685126582278481 0.02875 0.03322784810126582
0 0.898125 0.8742088607594937 0.03875 0.0379746835443038
0 0.736875 0.1629746835443038 0.02625 0.028481012658227847
0 0.59875 0.15110759493670886 0.02875 0.03322784810126582
0 0.52875 0.6147151898734177 0.02875 0.0379746835443038
0 0.900625 0.7745253164556962 0.0375 0.0379746835443038
0 0.12875 0.6764240506329114 0.03625 0.03322784810126582
0 0.843125 0.8045886075949367 0.03625 0.03322784810126582
0 0.7925 0.6732594936708861 0.03875 0.0379746835443038
0 0.843125 0.8346518987341772 0.0375 0.0379746835443038
0 0.679375 0.19145569620253164 0.02625 0.023734177215189875
0 0.901875 0.7128164556962026 0.03875 0.04113924050632911
0 0.62125 0.8781645569620253 0.0375 0.03481012658227848
0 0.46125 0.6424050632911392 0.0375 0.0379746835443038
0 0.52875 0.6416139240506329 0.02625 0.02531645569620253
0 0.800625 0.38449367088607594 0.03875 0.04113924050632911
0 0.733125 0.7950949367088608 0.03625 0.03639240506329114
0 0.89875 0.8061708860759493 0.04 0.0379746835443038
0 0.85 0.5181962025316456 0.03125 0.03164556962025317
0 0.456875 0.7982594936708861 0.03875 0.03481012658227848
0 0.524375 0.8662974683544303 0.025 0.030063291139240507
0 0.525 0.8409810126582279 0.025 0.02689873417721519
0 0.7875 0.8939873417721519 0.0375 0.03481012658227848
0 0.24 0.6867088607594937 0.03625 0.03481012658227848
0 0.84125 0.8963607594936709 0.04 0.03481012658227848
0 0.5125 0.7824367088607594 0.03625 0.03481012658227848
0 0.901875 0.6503164556962026 0.03875 0.0379746835443038
0 0.90125 0.680379746835443 0.0375 0.03639240506329114
0 0.89875 0.8393987341772152 0.03875 0.0379746835443038
0 0.2925 0.8180379746835443 0.03625 0.03481012658227848
0 0.131875 0.5158227848101266 0.03125 0.03164556962025317
0 0.596875 0.2199367088607595 0.02875 0.03322784810126582
0 0.346875 0.8544303797468354 0.03375 0.03164556962025317
0 0.7875 0.8631329113924051 0.0375 0.03639240506329114
0 0.7875 0.8306962025316456 0.0375 0.0379746835443038
0 0.456875 0.8631329113924051 0.035 0.03639240506329114
0 0.12625 0.7365506329113924 0.03625 0.03164556962025317
0 0.846875 0.6764240506329114 0.03625 0.03639240506329114
0 0.5675 0.8093354430379747 0.0375 0.03639240506329114
0 0.79125 0.7017405063291139 0.0375 0.03481012658227848
0 0.9075 0.4897151898734177 0.0375 0.03639240506329114
0 0.846875 0.7072784810126582 0.0375 0.03639240506329114
0 0.403125 0.7642405063291139 0.0375 0.0379746835443038
0 0.460625 0.6732594936708861 0.03625 0.03481012658227848
0 0.6775 0.8188291139240507 0.0375 0.03639240506329114
0 0.181875 0.8109177215189873 0.03875 0.0379746835443038
0 0.733125 0.30300632911392406 0.02375 0.028481012658227847
0 0.595625 0.254746835443038 0.02625 0.03164556962025317
0 0.403125 0.7950949367088608 0.03625 0.03481012658227848
0 0.84125 0.8670886075949367 0.03875 0.03955696202531646
0 0.566875 0.8401898734177216 0.03625 0.030063291139240507
0 0.23625 0.8441455696202531 0.03875 0.03639240506329114
0 0.796875 0.44936708860759494 0.0375 0.030063291139240507
0 0.816875 0.27848101265822783 0.0275 0.03322784810126582
0 0.793125 0.6400316455696202 0.0375 0.0379746835443038
0 0.236875 0.8132911392405063 0.03625 0.03481012658227848
0 0.401875 0.8591772151898734 0.035 0.03164556962025317
0 0.458125 0.7697784810126582 0.0375 0.03639240506329114
0 0.23875 0.7183544303797469 0.0375 0.03639240506329114
0 0.908125 0.4588607594936709 0.0375 0.0379746835443038
0 0.8175 0.31170886075949367 0.02875 0.030063291139240507
0 0.786875 0.30854430379746833 0.025 0.030063291139240507
0 0.78875 0.7990506329113924 0.0375 0.03639240506329114
0 0.46 0.7049050632911392 0.035 0.03481012658227848
0 0.570625 0.1819620253164557 0.02375 0.028481012658227847
0 0.7375 0.6669303797468354 0.0375 0.0379746835443038
0 0.4075 0.6376582278481012 0.0375 0.03481012658227848
0 0.794375 0.6083860759493671 0.03625 0.03164556962025317
0 0.128125 0.7064873417721519 0.03875 0.0379746835443038
0 0.5675 0.7792721518987342 0.03625 0.03481012658227848
0 0.90375 0.6194620253164557 0.03875 0.03639240506329114
0 0.1825 0.7460443037974683 0.0375 0.0379746835443038
0 0.735625 0.696993670886076 0.03625 0.03164556962025317
0 0.621875 0.8488924050632911 0.0375 0.03639240506329114
0 0.733125 0.8267405063291139 0.0375 0.03481012658227848
0 0.84625 0.7389240506329114 0.03625 0.0379746835443038
0 0.655 0.1574367088607595 0.02625 0.03164556962025317
0 0.465 0.4825949367088608 0.035 0.03481012658227848
0 0.796875 0.5110759493670886 0.0375 0.03639240506329114
0 0.8475 0.6439873417721519 0.035 0.03481012658227848
0 0.626875 0.6558544303797469 0.03625 0.03481012658227848
0 0.676875 0.8496835443037974 0.03875 0.0379746835443038
0 0.79 0.23813291139240506 0.02875 0.03322784810126582
0 0.569375 0.24920886075949367 0.02625 0.03164556962025317
0 0.763125 0.23575949367088608 0.02375 0.028481012658227847
0 0.245625 0.3987341772151899 0.03625 0.03322784810126582
0 0.795625 0.5435126582278481 0.035 0.03639240506329114
0 0.82125 0.16930379746835442 0.02875 0.03322784810126582
0 0.681875 0.629746835443038 0.0375 0.03639240506329114
0 0.19 0.3947784810126582 0.03625 0.03481012658227848
0 0.789375 0.7658227848101266 0.0375 0.03639240506329114
0 0.133125 0.42167721518987344 0.03375 0.03481012658227848
0 0.291875 0.7863924050632911 0.0375 0.03639240506329114
0 0.78875 0.2721518987341772 0.02625 0.03481012658227848
0 0.745 0.379746835443038 0.03875 0.0379746835443038
0 0.760625 0.3037974683544304 0.02625 0.03164556962025317
0 0.566875 0.8710443037974683 0.03625 0.03955696202531646
0 0.351875 0.6305379746835443 0.03625 0.03481012658227848
0 0.848125 0.6139240506329114 0.0375 0.03639240506329114
0 0.65125 0.2610759493670886 0.02625 0.03322784810126582
0 0.35375 0.47072784810126583 0.03 0.03164556962025317
0 0.623125 0.752373417721519 0.03625 0.03639240506329114
0 0.685 0.5356012658227848 0.035 0.03164556962025317
0 0.738125 0.6360759493670886 0.03625 0.03481012658227848
0 0.401875 0.8283227848101266 0.0375 0.03955696202531646
0 0.41 0.4754746835443038 0.0375 0.03639240506329114
0 0.853125 0.4549050632911392 0.0375 0.03955696202531646
0 0.844375 0.7713607594936709 0.0375 0.03955696202531646
0 0.46875 0.3512658227848101 0.03875 0.03639240506329114
0 0.7975 0.4802215189873418 0.04 0.0379746835443038
0 0.623125 0.7840189873417721 0.03875 0.03955696202531646
0 0.2425 0.5261075949367089 0.0325 0.03164556962025317
0 0.681875 0.6621835443037974 0.03875 0.0379746835443038
0 0.45875 0.7373417721518988 0.0375 0.0379746835443038
0 0.6275 0.15348101265822786 0.025 0.03322784810126582
0 0.850625 0.5498417721518988 0.03625 0.03481012658227848
0 0.85125 0.4865506329113924 0.03625 0.03481012658227848
0 0.188125 0.5197784810126582 0.035 0.03322784810126582
0 0.67875 0.7879746835443038 0.0375 0.0379746835443038
0 0.74125 0.4762658227848101 0.03875 0.03639240506329114
0 0.240625 0.622626582278481 0.035 0.03322784810126582
0 0.134375 0.38924050632911394 0.03625 0.03639240506329114
0 0.65125 0.2950949367088608 0.02625 0.030063291139240507
0 0.413125 0.3805379746835443 0.03375 0.03322784810126582
0 0.73375 0.7626582278481012 0.03625 0.03481012658227848
0 0.760625 0.27056962025316456 0.0275 0.03481012658227848
0 0.408125 0.6060126582278481 0.035 0.03639240506329114
0 0.708125 0.1930379746835443 0.02625 0.03164556962025317
0 0.569375 0.6819620253164557 0.0375 0.0379746835443038
0 0.296875 0.5609177215189873 0.03625 0.03639240506329114
0 0.353125 0.5356012658227848 0.03375 0.03164556962025317
0 0.628125 0.5949367088607594 0.0375 0.0379746835443038
0 0.12625 0.7705696202531646 0.03875 0.04113924050632911
0 0.853125 0.42325949367088606 0.0375 0.03639240506329114
0 0.738125 0.6044303797468354 0.0375 0.03639240506329114
0 0.909375 0.3916139240506329 0.04 0.03955696202531646
0 0.624375 0.2579113924050633 0.025 0.03481012658227848
0 0.68 0.7254746835443038 0.0375 0.0379746835443038
0 0.686875 0.439873417721519 0.035 0.03164556962025317
0 0.4125 0.34810126582278483 0.0375 0.03955696202531646
0 0.298125 0.5007911392405063 0.03875 0.03955696202531646
0 0.629375 0.5292721518987342 0.035 0.03322784810126582
0 0.6775 0.29667721518987344 0.02625 0.028481012658227847
0 0.404375 0.7001582278481012 0.0375 0.03639240506329114
0 0.705 0.30063291139240506 0.0275 0.030063291139240507
0 0.19 0.42800632911392406 0.03625 0.0379746835443038
0 0.794375 0.5783227848101266 0.03625 0.0379746835443038
0 0.5675 0.7143987341772152 0.03625 0.03481012658227848
0 0.19125 0.3599683544303797 0.04 0.04272151898734177
0 0.679375 0.22784810126582278 0.02875 0.03322784810126582
0 0.57125 0.6210443037974683 0.0375 0.03639240506329114
0 0.653125 0.19145569620253164 0.0275 0.03322784810126582
0 0.571875 0.14794303797468356 0.0275 0.03481012658227848
0 0.686875 0.47072784810126583 0.03625 0.03639240506329114
0 0.408125 0.5727848101265823 0.03625 0.03639240506329114
0 0.57625 0.4596518987341772 0.03625 0.03322784810126582
0 0.6875 0.40901898734177217 0.03625 0.03639240506329114
0 0.295625 0.5957278481012658 0.03625 0.0379746835443038
0 0.1875 0.5537974683544303 0.0375 0.03955696202531646
0 0.40875 0.5411392405063291 0.03375 0.03322784810126582
0 0.73625 0.19699367088607594 0.025 0.03164556962025317
0 0.465 0.5458860759493671 0.035 0.03481012658227848
0 0.63375 0.40189873417721517 0.0375 0.0379746835443038
0 0.74375 0.4129746835443038 0.0375 0.0379746835443038
0 0.13375 0.35443037974683544 0.0375 0.04113924050632911
0 0.351875 0.6004746835443038 0.0375 0.03639240506329114
0 0.5775 0.3639240506329114 0.03875 0.03955696202531646
0 0.735 0.7294303797468354 0.0375 0.0379746835443038
0 0.743125 0.4462025316455696 0.035 0.03639240506329114
0 0.131875 0.48417721518987344 0.03875 0.03639240506329114
0 0.24125 0.5585443037974683 0.03625 0.03639240506329114
0 0.67625 0.8829113924050633 0.0375 0.0379746835443038
0 0.3 0.4675632911392405 0.0375 0.03955696202531646
0 0.29625 0.6281645569620253 0.0375 0.0379746835443038
0 0.633125 0.432753164556962 0.0375 0.03481012658227848
0 0.685 0.5039556962025317 0.0375 0.03955696202531646
0 0.573125 0.5561708860759493 0.03625 0.03322784810126582
0 0.63 0.49841772151898733 0.0375 0.03639240506329114
0 0.678125 0.2634493670886076 0.02875 0.03164556962025317
0 0.4625 0.5767405063291139 0.03375 0.03164556962025317
0 0.355 0.439873417721519 0.03625 0.0379746835443038
0 0.18875 0.45806962025316456 0.03625 0.03322784810126582
0 0.3525 0.5680379746835443 0.035 0.03639240506329114
0 0.24125 0.5917721518987342 0.03875 0.0379746835443038
0 0.40875 0.509493670886076 0.0375 0.0379746835443038
0 0.68875 0.37420886075949367 0.03625 0.03955696202531646
0 0.354375 0.5039556962025317 0.035 0.0379746835443038
0 0.684375 0.567246835443038 0.03625 0.03639240506329114
0 0.57375 0.5245253164556962 0.0375 0.0379746835443038
0 0.5775 0.3971518987341772 0.03625 0.03481012658227848
0 0.295625 0.6613924050632911 0.03625 0.03639240506329114
0 0.301875 0.3694620253164557 0.0375 0.03955696202531646
0 0.651875 0.22468354430379747 0.02625 0.03164556962025317
0 0.409375 0.44462025316455694 0.03625 0.03639240506329114
0 0.625 0.22389240506329114 0.0275 0.03639240506329114
0 0.63125 0.4651898734177215 0.03875 0.03955696202531646
0 0.7075 0.23180379746835442 0.0275 0.0379746835443038
0 0.63375 0.36787974683544306 0.03625 0.0379746835443038
0 0.4675 0.41693037974683544 0.0375 0.03639240506329114
0 0.243125 0.4944620253164557 0.03625 0.0379746835443038
0 0.246875 0.36550632911392406 0.03875 0.04272151898734177
0 0.576875 0.42800632911392406 0.03625 0.03639240506329114
0 0.571875 0.5886075949367089 0.03625 0.0379746835443038
0 0.410625 0.4129746835443038 0.03625 0.03639240506329114
0 0.709375 0.15981012658227847 0.03 0.03481012658227848
0 0.84875 0.5814873417721519 0.0375 0.0379746835443038
0 0.461875 0.6091772151898734 0.0375 0.0379746835443038
0 0.628125 0.5625 0.0375 0.0379746835443038
0 0.46625 0.4501582278481013 0.03625 0.03639240506329114
0 0.350625 0.6637658227848101 0.03875 0.03955696202531646
0 0.574375 0.4920886075949367 0.03625 0.0379746835443038
0 0.6275 0.6257911392405063 0.035 0.03164556962025317
0 0.523125 0.4098101265822785 0.04125 0.028481012658227847
0 0.18 0.8417721518987342 0.035 0.03164556962025317
0 0.124375 0.8354430379746836 0.0375 0.0379746835443038
0 0.125625 0.8045886075949367 0.03625 0.03322784810126582
0 0.525625 0.33860759493670883 0.03375 0.022151898734177215
0 0.523125 0.37658227848101267 0.03875 0.023734177215189875
0 0.521875 0.3963607594936709 0.0375 0.02531645569620253
0 0.521875 0.43908227848101267 0.03875 0.04113924050632911
0 0.524375 0.35680379746835444 0.04125 0.02689873417721519
0 0.52375 0.3188291139240506 0.04125 0.02689873417721519
0 0.18375 0.6819620253164557 0.0375 0.03639240506329114
0 0.7325 0.8568037974683544 0.03625 0.03322784810126582
0 0.468125 0.3860759493670886 0.035 0.0379746835443038
0 0.74125 0.509493670886076 0.03875 0.03639240506329114
0 0.465625 0.5158227848101266 0.0325 0.03481012658227848
0 0.594375 0.2879746835443038 0.02625 0.03164556962025317
0 0.24125 0.6558544303797469 0.03625 0.03955696202531646
0 0.57125 0.6503164556962026 0.0375 0.03481012658227848
0 0.819375 0.23971518987341772 0.0275 0.03481012658227848
0 0.129375 0.6447784810126582 0.03625 0.03955696202531646
0 0.184375 0.7136075949367089 0.03625 0.03481012658227848
0 0.905 0.5878164556962026 0.03875 0.03639240506329114
0 0.909375 0.4264240506329114 0.03875 0.03639240506329114
0 0.74 0.5411392405063291 0.03625 0.03481012658227848
0 0.739375 0.571993670886076 0.03875 0.0379746835443038
0 0.130625 0.5783227848101266 0.0375 0.0379746835443038
0 0.6825 0.15901898734177214 0.02625 0.03164556962025317
0 0.185625 0.6186708860759493 0.03625 0.03639240506329114
0 0.238125 0.7808544303797469 0.03625 0.03322784810126582
0 0.731875 0.8876582278481012 0.035 0.03164556962025317
0 0.79875 0.4200949367088608 0.0375 0.03955696202531646
0 0.23875 0.7492088607594937 0.03625 0.03322784810126582
0 0.181875 0.7776898734177216 0.0375 0.0379746835443038
0 0.295625 0.692246835443038 0.0375 0.03639240506329114
0 0.734375 0.2697784810126582 0.02375 0.028481012658227847
0 0.79125 0.20253164556962025 0.02625 0.03164556962025317
0 0.185 0.6503164556962026 0.0375 0.0379746835443038
0 0.34875 0.7262658227848101 0.0375 0.03955696202531646
0 0.40375 0.7325949367088608 0.03625 0.03639240506329114
0 0.45625 0.8314873417721519 0.03875 0.0379746835443038
0 0.130625 0.5474683544303798 0.035 0.03481012658227848
0 0.763125 0.20094936708860758 0.02625 0.03164556962025317
0 0.35 0.6954113924050633 0.0375 0.03481012658227848
0 0.185 0.5870253164556962 0.0375 0.03481012658227848
0 0.57 0.21518987341772153 0.025 0.03164556962025317
0 0.29125 0.8496835443037974 0.03625 0.03481012658227848
0 0.29375 0.754746835443038 0.03875 0.0379746835443038
0 0.90625 0.5545886075949367 0.03875 0.0379746835443038
0 0.293125 0.7238924050632911 0.03875 0.03639240506329114
0 0.735 0.23180379746835442 0.0275 0.03322784810126582
0 0.188125 0.4889240506329114 0.03125 0.03481012658227848
0 0.245 0.4295886075949367 0.03625 0.03481012658227848
0 0.599375 0.185126582278481 0.025 0.030063291139240507
0 0.348125 0.7579113924050633 0.0375 0.03639240506329114
0 0.129375 0.6107594936708861 0.0375 0.03639240506329114
0 0.625 0.18908227848101267 0.025 0.030063291139240507
0 0.68125 0.6938291139240507 0.03625 0.03322784810126582
0 0.9075 0.5213607594936709 0.03875 0.03639240506329114
0 0.79 0.7333860759493671 0.0375 0.0379746835443038
0 0.56875 0.7468354430379747 0.03375 0.03639240506329114
0 0.621875 0.817246835443038 0.03875 0.03639240506329114
0 0.621875 0.29193037974683544 0.025 0.030063291139240507
0 0.82 0.20569620253164558 0.02875 0.03322784810126582
0 0.67875 0.757120253164557 0.03625 0.0379746835443038
0 0.683125 0.5996835443037974 0.03625 0.03481012658227848
0 0.854375 0.3900316455696203 0.0375 0.03955696202531646
0 0.243125 0.4612341772151899 0.035 0.03481012658227848
0 0.133125 0.45332278481012656 0.03375 0.03481012658227848
0 0.346875 0.8235759493670886 0.03875 0.0379746835443038
0 0.625 0.7199367088607594 0.0375 0.03481012658227848
0 0.348125 0.7895569620253164 0.03875 0.03955696202531646
0 0.706875 0.26819620253164556 0.025 0.030063291139240507
0 0.40625 0.6685126582278481 0.03625 0.03481012658227848
0 0.625625 0.6890822784810127 0.035 0.03481012658227848