0 0.705625 0.9034810126582279 0.03 0.02531645569620253
0 0.763125 0.8069620253164557 0.03375 0.03481012658227848
0 0.874375 0.557753164556962 0.03625 0.04113924050632911
0 0.65375 0.4549050632911392 0.035 0.022151898734177215
0 0.81625 0.8425632911392406 0.03375 0.030063291139240507
0 0.376875 0.6882911392405063 0.0325 0.03322784810126582
0 0.3225 0.432753164556962 0.0325 0.03639240506329114
0 0.32 0.8164556962025317 0.035 0.0379746835443038
0 0.153125 0.8971518987341772 0.03375 0.03639240506329114
0 0.636875 0.8346518987341772 0.0225 0.030063291139240507
0 0.499375 0.7689873417721519 0.0225 0.020569620253164556
0 0.498125 0.8939873417721519 0.0225 0.02689873417721519
0 0.49875 0.6716772151898734 0.02 0.022151898734177215
0 0.87375 0.5284810126582279 0.03375 0.03322784810126582
0 0.64 0.6740506329113924 0.02125 0.028481012658227847
0 0.49875 0.9200949367088608 0.025 0.030063291139240507
0 0.64 0.5166139240506329 0.02 0.023734177215189875
0 0.640625 0.5498417721518988 0.02 0.02689873417721519
0 0.64 0.5791139240506329 0.0175 0.028481012658227847
0 0.63875 0.6099683544303798 0.01875 0.02531645569620253
0 0.64125 0.6424050632911392 0.01875 0.02689873417721519
0 0.66625 0.5189873417721519 0.0175 0.023734177215189875
0 0.666875 0.5498417721518988 0.015 0.02531645569620253
0 0.489375 0.39319620253164556 0.03 0.020569620253164556
0 0.4875 0.4311708860759494 0.03125 0.022151898734177215
0 0.48875 0.5466772151898734 0.035 0.028481012658227847
0 0.488125 0.569620253164557 0.03125 0.023734177215189875
0 0.4875 0.5846518987341772 0.0325 0.011075949367088608
0 0.49875 0.5996835443037974 0.02125 0.015822784810126583
0 0.500625 0.6147151898734177 0.025 0.0189873417721519
0 0.499375 0.803006329113924 0.0225 0.0189873417721519
0 0.500625 0.7515822784810127 0.01875 0.023734177215189875
0 0.500625 0.7136075949367089 0.02125 0.023734177215189875
0 0.499375 0.6882911392405063 0.01875 0.01740506329113924
0 0.70625 0.8346518987341772 0.035 0.0379746835443038
0 0.265625 0.7484177215189873 0.03125 0.03322784810126582
0 0.375 0.8829113924050633 0.03375 0.03639240506329114
0 0.32125 0.5925632911392406 0.03 0.03164556962025317
0 0.211875 0.3963607594936709 0.0375 0.04113924050632911
0 0.7075 0.7104430379746836 0.0375 0.0379746835443038
0 0.54375 0.4177215189873418 0.03625 0.0379746835443038
0 0.430625 0.7903481012658228 0.03125 0.03322784810126582
0 0.599375 0.4177215189873418 0.03375 0.03639240506329114
0 0.434375 0.442246835443038 0.035 0.0379746835443038
0 0.265625 0.8117088607594937 0.035 0.03481012658227848
0 0.5975 0.6392405063291139 0.03375 0.03164556962025317
0 0.544375 0.5110759493670886 0.0325 0.03639240506329114
0 0.37875 0.40427215189873417 0.03375 0.04113924050632911
0 0.210625 0.6819620253164557 0.03125 0.03481012658227848
0 0.7075 0.7412974683544303 0.035 0.03481012658227848
0 0.265625 0.8449367088607594 0.03375 0.0379746835443038
0 0.596875 0.7365506329113924 0.03625 0.03481012658227848
0 0.5975 0.7056962025316456 0.03375 0.03481012658227848
0 0.5975 0.6091772151898734 0.035 0.03481012658227848
0 0.21 0.8093354430379747 0.035 0.0379746835443038
0 0.43125 0.7587025316455697 0.0325 0.03481012658227848
0 0.706875 0.7729430379746836 0.03375 0.03481012658227848
0 0.21 0.7468354430379747 0.0325 0.03639240506329114
0 0.210625 0.6162974683544303 0.03125 0.03322784810126582
0 0.320625 0.7199367088607594 0.03375 0.03481012658227848
0 0.595625 0.8631329113924051 0.035 0.03639240506329114
0 0.210625 0.49050632911392406 0.03375 0.0379746835443038
0 0.265 0.6542721518987342 0.0325 0.03639240506329114
0 0.431875 0.6289556962025317 0.03375 0.03164556962025317
0 0.431875 0.7262658227848101 0.03375 0.03639240506329114
0 0.21 0.7143987341772152 0.03375 0.03481012658227848
0 0.21 0.8425632911392406 0.03375 0.03481012658227848
0 0.59625 0.8955696202531646 0.03375 0.03481012658227848
0 0.638125 0.7705696202531646 0.02625 0.03481012658227848
0 0.76375 0.5878164556962026 0.03125 0.03481012658227848
0 0.155 0.7436708860759493 0.0375 0.04113924050632911
0 0.59875 0.44936708860759494 0.0325 0.030063291139240507
0 0.66375 0.8971518987341772 0.02125 0.030063291139240507
0 0.543125 0.5419303797468354 0.0325 0.03322784810126582
0 0.3775 0.4699367088607595 0.035 0.03322784810126582
0 0.81875 0.46360759493670883 0.0325 0.03481012658227848
0 0.375625 0.6265822784810127 0.03125 0.028481012658227847
0 0.66375 0.9295886075949367 0.025 0.03481012658227848
0 0.544375 0.38449367088607594 0.03375 0.0379746835443038
0 0.435 0.40822784810126583 0.03625 0.03955696202531646
0 0.376875 0.5324367088607594 0.035 0.03481012658227848
0 0.376875 0.5007911392405063 0.035 0.03481012658227848
0 0.10125 0.3900316455696203 0.03375 0.04113924050632911
0 0.818125 0.622626582278481 0.03125 0.03164556962025317
0 0.76375 0.4588607594936709 0.03625 0.04113924050632911
0 0.818125 0.5909810126582279 0.03 0.03481012658227848
0 0.21 0.5870253164556962 0.0325 0.03322784810126582
0 0.320625 0.625 0.03 0.03639240506329114
0 0.874375 0.6242088607594937 0.0375 0.03639240506329114
0 0.5 0.7341772151898734 0.02 0.020569620253164556
0 0.319375 0.9090189873417721 0.03125 0.03164556962025317
0 0.87125 0.9414556962025317 0.035 0.03481012658227848
0 0.321875 0.5292721518987342 0.03 0.03164556962025317
0 0.266875 0.495253164556962 0.035 0.03481012658227848
0 0.48375 0.8267405063291139 0.03375 0.023734177215189875
0 0.486875 0.49050632911392406 0.035 0.0379746835443038
0 0.48875 0.37420886075949367 0.035 0.02689873417721519
0 0.484375 0.8449367088607594 0.0325 0.01740506329113924
0 0.268125 0.3971518987341772 0.035 0.04113924050632911
0 0.4325 0.567246835443038 0.03125 0.03322784810126582
0 0.595625 0.8314873417721519 0.035 0.03639240506329114
0 0.43 0.8884493670886076 0.03125 0.028481012658227847
0 0.375 0.819620253164557 0.03375 0.03639240506329114
0 0.871875 0.8496835443037974 0.035 0.03164556962025317
0 0.490625 0.41060126582278483 0.03375 0.022151898734177215
0 0.87125 0.8789556962025317 0.03625 0.03164556962025317
0 0.155 0.6162974683544303 0.0325 0.030063291139240507
0 0.76 0.935126582278481 0.0375 0.03322784810126582
0 0.4975 0.7863924050632911 0.02375 0.01740506329113924
0 0.429375 0.9177215189873418 0.03375 0.03481012658227848
0 0.488125 0.4572784810126582 0.035 0.0379746835443038
0 0.595625 0.7990506329113924 0.03625 0.03639240506329114
0 0.5975 0.5134493670886076 0.035 0.0379746835443038
0 0.32125 0.497626582278481 0.03375 0.03639240506329114
0 0.760625 0.9050632911392406 0.035 0.03481012658227848
0 0.871875 0.7832278481012658 0.03375 0.03322784810126582
0 0.816875 0.939873417721519 0.03625 0.03481012658227848
0 0.871875 0.814873417721519 0.035 0.0379746835443038
0 0.871875 0.752373417721519 0.03375 0.03481012658227848
0 0.374375 0.8504746835443038 0.035 0.03164556962025317
0 0.320625 0.8465189873417721 0.035 0.03164556962025317
0 0.37625 0.5973101265822784 0.0325 0.03481012658227848
0 0.59875 0.5458860759493671 0.03125 0.030063291139240507
0 0.37625 0.7531645569620253 0.035 0.03639240506329114
0 0.265 0.5901898734177216 0.03375 0.0379746835443038
0 0.320625 0.7863924050632911 0.03375 0.03481012658227848
0 0.21125 0.4430379746835443 0.03625 0.056962025316455694
0 0.664375 0.7373417721518988 0.02125 0.023734177215189875
0 0.10125 0.42167721518987344 0.0325 0.03164556962025317
0 0.8175 0.8117088607594937 0.035 0.03481012658227848
0 0.7625 0.6511075949367089 0.03375 0.03639240506329114
0 0.763125 0.555379746835443 0.03 0.030063291139240507
0 0.154375 0.872626582278481 0.03625 0.0379746835443038
0 0.870625 0.9090189873417721 0.035 0.03639240506329114
0 0.875 0.6566455696202531 0.03375 0.03481012658227848
0 0.81875 0.6843354430379747 0.035 0.03955696202531646
0 0.818125 0.7800632911392406 0.03375 0.03481012658227848
0 0.1 0.7381329113924051 0.0325 0.03639240506329114
0 0.705625 0.9311708860759493 0.035 0.0379746835443038
0 0.708125 0.5522151898734177 0.0275 0.02531645569620253
0 0.76125 0.8370253164556962 0.0375 0.03955696202531646
0 0.81625 0.9090189873417721 0.03625 0.03639240506329114
0 0.321875 0.4612341772151899 0.0325 0.0379746835443038
0 0.155 0.7088607594936709 0.035 0.03639240506329114
0 0.819375 0.49683544303797467 0.03125 0.03322784810126582
0 0.32125 0.6590189873417721 0.0325 0.03639240506329114
0 0.156875 0.4240506329113924 0.03125 0.03322784810126582
0 0.761875 0.7768987341772152 0.03375 0.03481012658227848
0 0.431875 0.694620253164557 0.0325 0.03322784810126582
0 0.155625 0.5838607594936709 0.03375 0.04113924050632911
0 0.320625 0.6890822784810127 0.03375 0.03322784810126582
0 0.155 0.7753164556962026 0.035 0.03322784810126582
0 0.636875 0.8647151898734177 0.0225 0.030063291139240507
0 0.81875 0.7167721518987342 0.03625 0.03639240506329114
0 0.664375 0.8006329113924051 0.02125 0.02689873417721519
0 0.639375 0.7064873417721519 0.0225 0.02689873417721519
0 0.6125 0.3884493670886076 0.02375 0.030063291139240507
0 0.666875 0.39082278481012656 0.0225 0.030063291139240507
0 0.098125 0.8987341772151899 0.035 0.03481012658227848
0 0.708125 0.6447784810126582 0.0325 0.03481012658227848
0 0.87375 0.6867088607594937 0.0375 0.0379746835443038
0 0.54375 0.5743670886075949 0.03125 0.03481012658227848
0 0.818125 0.6526898734177216 0.03 0.03164556962025317
0 0.26625 0.5268987341772152 0.0375 0.03955696202531646
0 0.664375 0.8330696202531646 0.02 0.028481012658227847
0 0.09875 0.7049050632911392 0.035 0.0379746835443038
0 0.761875 0.7460443037974683 0.03375 0.03639240506329114
0 0.70875 0.678006329113924 0.03375 0.03481012658227848
0 0.0975 0.8022151898734177 0.03125 0.03164556962025317
0 0.874375 0.7215189873417721 0.03625 0.0379746835443038
0 0.641875 0.3900316455696203 0.025 0.028481012658227847
0 0.763125 0.7136075949367089 0.03375 0.0379746835443038
0 0.26625 0.5585443037974683 0.03375 0.03164556962025317
0 0.81875 0.5276898734177216 0.03375 0.03639240506329114
0 0.81625 0.8734177215189873 0.0375 0.04272151898734177
0 0.5425 0.6083860759493671 0.03 0.03322784810126582
0 0.100625 0.4509493670886076 0.03375 0.03639240506329114
0 0.32125 0.5585443037974683 0.0325 0.03639240506329114
0 0.635 0.930379746835443 0.0225 0.028481012658227847
0 0.1 0.5783227848101266 0.0325 0.03164556962025317
0 0.09875 0.6732594936708861 0.035 0.03481012658227848
0 0.155 0.805379746835443 0.0375 0.0379746835443038
0 0.76375 0.5245253164556962 0.03125 0.03481012658227848
0 0.7625 0.6819620253164557 0.03625 0.03639240506329114
0 0.665 0.7056962025316456 0.0225 0.030063291139240507
0 0.156875 0.5181962025316456 0.0325 0.03639240506329114
0 0.6375 0.7990506329113924 0.0225 0.02531645569620253
0 0.433125 0.5031645569620253 0.0325 0.03322784810126582
0 0.818125 0.747626582278481 0.0375 0.0379746835443038
0 0.665625 0.6123417721518988 0.02125 0.02689873417721519
0 0.156875 0.39319620253164556 0.03125 0.03481012658227848
0 0.265 0.8765822784810127 0.03125 0.030063291139240507
0 0.63625 0.8947784810126582 0.02125 0.02689873417721519
0 0.154375 0.678006329113924 0.03375 0.03481012658227848
0 0.54375 0.47943037974683544 0.0325 0.03481012658227848
0 0.66625 0.6748417721518988 0.02125 0.03164556962025317
0 0.265625 0.7159810126582279 0.03125 0.03164556962025317
0 0.654375 0.4240506329113924 0.03375 0.03639240506329114
0 0.818125 0.5585443037974683 0.03375 0.0379746835443038
0 0.874375 0.5 0.0375 0.0379746835443038
0 0.666875 0.6416139240506329 0.02 0.028481012658227847
0 0.09875 0.8338607594936709 0.03375 0.03481012658227848
0 0.099375 0.7713607594936709 0.03375 0.03639240506329114
0 0.76125 0.8718354430379747 0.035 0.0379746835443038
0 0.665 0.5799050632911392 0.02125 0.028481012658227847
0 0.708125 0.803006329113924 0.03375 0.03164556962025317
0 0.43125 0.6637658227848101 0.03375 0.04113924050632911
0 0.7075 0.6147151898734177 0.0325 0.03481012658227848
0 0.2675 0.43037974683544306 0.0325 0.03481012658227848
0 0.636875 0.7389240506329114 0.02375 0.028481012658227847
0 0.155 0.8378164556962026 0.03625 0.03639240506329114
0 0.76375 0.4920886075949367 0.0325 0.03481012658227848
0 0.099375 0.48417721518987344 0.0325 0.03322784810126582
0 0.32 0.879746835443038 0.035 0.0379746835443038
0 0.376875 0.6582278481012658 0.03375 0.03639240506329114
0 0.09875 0.5150316455696202 0.03125 0.03322784810126582
0 0.709375 0.49050632911392406 0.03125 0.03481012658227848
0 0.2675 0.46360759493670883 0.03375 0.0379746835443038
0 0.209375 0.9066455696202531 0.035 0.03322784810126582
0 0.87375 0.5925632911392406 0.0375 0.03955696202531646
0 0.65375 0.48417721518987344 0.03625 0.03955696202531646
0 0.665 0.7697784810126582 0.0225 0.03164556962025317
0 0.375625 0.7871835443037974 0.03125 0.03322784810126582
0 0.375625 0.7207278481012658 0.0375 0.03955696202531646
0 0.098125 0.8662974683544303 0.035 0.03639240506329114
0 0.378125 0.4375 0.03375 0.03481012658227848
0 0.76375 0.6194620253164557 0.0325 0.03322784810126582
0 0.156875 0.5498417721518988 0.035 0.03481012658227848
0 0.43 0.821993670886076 0.03125 0.03322784810126582
0 0.70875 0.5213607594936709 0.03125 0.03322784810126582
0 0.434375 0.47389240506329117 0.03375 0.03481012658227848
0 0.664375 0.8662974683544303 0.0225 0.028481012658227847
0 0.323125 0.40189873417721517 0.03375 0.03481012658227848
0 0.09875 0.6424050632911392 0.0325 0.03322784810126582
0 0.54375 0.44936708860759494 0.0325 0.03481012658227848
0 0.59875 0.4810126582278481 0.03 0.03322784810126582
0 0.374375 0.9145569620253164 0.03375 0.03322784810126582
0 0.21 0.7784810126582279 0.0325 0.03322784810126582
0 0.15375 0.6447784810126582 0.035 0.03639240506329114
0 0.155625 0.4873417721518987 0.0325 0.03481012658227848
0 0.1 0.6091772151898734 0.03625 0.03955696202531646
0 0.4325 0.5356012658227848 0.03 0.03639240506329114
0 0.265 0.6859177215189873 0.0325 0.03639240506329114
0 0.875625 0.46598101265822783 0.035 0.04113924050632911
0 0.209375 0.875 0.0325 0.03639240506329114
0 0.156875 0.45569620253164556 0.03375 0.03481012658227848
0 0.709375 0.4549050632911392 0.0375 0.03955696202531646
0 0.21125 0.5229430379746836 0.03375 0.03481012658227848
0 0.1 0.5466772151898734 0.03125 0.03322784810126582
0 0.264375 0.9066455696202531 0.035 0.0379746835443038
0 0.595625 0.928006329113924 0.0375 0.0379746835443038
0 0.596875 0.7666139240506329 0.0375 0.0379746835443038
0 0.32125 0.752373417721519 0.035 0.03639240506329114
0 0.376875 0.5640822784810127 0.035 0.03481012658227848
0 0.598125 0.5783227848101266 0.035 0.03639240506329114
0 0.210625 0.6487341772151899 0.03125 0.03481012658227848
0 0.265 0.6218354430379747 0.0325 0.03481012658227848
0 0.5975 0.6732594936708861 0.035 0.03955696202531646
0 0.43 0.8560126582278481 0.035 0.03955696202531646
0 0.70625 0.8710443037974683 0.035 0.0379746835443038
0 0.70875 0.5830696202531646 0.035 0.0379746835443038
0 0.21125 0.555379746835443 0.03375 0.03639240506329114
0 0.4325 0.5996835443037974 0.0325 0.03639240506329114
0 0.265625 0.7800632911392406 0.035 0.0379746835443038