0 0.34833333333333333 0.40213815789473684 0.035555555555555556 0.04111842105263158
0 0.85 0.734375 0.03666666666666667 0.047697368421052634
0 0.3005555555555556 0.31167763157894735 0.035555555555555556 0.047697368421052634
0 0.5027777777777778 0.44901315789473684 0.04555555555555556 0.054276315789473686
0 0.3511111111111111 0.3215460526315789 0.035555555555555556 0.044407894736842105
0 0.7533333333333333 0.6019736842105263 0.03666666666666667 0.05263157894736842
0 0.8611111111111112 0.40789473684210525 0.03333333333333333 0.039473684210526314
0 0.6144444444444445 0.16776315789473684 0.035555555555555556 0.05263157894736842
0 0.7555555555555555 0.5172697368421053 0.03666666666666667 0.044407894736842105
0 0.13277777777777777 0.6332236842105263 0.03666666666666667 0.047697368421052634
0 0.35333333333333333 0.28042763157894735 0.034444444444444444 0.047697368421052634
0 0.7605555555555555 0.3972039473684211 0.035555555555555556 0.047697368421052634
0 0.2838888888888889 0.7689144736842105 0.03666666666666667 0.046052631578947366
0 0.3566666666666667 0.19078947368421054 0.034444444444444444 0.049342105263157895
0 0.7588888888888888 0.4375 0.035555555555555556 0.04276315789473684
0 0.8144444444444444 0.28042763157894735 0.035555555555555556 0.044407894736842105
0 0.5616666666666666 0.21052631578947367 0.03222222222222222 0.046052631578947366
0 0.8577777777777778 0.5287828947368421 0.034444444444444444 0.046052631578947366
0 0.3433333333333333 0.5254934210526315 0.034444444444444444 0.046052631578947366
0 0.28555555555555556 0.6858552631578947 0.03666666666666667 0.044407894736842105
0 0.9211111111111111 0.19407894736842105 0.03888888888888889 0.054276315789473686
0 0.2872222222222222 0.6455592105263158 0.035555555555555556 0.04276315789473684
0 0.8022222222222222 0.6891447368421053 0.035555555555555556 0.047697368421052634
0 0.7133333333333334 0.2236842105263158 0.03666666666666667 0.047697368421052634
0 0.8677777777777778 0.23601973684210525 0.03666666666666667 0.046052631578947366
0 0.30277777777777776 0.23108552631578946 0.03666666666666667 0.047697368421052634
0 0.7488888888888889 0.7294407894736842 0.03888888888888889 0.047697368421052634
0 0.8605555555555555 0.4457236842105263 0.03222222222222222 0.04276315789473684
0 0.3472222222222222 0.44161184210526316 0.03333333333333333 0.044407894736842105
0 0.7605555555555555 0.3569078947368421 0.035555555555555556 0.04276315789473684
0 0.34444444444444444 0.48355263157894735 0.035555555555555556 0.044407894736842105
0 0.8161111111111111 0.23601973684210525 0.03666666666666667 0.054276315789473686
0 0.7133333333333334 0.26644736842105265 0.03666666666666667 0.044407894736842105
0 0.29555555555555557 0.4399671052631579 0.03777777777777778 0.047697368421052634
0 0.2972222222222222 0.3972039473684211 0.03777777777777778 0.044407894736842105
0 0.7516666666666667 0.6858552631578947 0.034444444444444444 0.046052631578947366
0 0.30777777777777776 0.13980263157894737 0.04111111111111111 0.05263157894736842
0 0.41 0.14638157894736842 0.03888888888888889 0.05098684210526316
0 0.40444444444444444 0.2837171052631579 0.03666666666666667 0.049342105263157895
0 0.8072222222222222 0.5238486842105263 0.035555555555555556 0.046052631578947366
0 0.4072222222222222 0.23684210526315788 0.03666666666666667 0.05098684210526316
0 0.6111111111111112 0.2623355263157895 0.034444444444444444 0.05098684210526316
0 0.4622222222222222 0.15296052631578946 0.03666666666666667 0.05098684210526316
0 0.7111111111111111 0.3100328947368421 0.035555555555555556 0.046052631578947366
0 0.865 0.3248355263157895 0.03666666666666667 0.046052631578947366
0 0.8544444444444445 0.6126644736842105 0.034444444444444444 0.046052631578947366
0 0.8183333333333334 0.18421052631578946 0.03777777777777778 0.05263157894736842
0 0.8661111111111112 0.28042763157894735 0.03666666666666667 0.049342105263157895
0 0.5644444444444444 0.16200657894736842 0.03777777777777778 0.05263157894736842
0 0.7655555555555555 0.2294407894736842 0.03666666666666667 0.049342105263157895
0 0.8627777777777778 0.3675986842105263 0.035555555555555556 0.046052631578947366
0 0.35944444444444446 0.14309210526315788 0.03777777777777778 0.05263157894736842
0 0.46055555555555555 0.20148026315789475 0.03666666666666667 0.049342105263157895
0 0.7622222222222222 0.3157894736842105 0.035555555555555556 0.046052631578947366
0 0.8127777777777778 0.3223684210526316 0.034444444444444444 0.046052631578947366
0 0.765 0.2730263157894737 0.035555555555555556 0.044407894736842105
0 0.35 0.3626644736842105 0.035555555555555556 0.044407894736842105
0 0.35555555555555557 0.23519736842105263 0.035555555555555556 0.046052631578947366
0 0.08722222222222223 0.4621710526315789 0.03666666666666667 0.046052631578947366
0 0.5116666666666667 0.2138157894736842 0.05 0.03289473684210526
0 0.5083333333333333 0.2779605263157895 0.04666666666666667 0.03125
0 0.5005555555555555 0.48848684210526316 0.043333333333333335 0.03125
0 0.39611111111111114 0.5296052631578947 0.035555555555555556 0.046052631578947366
0 0.915 0.3675986842105263 0.03777777777777778 0.029605263157894735
0 0.4027777777777778 0.3651315789473684 0.03666666666666667 0.047697368421052634
0 0.09444444444444444 0.2935855263157895 0.03666666666666667 0.04111842105263158
0 0.40055555555555555 0.40542763157894735 0.035555555555555556 0.044407894736842105
0 0.7038888888888889 0.555921052631579 0.03666666666666667 0.046052631578947366
0 0.5116666666666667 0.18009868421052633 0.04555555555555556 0.04111842105263158
0 0.5088888888888888 0.2450657894736842 0.04555555555555556 0.04111842105263158
0 0.13166666666666665 0.6751644736842105 0.035555555555555556 0.04276315789473684
0 0.8116666666666666 0.3618421052631579 0.035555555555555556 0.04111842105263158
0 0.5083333333333333 0.31167763157894735 0.044444444444444446 0.04276315789473684
0 0.6977777777777778 0.7220394736842105 0.03777777777777778 0.04276315789473684
0 0.9083333333333333 0.5756578947368421 0.03666666666666667 0.047697368421052634
0 0.91 0.4909539473684211 0.034444444444444444 0.04276315789473684
0 0.5588888888888889 0.29851973684210525 0.035555555555555556 0.046052631578947366
0 0.5138888888888888 0.14638157894736842 0.04555555555555556 0.039473684210526314
0 0.13833333333333334 0.5074013157894737 0.034444444444444444 0.049342105263157895
0 0.9116666666666666 0.453125 0.034444444444444444 0.039473684210526314
0 0.20222222222222222 0.17763157894736842 0.03666666666666667 0.05098684210526316
0 0.7927777777777778 0.9366776315789473 0.03666666666666667 0.047697368421052634
0 0.9177777777777778 0.28289473684210525 0.035555555555555556 0.03782894736842105
0 0.08611111111111111 0.5016447368421053 0.034444444444444444 0.04276315789473684
0 0.69 0.9325657894736842 0.03666666666666667 0.05263157894736842
0 0.09888888888888889 0.20970394736842105 0.03888888888888889 0.046052631578947366
0 0.6916666666666667 0.8881578947368421 0.03333333333333333 0.04111842105263158
0 0.2 0.22121710526315788 0.03777777777777778 0.046052631578947366
0 0.8061111111111111 0.5641447368421053 0.034444444444444444 0.044407894736842105
0 0.4088888888888889 0.18996710526315788 0.03666666666666667 0.046052631578947366
0 0.09111111111111111 0.37664473684210525 0.03777777777777778 0.046052631578947366
0 0.09666666666666666 0.2524671052631579 0.03777777777777778 0.046052631578947366
0 0.3055555555555556 0.18585526315789475 0.03666666666666667 0.049342105263157895
0 0.145 0.2993421052631579 0.03333333333333333 0.04111842105263158
0 0.12555555555555556 0.8388157894736842 0.03888888888888889 0.049342105263157895
0 0.28555555555555556 0.7269736842105263 0.03111111111111111 0.04276315789473684
0 0.1288888888888889 0.7557565789473685 0.03777777777777778 0.044407894736842105
0 0.25 0.2631578947368421 0.03333333333333333 0.046052631578947366
0 0.09944444444444445 0.16365131578947367 0.03888888888888889 0.05263157894736842
0 0.5561111111111111 0.37911184210526316 0.035555555555555556 0.049342105263157895
0 0.1272222222222222 0.7960526315789473 0.035555555555555556 0.04276315789473684
0 0.1438888888888889 0.3404605263157895 0.034444444444444444 0.046052631578947366
0 0.8005555555555556 0.7319078947368421 0.03777777777777778 0.047697368421052634
0 0.6938888888888889 0.8470394736842105 0.03666666666666667 0.046052631578947366
0 0.14944444444444444 0.21875 0.03666666666666667 0.044407894736842105
0 0.14777777777777779 0.2582236842105263 0.03333333333333333 0.044407894736842105
0 0.1511111111111111 0.17516447368421054 0.03888888888888889 0.046052631578947366
0 0.2927777777777778 0.5189144736842105 0.035555555555555556 0.047697368421052634
0 0.3011111111111111 0.2722039473684211 0.034444444444444444 0.04111842105263158
0 0.12444444444444444 0.8856907894736842 0.03777777777777778 0.05098684210526316
0 0.1411111111111111 0.421875 0.03666666666666667 0.04276315789473684
0 0.2916666666666667 0.5583881578947368 0.035555555555555556 0.04276315789473684
0 0.08333333333333333 0.5838815789473685 0.03666666666666667 0.04276315789473684
0 0.19833333333333333 0.2623355263157895 0.03777777777777778 0.046052631578947366
0 0.7944444444444444 0.8930921052631579 0.034444444444444444 0.046052631578947366
0 0.13555555555555557 0.5485197368421053 0.03222222222222222 0.04111842105263158
0 0.08333333333333333 0.5435855263157895 0.03666666666666667 0.047697368421052634
0 0.8033333333333333 0.6455592105263158 0.03666666666666667 0.04276315789473684
0 0.7972222222222223 0.8552631578947368 0.034444444444444444 0.04111842105263158
0 0.3938888888888889 0.6101973684210527 0.03666666666666667 0.04276315789473684
0 0.7094444444444444 0.3503289473684211 0.035555555555555556 0.046052631578947366
0 0.8516666666666667 0.6924342105263158 0.03222222222222222 0.04111842105263158
0 0.5605555555555556 0.2532894736842105 0.035555555555555556 0.047697368421052634
0 0.9094444444444445 0.5337171052631579 0.034444444444444444 0.04276315789473684
0 0.09 0.4185855263157895 0.03666666666666667 0.044407894736842105
0 0.8105555555555556 0.3996710526315789 0.035555555555555556 0.044407894736842105
0 0.135 0.5888157894736842 0.035555555555555556 0.044407894736842105
0 0.4033333333333333 0.32401315789473684 0.03777777777777778 0.04111842105263158
0 0.7044444444444444 0.5139802631578947 0.034444444444444444 0.044407894736842105
0 0.12944444444444445 0.7154605263157895 0.03666666666666667 0.046052631578947366
0 0.7977777777777778 0.8133223684210527 0.03777777777777778 0.049342105263157895
0 0.20444444444444446 0.13240131578947367 0.03777777777777778 0.05098684210526316
0 0.9166666666666666 0.32648026315789475 0.03777777777777778 0.049342105263157895
0 0.8044444444444444 0.6069078947368421 0.034444444444444444 0.047697368421052634
0 0.85 0.7779605263157895 0.034444444444444444 0.046052631578947366
0 0.08166666666666667 0.6282894736842105 0.03888888888888889 0.049342105263157895
0 0.6961111111111111 0.8026315789473685 0.03777777777777778 0.046052631578947366
0 0.28055555555555556 0.8536184210526315 0.03666666666666667 0.044407894736842105
0 0.5577777777777778 0.3379934210526316 0.035555555555555556 0.04276315789473684
0 0.8094444444444444 0.44161184210526316 0.034444444444444444 0.046052631578947366
0 0.7005555555555556 0.6389802631578947 0.035555555555555556 0.044407894736842105
0 0.13944444444444445 0.46381578947368424 0.03666666666666667 0.044407894736842105
0 0.4583333333333333 0.24588815789473684 0.03333333333333333 0.04111842105263158
0 0.295 0.4810855263157895 0.03666666666666667 0.04111842105263158
0 0.9188888888888889 0.24259868421052633 0.03666666666666667 0.049342105263157895
0 0.8483333333333334 0.8199013157894737 0.03666666666666667 0.044407894736842105
0 0.3411111111111111 0.609375 0.035555555555555556 0.04276315789473684
0 0.14277777777777778 0.3815789473684211 0.03666666666666667 0.044407894736842105
0 0.2822222222222222 0.8116776315789473 0.034444444444444444 0.046052631578947366
0 0.8 0.772203947368421 0.034444444444444444 0.04276315789473684
0 0.395 0.5707236842105263 0.03666666666666667 0.04276315789473684
0 0.8533333333333334 0.6529605263157895 0.034444444444444444 0.044407894736842105
0 0.19666666666666666 0.3059210526315789 0.03888888888888889 0.047697368421052634
0 0.9133333333333333 0.41036184210526316 0.03666666666666667 0.05592105263157895
0 0.29888888888888887 0.35526315789473684 0.035555555555555556 0.046052631578947366
0 0.66 0.3034539473684211 0.035555555555555556 0.05098684210526316
0 0.15388888888888888 0.12664473684210525 0.04 0.05756578947368421
0 0.3427777777777778 0.5674342105263158 0.035555555555555556 0.047697368421052634
0 0.8594444444444445 0.4868421052631579 0.035555555555555556 0.044407894736842105
0 0.7083333333333334 0.3939144736842105 0.03333333333333333 0.04276315789473684
0 0.3983333333333333 0.44901315789473684 0.03666666666666667 0.046052631578947366
0 0.8094444444444444 0.4819078947368421 0.035555555555555556 0.044407894736842105
0 0.7061111111111111 0.47368421052631576 0.034444444444444444 0.04276315789473684
0 0.8561111111111112 0.569078947368421 0.034444444444444444 0.044407894736842105
0 0.7027777777777777 0.5978618421052632 0.03666666666666667 0.044407894736842105
0 0.33944444444444444 0.6504934210526315 0.035555555555555556 0.046052631578947366
0 0.7544444444444445 0.5575657894736842 0.035555555555555556 0.04276315789473684
0 0.8683333333333333 0.18914473684210525 0.03777777777777778 0.054276315789473686
0 0.24833333333333332 0.31085526315789475 0.03777777777777778 0.05098684210526316
0 0.28944444444444445 0.6011513157894737 0.03666666666666667 0.049342105263157895
0 0.3377777777777778 0.6916118421052632 0.03666666666666667 0.04276315789473684
0 0.7072222222222222 0.43256578947368424 0.034444444444444444 0.04276315789473684
0 0.6994444444444444 0.6817434210526315 0.03666666666666667 0.044407894736842105
0 0.7577777777777778 0.4761513157894737 0.035555555555555556 0.04111842105263158
0 0.7516666666666667 0.6447368421052632 0.035555555555555556 0.04276315789473684
0 0.33555555555555555 0.7327302631578947 0.03777777777777778 0.046052631578947366
0 0.6127777777777778 0.21546052631578946 0.034444444444444444 0.049342105263157895
0 0.3977777777777778 0.48848684210526316 0.035555555555555556 0.04276315789473684
0 0.6966666666666667 0.7623355263157895 0.034444444444444444 0.044407894736842105
0 0.7155555555555555 0.17516447368421054 0.03777777777777778 0.05263157894736842
0 0.505 0.7557565789473685 0.023333333333333334 0.018092105263157895
0 0.5072222222222222 0.34539473684210525 0.04666666666666667 0.03453947368421053
0 0.5044444444444445 0.740953947368421 0.023333333333333334 0.014802631578947368
0 0.5061111111111111 0.725328947368421 0.022222222222222223 0.02138157894736842
0 0.5061111111111111 0.3774671052631579 0.04666666666666667 0.03618421052631579
0 0.09277777777777778 0.3338815789473684 0.04 0.046052631578947366
0 0.2788888888888889 0.8980263157894737 0.03666666666666667 0.05098684210526316