0 0.6544444444444445 0.4917763157894737 0.035555555555555556 0.039473684210526314
0 0.705 0.4457236842105263 0.034444444444444444 0.04276315789473684
0 0.6027777777777777 0.24013157894736842 0.03222222222222222 0.039473684210526314
0 0.5011111111111111 0.23601973684210525 0.044444444444444446 0.04111842105263158
0 0.09 0.14884868421052633 0.03777777777777778 0.047697368421052634
0 0.655 0.5731907894736842 0.03222222222222222 0.03782894736842105
0 0.19111111111111112 0.618421052631579 0.035555555555555556 0.04276315789473684
0 0.19055555555555556 0.4506578947368421 0.034444444444444444 0.039473684210526314
0 0.24166666666666667 0.4095394736842105 0.034444444444444444 0.03618421052631579
0 0.86 0.40542763157894735 0.03333333333333333 0.04111842105263158
0 0.45 0.4925986842105263 0.03333333333333333 0.03782894736842105
0 0.5527777777777778 0.4917763157894737 0.034444444444444444 0.04276315789473684
0 0.7577777777777778 0.28207236842105265 0.03333333333333333 0.03782894736842105
0 0.5522222222222222 0.32401315789473684 0.035555555555555556 0.039473684210526314
0 0.5522222222222222 0.3651315789473684 0.035555555555555556 0.039473684210526314
0 0.5533333333333333 0.7417763157894737 0.035555555555555556 0.046052631578947366
0 0.9116666666666666 0.2754934210526316 0.03666666666666667 0.047697368421052634
0 0.9116666666666666 0.32319078947368424 0.03666666666666667 0.044407894736842105
0 0.7044444444444444 0.14473684210526316 0.03333333333333333 0.049342105263157895
0 0.7038888888888889 0.23848684210526316 0.03222222222222222 0.04276315789473684
0 0.29444444444444445 0.6603618421052632 0.03777777777777778 0.047697368421052634
0 0.6544444444444445 0.4498355263157895 0.035555555555555556 0.04111842105263158
0 0.45 0.5740131578947368 0.03333333333333333 0.039473684210526314
0 0.8077777777777778 0.4087171052631579 0.03333333333333333 0.04111842105263158
0 0.5533333333333333 0.40625 0.03333333333333333 0.04276315789473684
0 0.5522222222222222 0.44901315789473684 0.03333333333333333 0.039473684210526314
0 0.2427777777777778 0.8289473684210527 0.03222222222222222 0.046052631578947366
0 0.295 0.3215460526315789 0.03222222222222222 0.04111842105263158
0 0.29333333333333333 0.36348684210526316 0.03333333333333333 0.04276315789473684
0 0.6527777777777778 0.32319078947368424 0.034444444444444444 0.04111842105263158
0 0.6544444444444445 0.5320723684210527 0.035555555555555556 0.04111842105263158
0 0.2961111111111111 0.14802631578947367 0.03666666666666667 0.046052631578947366
0 0.19111111111111112 0.5764802631578947 0.035555555555555556 0.04111842105263158
0 0.7044444444444444 0.28125 0.03333333333333333 0.04276315789473684
0 0.295 0.23601973684210525 0.034444444444444444 0.044407894736842105
0 0.8605555555555555 0.5320723684210527 0.034444444444444444 0.044407894736842105
0 0.6522222222222223 0.14802631578947367 0.03777777777777778 0.046052631578947366
0 0.8077777777777778 0.27960526315789475 0.035555555555555556 0.046052631578947366
0 0.29444444444444445 0.5748355263157895 0.03333333333333333 0.04111842105263158
0 0.6533333333333333 0.28042763157894735 0.03333333333333333 0.04111842105263158
0 0.19111111111111112 0.3618421052631579 0.035555555555555556 0.04276315789473684
0 0.29444444444444445 0.615953947368421 0.03333333333333333 0.03782894736842105
0 0.8605555555555555 0.4465460526315789 0.034444444444444444 0.04111842105263158
0 0.14055555555555554 0.1924342105263158 0.034444444444444444 0.049342105263157895
0 0.1411111111111111 0.24013157894736842 0.035555555555555556 0.04276315789473684
0 0.7566666666666667 0.24095394736842105 0.035555555555555556 0.044407894736842105
0 0.24222222222222223 0.5337171052631579 0.03333333333333333 0.04111842105263158
0 0.3461111111111111 0.14638157894736842 0.034444444444444444 0.049342105263157895
0 0.6022222222222222 0.28125 0.03333333333333333 0.04276315789473684
0 0.7572222222222222 0.40542763157894735 0.034444444444444444 0.04111842105263158
0 0.24166666666666667 0.44901315789473684 0.03222222222222222 0.04276315789473684
0 0.705 0.19325657894736842 0.03222222222222222 0.044407894736842105
0 0.45 0.5337171052631579 0.035555555555555556 0.044407894736842105
0 0.24222222222222223 0.618421052631579 0.03333333333333333 0.04276315789473684
0 0.2427777777777778 0.7458881578947368 0.03222222222222222 0.04111842105263158
0 0.86 0.36430921052631576 0.03333333333333333 0.04111842105263158
0 0.24222222222222223 0.4917763157894737 0.03333333333333333 0.039473684210526314
0 0.8088888888888889 0.5699013157894737 0.035555555555555556 0.047697368421052634
0 0.8077777777777778 0.3248355263157895 0.03333333333333333 0.04111842105263158
0 0.5527777777777778 0.14802631578947367 0.03222222222222222 0.049342105263157895
0 0.5533333333333333 0.7014802631578947 0.035555555555555556 0.03782894736842105
0 0.29444444444444445 0.4917763157894737 0.035555555555555556 0.039473684210526314
0 0.29444444444444445 0.27960526315789475 0.035555555555555556 0.04276315789473684
0 0.3466666666666667 0.23766447368421054 0.035555555555555556 0.044407894736842105
0 0.19055555555555556 0.32319078947368424 0.034444444444444444 0.03782894736842105
0 0.24222222222222223 0.28042763157894735 0.03333333333333333 0.04111842105263158
0 0.8605555555555555 0.4876644736842105 0.034444444444444444 0.04111842105263158
0 0.755 0.14638157894736842 0.03888888888888889 0.049342105263157895
0 0.2427777777777778 0.3675986842105263 0.03666666666666667 0.044407894736842105
0 0.8583333333333333 0.1924342105263158 0.03666666666666667 0.04276315789473684
0 0.8588888888888889 0.14391447368421054 0.03777777777777778 0.047697368421052634
0 0.19111111111111112 0.23684210526315788 0.03333333333333333 0.046052631578947366
0 0.6544444444444445 0.4087171052631579 0.035555555555555556 0.04111842105263158
0 0.6527777777777778 0.23848684210526316 0.034444444444444444 0.046052631578947366
0 0.7572222222222222 0.44819078947368424 0.03666666666666667 0.044407894736842105
0 0.19111111111111112 0.4087171052631579 0.035555555555555556 0.044407894736842105
0 0.2427777777777778 0.32319078947368424 0.034444444444444444 0.044407894736842105
0 0.45 0.4506578947368421 0.035555555555555556 0.04276315789473684
0 0.655 0.6134868421052632 0.03666666666666667 0.04276315789473684
0 0.3466666666666667 0.3248355263157895 0.035555555555555556 0.04111842105263158
0 0.24166666666666667 0.6620065789473685 0.034444444444444444 0.04111842105263158
0 0.6022222222222222 0.3248355263157895 0.035555555555555556 0.044407894736842105
0 0.39944444444444444 0.23766447368421054 0.03666666666666667 0.044407894736842105
0 0.5522222222222222 0.6587171052631579 0.03333333333333333 0.044407894736842105
0 0.6027777777777777 0.14638157894736842 0.03666666666666667 0.049342105263157895
0 0.45 0.3256578947368421 0.035555555555555556 0.04276315789473684
0 0.3472222222222222 0.1924342105263158 0.034444444444444444 0.04276315789473684
0 0.5138888888888888 0.7475328947368421 0.021111111111111112 0.024671052631578948
0 0.5138888888888888 0.7236842105263158 0.021111111111111112 0.023026315789473683
0 0.3472222222222222 0.28207236842105265 0.03666666666666667 0.044407894736842105
0 0.45 0.2787828947368421 0.035555555555555556 0.047697368421052634
0 0.7566666666666667 0.36430921052631576 0.035555555555555556 0.04111842105263158
0 0.5016666666666667 0.4440789473684211 0.04111111111111111 0.046052631578947366
0 0.6533333333333333 0.3659539473684211 0.035555555555555556 0.044407894736842105
0 0.5527777777777778 0.24013157894736842 0.03666666666666667 0.04276315789473684
0 0.7555555555555555 0.19490131578947367 0.03777777777777778 0.047697368421052634
0 0.24222222222222223 0.19161184210526316 0.035555555555555556 0.05098684210526316
0 0.2427777777777778 0.703125 0.034444444444444444 0.04111842105263158
0 0.5522222222222222 0.19654605263157895 0.03333333333333333 0.044407894736842105
0 0.24222222222222223 0.5756578947368421 0.035555555555555556 0.04276315789473684
0 0.4494444444444444 0.40625 0.03666666666666667 0.046052631578947366
0 0.19166666666666668 0.28125 0.034444444444444444 0.04276315789473684
0 0.3988888888888889 0.28207236842105265 0.035555555555555556 0.044407894736842105
0 0.3983333333333333 0.19325657894736842 0.03666666666666667 0.044407894736842105
0 0.3988888888888889 0.14473684210526316 0.03777777777777778 0.049342105263157895
0 0.2427777777777778 0.23848684210526316 0.034444444444444444 0.04276315789473684
0 0.4494444444444444 0.618421052631579 0.03666666666666667 0.046052631578947366
0 0.6527777777777778 0.19407894736842105 0.03666666666666667 0.04276315789473684
0 0.29333333333333333 0.44901315789473684 0.035555555555555556 0.04276315789473684
0 0.7572222222222222 0.32319078947368424 0.034444444444444444 0.04111842105263158
0 0.29444444444444445 0.40707236842105265 0.035555555555555556 0.04111842105263158
0 0.3472222222222222 0.3684210526315789 0.03666666666666667 0.046052631578947366
0 0.8594444444444445 0.32319078947368424 0.034444444444444444 0.04111842105263158
0 0.7055555555555556 0.40460526315789475 0.03333333333333333 0.03618421052631579
0 0.8588888888888889 0.23601973684210525 0.035555555555555556 0.047697368421052634
0 0.08944444444444444 0.23848684210526316 0.03666666666666667 0.046052631578947366
0 0.5527777777777778 0.6143092105263158 0.03222222222222222 0.03782894736842105
0 0.8594444444444445 0.27960526315789475 0.034444444444444444 0.04276315789473684
0 0.24222222222222223 0.7861842105263158 0.03333333333333333 0.039473684210526314
0 0.2927777777777778 0.5320723684210527 0.034444444444444444 0.04111842105263158
0 0.5027777777777778 0.3404605263157895 0.043333333333333335 0.03289473684210526
0 0.5027777777777778 0.3684210526315789 0.043333333333333335 0.03289473684210526
0 0.8083333333333333 0.48848684210526316 0.03222222222222222 0.039473684210526314
0 0.8083333333333333 0.44901315789473684 0.03 0.03618421052631579
0 0.5022222222222222 0.48519736842105265 0.04 0.029605263157894735
0 0.5016666666666667 0.203125 0.04555555555555556 0.027960526315789474
0 0.705 0.36430921052631576 0.034444444444444444 0.044407894736842105
0 0.29333333333333333 0.7039473684210527 0.03333333333333333 0.039473684210526314
0 0.19111111111111112 0.6595394736842105 0.03333333333333333 0.039473684210526314
0 0.19111111111111112 0.8708881578947368 0.03333333333333333 0.03782894736842105
0 0.8616666666666667 0.9095394736842105 0.03666666666666667 0.04276315789473684
0 0.8622222222222222 0.8667763157894737 0.035555555555555556 0.04276315789473684
0 0.5016666666666667 0.17105263157894737 0.043333333333333335 0.03618421052631579
0 0.29333333333333333 0.8717105263157895 0.035555555555555556 0.046052631578947366
0 0.7055555555555556 0.5345394736842105 0.035555555555555556 0.046052631578947366
0 0.9111111111111111 0.3651315789473684 0.035555555555555556 0.039473684210526314
0 0.5533333333333333 0.7870065789473685 0.035555555555555556 0.04111842105263158
0 0.5016666666666667 0.13651315789473684 0.043333333333333335 0.03618421052631579
0 0.08777777777777777 0.36348684210526316 0.03333333333333333 0.039473684210526314
0 0.5533333333333333 0.828125 0.035555555555555556 0.044407894736842105
0 0.19166666666666668 0.743421052631579 0.03666666666666667 0.039473684210526314
0 0.5522222222222222 0.5296052631578947 0.035555555555555556 0.03289473684210526
0 0.5016666666666667 0.27055921052631576 0.043333333333333335 0.03125
0 0.7055555555555556 0.4917763157894737 0.03333333333333333 0.04276315789473684
0 0.19111111111111112 0.7861842105263158 0.035555555555555556 0.046052631578947366
0 0.08777777777777777 0.49588815789473684 0.03777777777777778 0.04111842105263158
0 0.08777777777777777 0.40625 0.035555555555555556 0.046052631578947366
0 0.5527777777777778 0.571546052631579 0.03666666666666667 0.044407894736842105
0 0.29444444444444445 0.7417763157894737 0.03333333333333333 0.039473684210526314
0 0.8611111111111112 0.5748355263157895 0.035555555555555556 0.044407894736842105
0 0.8083333333333333 0.3667763157894737 0.034444444444444444 0.046052631578947366
0 0.19111111111111112 0.7023026315789473 0.035555555555555556 0.04276315789473684
0 0.5522222222222222 0.868421052631579 0.035555555555555556 0.039473684210526314
0 0.8605555555555555 0.6151315789473685 0.034444444444444444 0.03618421052631579
0 0.8622222222222222 0.7417763157894737 0.03333333333333333 0.039473684210526314
0 0.6027777777777777 0.19490131578947367 0.034444444444444444 0.047697368421052634
0 0.5527777777777778 0.912828947368421 0.03666666666666667 0.049342105263157895
0 0.8627777777777778 0.8273026315789473 0.034444444444444444 0.039473684210526314
0 0.19111111111111112 0.5345394736842105 0.035555555555555556 0.04276315789473684
0 0.19111111111111112 0.912828947368421 0.035555555555555556 0.046052631578947366
0 0.45055555555555554 0.36430921052631576 0.034444444444444444 0.03125
0 0.8605555555555555 0.6998355263157895 0.03222222222222222 0.04111842105263158
0 0.8616666666666667 0.7828947368421053 0.03666666666666667 0.04276315789473684
0 0.8611111111111112 0.65625 0.035555555555555556 0.04276315789473684
0 0.29555555555555557 0.915296052631579 0.035555555555555556 0.04111842105263158
0 0.08777777777777777 0.5386513157894737 0.03777777777777778 0.044407894736842105
0 0.295 0.7837171052631579 0.034444444444444444 0.04111842105263158
0 0.08833333333333333 0.27960526315789475 0.034444444444444444 0.03618421052631579
0 0.5527777777777778 0.28289473684210525 0.034444444444444444 0.039473684210526314
0 0.08777777777777777 0.45230263157894735 0.03777777777777778 0.04276315789473684
0 0.08888888888888889 0.3215460526315789 0.035555555555555556 0.044407894736842105
0 0.19055555555555556 0.8305921052631579 0.03666666666666667 0.04276315789473684
0 0.295 0.1924342105263158 0.03222222222222222 0.039473684210526314
0 0.19277777777777777 0.14638157894736842 0.034444444444444444 0.04276315789473684
0 0.2961111111111111 0.8273026315789473 0.034444444444444444 0.04276315789473684
0 0.9111111111111111 0.40625 0.035555555555555556 0.046052631578947366
0 0.19055555555555556 0.4925986842105263 0.034444444444444444 0.04111842105263158
0 0.1922222222222222 0.19078947368421054 0.03333333333333333 0.04276315789473684
0 0.5027777777777778 0.3042763157894737 0.043333333333333335 0.039473684210526314
0 0.8083333333333333 0.5287828947368421 0.034444444444444444 0.03782894736842105
0 0.08888888888888889 0.19325657894736842 0.035555555555555556 0.04111842105263158
0 0.7055555555555556 0.3223684210526316 0.03333333333333333 0.039473684210526314