0 0.9294444444444444 0.7640449438202247 0.04111111111111111 0.048154093097913325
0 0.19777777777777777 0.30658105939004815 0.03666666666666667 0.04654895666131621
0 0.2683333333333333 0.5048154093097913 0.03888888888888889 0.04654895666131621
0 0.3005555555555556 0.8747993579454254 0.04 0.052969502407704656
0 0.685 0.38603531300160515 0.03777777777777778 0.04654895666131621
0 0.1827777777777778 0.7704654895666132 0.04111111111111111 0.04975922953451043
0 0.14555555555555555 0.3146067415730337 0.042222222222222223 0.051364365971107544
0 0.12444444444444444 0.6966292134831461 0.04 0.051364365971107544
0 0.8533333333333334 0.48154093097913325 0.03888888888888889 0.052969502407704656
0 0.0961111111111111 0.3635634028892456 0.04111111111111111 0.04654895666131621
0 0.2544444444444444 0.3362760834670947 0.03777777777777778 0.0449438202247191
0 0.6088888888888889 0.7351524879614767 0.03888888888888889 0.048154093097913325
0 0.48055555555555557 0.46468699839486355 0.03333333333333333 0.04173354735152488
0 0.135 0.1853932584269663 0.042222222222222223 0.056179775280898875
0 0.7205555555555555 0.8001605136436597 0.03888888888888889 0.04654895666131621
0 0.33944444444444444 0.6998394863563403 0.03777777777777778 0.048154093097913325
0 0.835 0.27768860353130015 0.03888888888888889 0.04975922953451043
0 0.9338888888888889 0.17736757624398075 0.043333333333333335 0.051364365971107544
0 0.325 0.5345104333868379 0.034444444444444444 0.04173354735152488
0 0.15555555555555556 0.442215088282504 0.03888888888888889 0.04654895666131621
0 0.2861111111111111 0.709470304975923 0.03777777777777778 0.04975922953451043
0 0.5177777777777778 0.2712680577849117 0.044444444444444446 0.048154093097913325
0 0.8772222222222222 0.14285714285714285 0.03888888888888889 0.052969502407704656
0 0.6116666666666667 0.7776886035313002 0.03888888888888889 0.04975922953451043
0 0.1388888888888889 0.2319422150882825 0.042222222222222223 0.04975922953451043
0 0.8305555555555556 0.23675762439807382 0.03666666666666667 0.04654895666131621
0 0.5277777777777778 0.4101123595505618 0.04555555555555556 0.05457463884430177
0 0.6638888888888889 0.7680577849117175 0.04111111111111111 0.04654895666131621
0 0.6877777777777778 0.42857142857142855 0.04 0.05457463884430177
0 0.09944444444444445 0.4044943820224719 0.04 0.051364365971107544
0 0.5666666666666667 0.709470304975923 0.024444444444444446 0.01765650080256822
0 0.5661111111111111 0.695024077046549 0.023333333333333334 0.016051364365971106
0 0.5644444444444444 0.6813804173354735 0.02666666666666667 0.019261637239165328
0 0.7838888888888889 0.2881219903691814 0.03666666666666667 0.0449438202247191
0 0.6661111111111111 0.1781701444622793 0.04 0.04654895666131621
0 0.21055555555555555 0.47351524879614765 0.03888888888888889 0.04975922953451043
0 0.9122222222222223 0.5561797752808989 0.03777777777777778 0.048154093097913325
0 0.6922222222222222 0.471107544141252 0.035555555555555556 0.04654895666131621
0 0.32222222222222224 0.49518459069020865 0.04 0.04654895666131621
0 0.7322222222222222 0.33547351524879615 0.03888888888888889 0.048154093097913325
0 0.36 0.3202247191011236 0.03777777777777778 0.04654895666131621
0 0.7755555555555556 0.20385232744783308 0.04111111111111111 0.051364365971107544
0 0.36277777777777775 0.36035313001605135 0.04 0.04654895666131621
0 0.47333333333333333 0.3852327447833066 0.03888888888888889 0.048154093097913325
0 0.1938888888888889 0.2624398073836276 0.04 0.056179775280898875
0 0.3566666666666667 0.27929373996789725 0.03888888888888889 0.048154093097913325
0 0.7861111111111111 0.3274478330658106 0.04 0.048154093097913325
0 0.36777777777777776 0.40208667736757625 0.04111111111111111 0.051364365971107544
0 0.5772222222222222 0.36436597110754415 0.04 0.04975922953451043
0 0.7711111111111111 0.16051364365971107 0.03888888888888889 0.051364365971107544
0 0.5694444444444444 0.2808988764044944 0.04111111111111111 0.04975922953451043
0 0.6288888888888889 0.3547351524879615 0.04 0.04975922953451043
0 0.4866666666666667 0.5473515248796148 0.04111111111111111 0.04975922953451043
0 0.3322222222222222 0.615569823434992 0.03777777777777778 0.0449438202247191
0 0.9172222222222223 0.5995184590690209 0.035555555555555556 0.048154093097913325
0 0.4083333333333333 0.2664526484751204 0.03666666666666667 0.048154093097913325
0 0.3488888888888889 0.19181380417335472 0.04 0.0449438202247191
0 0.8455555555555555 0.4028892455858748 0.04 0.052969502407704656
0 0.8572222222222222 0.5248796147672552 0.03666666666666667 0.04333868378812199
0 0.9266666666666666 0.08747993579454254 0.042222222222222223 0.05778491171749599
0 0.6772222222222222 0.30497592295345105 0.03333333333333333 0.04173354735152488
0 0.9211111111111111 0.6412520064205457 0.03888888888888889 0.048154093097913325
0 0.2727777777777778 0.5457463884430177 0.03777777777777778 0.04654895666131621
0 0.8377777777777777 0.31942215088282505 0.03888888888888889 0.04333868378812199
0 0.6022222222222222 0.6556982343499197 0.03666666666666667 0.0449438202247191
0 0.35 0.8282504012841091 0.04 0.05457463884430177
0 0.5111111111111111 0.20545746388443017 0.04555555555555556 0.04654895666131621
0 0.24388888888888888 0.20786516853932585 0.03888888888888889 0.052969502407704656
0 0.19055555555555556 0.2158908507223114 0.03777777777777778 0.04654895666131621
0 0.8161111111111111 0.6581059390048154 0.03888888888888889 0.04654895666131621
0 0.6533333333333333 0.6436597110754414 0.04 0.04975922953451043
0 0.6627777777777778 0.13563402889245585 0.03888888888888889 0.048154093097913325
0 0.595 0.5690208667736758 0.03777777777777778 0.0449438202247191
0 0.6994444444444444 0.5537720706260032 0.03777777777777778 0.048154093097913325
0 0.25833333333333336 0.37720706260032105 0.03888888888888889 0.04975922953451043
0 0.6572222222222223 0.6845906902086677 0.03888888888888889 0.048154093097913325
0 0.28 0.6276083467094703 0.03888888888888889 0.04654895666131621
0 0.17888888888888888 0.7287319422150883 0.03777777777777778 0.048154093097913325
0 0.345 0.14686998394863562 0.04111111111111111 0.05778491171749599
0 0.29333333333333333 0.7929373996789727 0.04111111111111111 0.05457463884430177
0 0.5655555555555556 0.23675762439807382 0.04111111111111111 0.052969502407704656
0 0.515 0.8836276083467095 0.04111111111111111 0.051364365971107544
0 0.5883333333333334 0.48635634028892455 0.03777777777777778 0.04654895666131621
0 0.14888888888888888 0.3579454253611557 0.04 0.048154093097913325
0 0.3522222222222222 0.23515248796147672 0.04 0.05457463884430177
0 0.8877777777777778 0.26725521669341895 0.03777777777777778 0.048154093097913325
0 0.5083333333333333 0.7969502407704655 0.03888888888888889 0.048154093097913325
0 0.5311111111111111 0.449438202247191 0.04555555555555556 0.03691813804173355
0 0.17277777777777778 0.64446227929374 0.04 0.03210272873194221
0 0.7261111111111112 0.2520064205457464 0.04111111111111111 0.033707865168539325
0 0.6166666666666667 0.819422150882825 0.03777777777777778 0.03210272873194221
0 0.5194444444444445 0.3057784911717496 0.04555555555555556 0.04012841091492777
0 0.42055555555555557 0.391653290529695 0.04 0.028892455858747994
0 0.7138888888888889 0.7150882825040128 0.03888888888888889 0.033707865168539325
0 0.85 0.4438202247191011 0.03888888888888889 0.030497592295345103
0 0.5083333333333333 0.17174959871589085 0.04666666666666667 0.03691813804173355
0 0.21833333333333332 0.5585874799357945 0.04111111111111111 0.04975922953451043
0 0.12 0.6548956661316212 0.03333333333333333 0.0449438202247191
0 0.28888888888888886 0.7504012841091493 0.03888888888888889 0.04333868378812199
0 0.0811111111111111 0.1926163723916533 0.04 0.048154093097913325
0 0.09055555555555556 0.32263242375601925 0.035555555555555556 0.04654895666131621
0 0.25166666666666665 0.29614767255216695 0.03777777777777778 0.048154093097913325
0 0.5144444444444445 0.23836276083467095 0.04555555555555556 0.03691813804173355
0 0.6705555555555556 0.22150882825040127 0.04 0.052969502407704656
0 0.3038888888888889 0.9213483146067416 0.04111111111111111 0.04975922953451043
0 0.2822222222222222 0.666131621187801 0.034444444444444444 0.04333868378812199
0 0.5022222222222222 0.10674157303370786 0.04777777777777778 0.0449438202247191
0 0.215 0.514446227929374 0.03777777777777778 0.04654895666131621
0 0.605 0.695024077046549 0.03666666666666667 0.048154093097913325
0 0.20055555555555554 0.34831460674157305 0.03777777777777778 0.04975922953451043
0 0.29777777777777775 0.8330658105939005 0.03666666666666667 0.04333868378812199
0 0.27555555555555555 0.586677367576244 0.03666666666666667 0.048154093097913325
0 0.62 0.862760834670947 0.03888888888888889 0.05457463884430177
0 0.5055555555555555 0.14125200642054575 0.044444444444444446 0.04333868378812199
0 0.11333333333333333 0.5714285714285714 0.04 0.0449438202247191
0 0.7933333333333333 0.41091492776886035 0.03888888888888889 0.048154093097913325
0 0.11666666666666667 0.6131621187800963 0.04111111111111111 0.048154093097913325
0 0.6711111111111111 0.8531300160513644 0.04111111111111111 0.04333868378812199
0 0.35777777777777775 0.9109149277688604 0.03666666666666667 0.04654895666131621
0 0.11055555555555556 0.5313001605136437 0.03666666666666667 0.0449438202247191
0 0.8294444444444444 0.8290529695024077 0.042222222222222223 0.051364365971107544
0 0.5233333333333333 0.33547351524879615 0.04555555555555556 0.04333868378812199
0 0.16722222222222222 0.5626003210272873 0.03777777777777778 0.048154093097913325
0 0.8261111111111111 0.19181380417335472 0.03777777777777778 0.052969502407704656
0 0.9277777777777778 0.7207062600321027 0.03777777777777778 0.0449438202247191
0 0.42277777777777775 0.4317817014446228 0.03777777777777778 0.048154093097913325
0 0.8805555555555555 0.1853932584269663 0.03777777777777778 0.0449438202247191
0 0.6955555555555556 0.5112359550561798 0.035555555555555556 0.04654895666131621
0 0.7233333333333334 0.841091492776886 0.04 0.048154093097913325
0 0.12777777777777777 0.7415730337078652 0.04111111111111111 0.05457463884430177
0 0.8255555555555556 0.7841091492776886 0.042222222222222223 0.051364365971107544
0 0.33555555555555555 0.6573033707865169 0.03888888888888889 0.051364365971107544
0 0.7166666666666667 0.7560192616372392 0.03777777777777778 0.048154093097913325
0 0.8733333333333333 0.0971107544141252 0.03888888888888889 0.051364365971107544
0 0.10722222222222222 0.49357945425361155 0.04 0.04975922953451043
0 0.8227777777777778 0.7415730337078652 0.04 0.04654895666131621
0 0.7894444444444444 0.36918138041733545 0.03888888888888889 0.048154093097913325
0 0.7111111111111111 0.6765650080256822 0.04111111111111111 0.051364365971107544
0 0.34555555555555556 0.7849117174959872 0.03333333333333333 0.0449438202247191
0 0.10333333333333333 0.449438202247191 0.03888888888888889 0.048154093097913325
0 0.9333333333333333 0.8073836276083467 0.04555555555555556 0.052969502407704656
0 0.08555555555555555 0.2391653290529695 0.042222222222222223 0.052969502407704656
0 0.93 0.13402889245585875 0.04 0.048154093097913325
0 0.35444444444444445 0.8723916532905297 0.03777777777777778 0.04654895666131621
0 0.8077777777777778 0.5746388443017657 0.03666666666666667 0.04654895666131621
0 0.2038888888888889 0.3900481540930979 0.03777777777777778 0.04654895666131621
0 0.16944444444444445 0.6059390048154093 0.042222222222222223 0.051364365971107544
0 0.09 0.28170144462279295 0.04 0.0449438202247191
0 0.2927777777777778 0.15569823434991975 0.04 0.052969502407704656
0 0.9238888888888889 0.6813804173354735 0.03777777777777778 0.04654895666131621
0 0.1622222222222222 0.5232744783306581 0.04111111111111111 0.048154093097913325
0 0.17555555555555555 0.6861958266452648 0.035555555555555556 0.051364365971107544
0 0.8694444444444445 0.04975922953451043 0.04111111111111111 0.056179775280898875
0 0.805 0.5353130016051364 0.03777777777777778 0.048154093097913325
0 0.5005555555555555 0.7134831460674157 0.03777777777777778 0.04173354735152488
0 0.8605555555555555 0.5658105939004815 0.03777777777777778 0.048154093097913325
0 0.7061111111111111 0.6364365971107544 0.03777777777777778 0.04654895666131621
0 0.15888888888888889 0.48475120385232745 0.04111111111111111 0.0449438202247191
0 0.7027777777777777 0.5955056179775281 0.03777777777777778 0.048154093097913325
0 0.20777777777777778 0.4317817014446228 0.03777777777777778 0.04654895666131621
0 0.625 0.31219903691813805 0.03888888888888889 0.0449438202247191
0 0.6611111111111111 0.7263242375601926 0.03888888888888889 0.04975922953451043
0 0.7288888888888889 0.2913322632423756 0.04111111111111111 0.04975922953451043
0 0.4922222222222222 0.630016051364366 0.03777777777777778 0.04654895666131621
0 0.6588888888888889 0.09149277688603531 0.04 0.05457463884430177
0 0.7216666666666667 0.2086677367576244 0.04 0.051364365971107544
0 0.6388888888888888 0.47913322632423755 0.03777777777777778 0.0449438202247191
0 0.49722222222222223 0.673354735152488 0.04111111111111111 0.052969502407704656
0 0.3427777777777778 0.7423756019261637 0.04111111111111111 0.04975922953451043
0 0.82 0.6998394863563403 0.04 0.04975922953451043
0 0.7633333333333333 0.07062600321027288 0.03888888888888889 0.05457463884430177
0 0.2611111111111111 0.4189406099518459 0.03888888888888889 0.04654895666131621
0 0.8422222222222222 0.35874799357945425 0.03777777777777778 0.048154093097913325
0 0.7972222222222223 0.4518459069020867 0.04 0.04975922953451043
0 0.4661111111111111 0.2985553772070626 0.03888888888888889 0.0449438202247191
0 0.6738888888888889 0.26565008025682185 0.03888888888888889 0.051364365971107544
0 0.9011111111111111 0.43258426966292135 0.035555555555555556 0.048154093097913325
0 0.8938888888888888 0.3507223113964687 0.03888888888888889 0.048154093097913325
0 0.8116666666666666 0.6171749598715891 0.04 0.051364365971107544
0 0.885 0.22712680577849118 0.042222222222222223 0.04975922953451043
0 0.14277777777777778 0.27447833065810595 0.04111111111111111 0.048154093097913325
0 0.8977777777777778 0.391653290529695 0.03666666666666667 0.04654895666131621
0 0.3 0.2447833065810594 0.03888888888888889 0.048154093097913325
0 0.5838888888888889 0.44863563402889245 0.03888888888888889 0.0449438202247191
0 0.8016666666666666 0.49357945425361155 0.042222222222222223 0.048154093097913325
0 0.6216666666666667 0.27287319422150885 0.03777777777777778 0.0449438202247191
0 0.5116666666666667 0.8386837881219904 0.03888888888888889 0.048154093097913325
0 0.3288888888888889 0.5746388443017657 0.04111111111111111 0.051364365971107544
0 0.24722222222222223 0.2536115569823435 0.03666666666666667 0.048154093097913325
0 0.505 0.7544141252006421 0.04 0.04975922953451043
0 0.6672222222222223 0.8105939004815409 0.04111111111111111 0.051364365971107544
0 0.9094444444444445 0.5152487961476726 0.03888888888888889 0.04654895666131621
0 0.4622222222222222 0.2568218298555377 0.04111111111111111 0.051364365971107544
0 0.3138888888888889 0.41091492776886035 0.03888888888888889 0.04654895666131621
0 0.68 0.3451043338683788 0.034444444444444444 0.048154093097913325
0 0.4761111111111111 0.42696629213483145 0.035555555555555556 0.0449438202247191
0 0.15166666666666667 0.4012841091492777 0.04111111111111111 0.051364365971107544
0 0.2966666666666667 0.20064205457463885 0.04 0.04975922953451043
0 0.8916666666666667 0.3089887640449438 0.04 0.048154093097913325
0 0.5977777777777777 0.6115569823434992 0.03888888888888889 0.052969502407704656
0 0.7794444444444445 0.2479935794542536 0.03888888888888889 0.04975922953451043
0 0.4266666666666667 0.47592295345104335 0.043333333333333335 0.051364365971107544
0 0.31722222222222224 0.45425361155698235 0.04111111111111111 0.04975922953451043
0 0.7677777777777778 0.11556982343499198 0.03888888888888889 0.048154093097913325
0 0.31055555555555553 0.36998394863563405 0.03777777777777778 0.048154093097913325
0 0.48944444444444446 0.5898876404494382 0.03777777777777778 0.048154093097913325
0 0.4127777777777778 0.30818619582664525 0.03777777777777778 0.048154093097913325
0 0.58 0.40770465489566615 0.035555555555555556 0.04654895666131621
0 0.2638888888888889 0.463884430176565 0.04111111111111111 0.052969502407704656
0 0.9044444444444445 0.47431781701444625 0.03888888888888889 0.048154093097913325
0 0.865 0.6099518459069021 0.04 0.052969502407704656
0 0.47055555555555556 0.3418940609951846 0.03666666666666667 0.051364365971107544
0 0.30277777777777776 0.28651685393258425 0.04111111111111111 0.04975922953451043
0 0.6494444444444445 0.6019261637239165 0.03777777777777778 0.048154093097913325
0 0.5733333333333334 0.32263242375601925 0.03777777777777778 0.04654895666131621
0 0.6433333333333333 0.5176565008025682 0.03888888888888889 0.04975922953451043
0 0.6177777777777778 0.23274478330658105 0.03888888888888889 0.04975922953451043
0 0.6316666666666667 0.39807383627608345 0.03666666666666667 0.04654895666131621
0 0.6466666666666666 0.5609951845906902 0.03888888888888889 0.04654895666131621
0 0.4172222222222222 0.3539325842696629 0.04 0.052969502407704656
0 0.5905555555555555 0.5272873194221509 0.042222222222222223 0.051364365971107544
0 0.4822222222222222 0.5040128410914928 0.03888888888888889 0.04654895666131621
0 0.3061111111111111 0.3274478330658106 0.03888888888888889 0.04654895666131621
0 0.7361111111111112 0.3796147672552167 0.04 0.04975922953451043
0 0.6361111111111111 0.4390048154093098 0.03888888888888889 0.048154093097913325