0 0.770625 0.7373417721518988 0.03375 0.03481012658227848
0 0.806875 0.6218354430379747 0.03875 0.04272151898734177
0 0.86625 0.3370253164556962 0.0425 0.0490506329113924
0 0.63375 0.3314873417721519 0.0375 0.03164556962025317
0 0.865625 0.6329113924050633 0.0375 0.0379746835443038
0 0.413125 0.6700949367088608 0.0375 0.04113924050632911
0 0.31125 0.4485759493670886 0.03875 0.04430379746835443
0 0.38375 0.8164556962025317 0.04 0.04588607594936709
0 0.239375 0.9636075949367089 0.04 0.04430379746835443
0 0.691875 0.7001582278481012 0.0275 0.03639240506329114
0 0.546875 0.6954113924050633 0.025 0.02689873417721519
0 0.569375 0.8156645569620253 0.0275 0.03322784810126582
0 0.526875 0.6028481012658228 0.02375 0.028481012658227847
0 0.859375 0.310126582278481 0.03875 0.04113924050632911
0 0.6625 0.5466772151898734 0.02625 0.03481012658227848
0 0.575625 0.8393987341772152 0.03 0.0379746835443038
0 0.633125 0.39556962025316456 0.02375 0.030063291139240507
0 0.639375 0.4272151898734177 0.025 0.03322784810126582
0 0.644375 0.45569620253164556 0.0225 0.03322784810126582
0 0.65 0.4849683544303797 0.0225 0.030063291139240507
0 0.658125 0.5150316455696202 0.02375 0.03164556962025317
0 0.65875 0.38686708860759494 0.02125 0.028481012658227847
0 0.665 0.4161392405063291 0.01875 0.030063291139240507
0 0.463125 0.34177215189873417 0.0325 0.030063291139240507
0 0.469375 0.37816455696202533 0.035 0.03164556962025317
0 0.493125 0.48813291139240506 0.03875 0.0379746835443038
0 0.496875 0.5110759493670886 0.035 0.03322784810126582
0 0.499375 0.5253164556962026 0.0325 0.020569620253164556
0 0.51375 0.5348101265822784 0.02375 0.022151898734177215
0 0.5175 0.5482594936708861 0.0275 0.02689873417721519
0 0.553125 0.7278481012658228 0.025 0.02531645569620253
0 0.54375 0.678006329113924 0.0225 0.028481012658227847
0 0.536875 0.6416139240506329 0.025 0.030063291139240507
0 0.53125 0.6186708860759493 0.02125 0.023734177215189875
0 0.758125 0.6716772151898734 0.04 0.04588607594936709
0 0.318125 0.7745253164556962 0.03625 0.04272151898734177
0 0.449375 0.8568037974683544 0.04 0.04430379746835443
0 0.34125 0.6012658227848101 0.035 0.04113924050632911
0 0.198125 0.4612341772151899 0.04375 0.0490506329113924
0 0.734375 0.553006329113924 0.04125 0.04588607594936709
0 0.520625 0.3425632911392405 0.04125 0.04588607594936709
0 0.484375 0.745253164556962 0.03625 0.04272151898734177
0 0.57375 0.31962025316455694 0.04 0.04430379746835443
0 0.420625 0.41139240506329117 0.04 0.04588607594936709
0 0.330625 0.8346518987341772 0.04 0.04430379746835443
0 0.615625 0.5308544303797469 0.03875 0.03955696202531646
0 0.539375 0.43037974683544306 0.03875 0.04430379746835443
0 0.36 0.3987341772151899 0.04 0.0490506329113924
0 0.2525 0.7333860759493671 0.0375 0.04430379746835443
0 0.740625 0.5822784810126582 0.04 0.04430379746835443
0 0.3375 0.8662974683544303 0.03875 0.04588607594936709
0 0.634375 0.6234177215189873 0.04125 0.04272151898734177
0 0.6275 0.5941455696202531 0.03875 0.04272151898734177
0 0.61 0.5015822784810127 0.04 0.04430379746835443
0 0.276875 0.8552215189873418 0.04 0.04588607594936709
0 0.479375 0.7151898734177216 0.0375 0.04272151898734177
0 0.746875 0.6131329113924051 0.03875 0.04272151898734177
0 0.264375 0.7958860759493671 0.03875 0.04430379746835443
0 0.24 0.6708860759493671 0.03625 0.04272151898734177
0 0.365625 0.7238924050632911 0.03875 0.04272151898734177
0 0.6575 0.745253164556962 0.04 0.04588607594936709
0 0.215625 0.5514240506329114 0.03875 0.04588607594936709
0 0.299375 0.685126582278481 0.03875 0.04430379746835443
0 0.455 0.5901898734177216 0.03875 0.03955696202531646
0 0.473125 0.6835443037974683 0.04 0.04430379746835443
0 0.25875 0.7642405063291139 0.03875 0.04272151898734177
0 0.283125 0.8868670886075949 0.03875 0.04272151898734177
0 0.664375 0.7761075949367089 0.03875 0.04272151898734177
0 0.68 0.6384493670886076 0.0325 0.04272151898734177
0 0.765 0.41218354430379744 0.0375 0.04430379746835443
0 0.21125 0.8164556962025317 0.04375 0.0490506329113924
0 0.58 0.34889240506329117 0.0375 0.0379746835443038
0 0.729375 0.75 0.02625 0.03639240506329114
0 0.544375 0.46044303797468356 0.0375 0.04113924050632911
0 0.370625 0.4620253164556962 0.04 0.04272151898734177
0 0.79375 0.2697784810126582 0.0375 0.04272151898734177
0 0.400625 0.6115506329113924 0.03625 0.0379746835443038
0 0.73625 0.7800632911392406 0.03125 0.04113924050632911
0 0.514375 0.310126582278481 0.03875 0.04588607594936709
0 0.414375 0.37895569620253167 0.0425 0.04746835443037975
0 0.383125 0.5213607594936709 0.04 0.04430379746835443
0 0.376875 0.4912974683544304 0.04 0.04430379746835443
0 0.090625 0.5015822784810127 0.04 0.0490506329113924
0 0.825 0.4224683544303797 0.03625 0.04113924050632911
0 0.74 0.2887658227848101 0.0425 0.0490506329113924
0 0.818125 0.3924050632911392 0.03625 0.04272151898734177
0 0.23375 0.6424050632911392 0.0375 0.04113924050632911
0 0.3475 0.6329113924050633 0.035 0.04430379746835443
0 0.878125 0.40110759493670883 0.0425 0.04430379746835443
0 0.540625 0.6613924050632911 0.02375 0.02689873417721519
0 0.401875 0.9050632911392406 0.03625 0.04113924050632911
0 0.938125 0.7041139240506329 0.04 0.04430379746835443
0 0.329375 0.5411392405063291 0.035 0.04113924050632911
0 0.27 0.5316455696202531 0.04 0.04430379746835443
0 0.543125 0.7579113924050633 0.03625 0.03322784810126582
0 0.48 0.43591772151898733 0.04 0.04588607594936709
0 0.459375 0.3235759493670886 0.03875 0.03639240506329114
0 0.546875 0.7745253164556962 0.03375 0.02531645569620253
0 0.251875 0.43829113924050633 0.04125 0.0490506329113924
0 0.443125 0.5316455696202531 0.03625 0.04272151898734177
0 0.651875 0.7151898734177216 0.04 0.04588607594936709
0 0.503125 0.8378164556962026 0.03625 0.0379746835443038
0 0.4375 0.7966772151898734 0.04 0.04430379746835443
0 0.92 0.6162974683544303 0.04 0.04113924050632911
0 0.46875 0.3583860759493671 0.03625 0.03164556962025317
0 0.925625 0.6447784810126582 0.04 0.03955696202531646
0 0.18625 0.6954113924050633 0.0375 0.0379746835443038
0 0.83 0.745253164556962 0.0425 0.04113924050632911
0 0.54875 0.7128164556962026 0.02625 0.02531645569620253
0 0.50875 0.8662974683544303 0.03875 0.04272151898734177
0 0.475 0.40348101265822783 0.04 0.04588607594936709
0 0.644375 0.6835443037974683 0.04125 0.04430379746835443
0 0.59125 0.41139240506329117 0.04 0.04588607594936709
0 0.3225 0.5110759493670886 0.04 0.04430379746835443
0 0.82375 0.7159810126582279 0.04 0.04430379746835443
0 0.906875 0.5537974683544303 0.03875 0.04113924050632911
0 0.885 0.7254746835443038 0.04125 0.04272151898734177
0 0.913125 0.5830696202531646 0.04 0.04588607594936709
0 0.90125 0.5237341772151899 0.03875 0.04272151898734177
0 0.4425 0.8267405063291139 0.04 0.04113924050632911
0 0.39 0.8449367088607594 0.04 0.04113924050632911
0 0.395625 0.5830696202531646 0.0375 0.04272151898734177
0 0.59875 0.44066455696202533 0.03625 0.03955696202531646
0 0.425 0.7333860759493671 0.04 0.04588607594936709
0 0.286875 0.622626582278481 0.03875 0.04588607594936709
0 0.378125 0.7871835443037974 0.03875 0.04272151898734177
0 0.206875 0.5055379746835443 0.045 0.06487341772151899
0 0.69875 0.5965189873417721 0.025 0.030063291139240507
0 0.09625 0.5316455696202531 0.0375 0.03955696202531646
0 0.860625 0.6028481012658228 0.04 0.04430379746835443
0 0.77625 0.47310126582278483 0.04 0.04430379746835443
0 0.75875 0.3813291139240506 0.035 0.03955696202531646
0 0.235625 0.939873417721519 0.04125 0.04588607594936709
0 0.93 0.6732594936708861 0.04 0.04588607594936709
0 0.885625 0.4311708860759494 0.03875 0.04272151898734177
0 0.836875 0.4810126582278481 0.04125 0.04746835443037975
0 0.855 0.5727848101265823 0.03875 0.04272151898734177
0 0.15625 0.8338607594936709 0.03875 0.04430379746835443
0 0.77625 0.7642405063291139 0.04 0.04588607594936709
0 0.704375 0.40110759493670883 0.03125 0.03322784810126582
0 0.811875 0.6511075949367089 0.04375 0.04746835443037975
0 0.878125 0.6954113924050633 0.04125 0.04430379746835443
0 0.315625 0.4762658227848101 0.03875 0.04746835443037975
0 0.204375 0.7832278481012658 0.04 0.04588607594936709
0 0.800625 0.3022151898734177 0.03625 0.04272151898734177
0 0.354375 0.6653481012658228 0.03875 0.04430379746835443
0 0.150625 0.5110759493670886 0.03625 0.04272151898734177
0 0.8 0.5941455696202531 0.03875 0.04272151898734177
0 0.466875 0.6526898734177216 0.0375 0.04113924050632911
0 0.18 0.6637658227848101 0.04 0.0490506329113924
0 0.359375 0.6938291139240507 0.03875 0.04113924050632911
0 0.216875 0.8465189873417721 0.04 0.04272151898734177
0 0.6975 0.7286392405063291 0.0275 0.03639240506329114
0 0.8425 0.5126582278481012 0.04125 0.04430379746835443
0 0.71125 0.6574367088607594 0.02625 0.03322784810126582
0 0.66875 0.5767405063291139 0.0275 0.03322784810126582
0 0.580625 0.2848101265822785 0.02875 0.03639240506329114
0 0.63375 0.26424050632911394 0.0275 0.03639240506329114
0 0.18625 0.9786392405063291 0.04 0.02689873417721519
0 0.7225 0.4897151898734177 0.0375 0.04272151898734177
0 0.89 0.4612341772151899 0.04125 0.04588607594936709
0 0.55125 0.4912974683544304 0.0375 0.04430379746835443
0 0.829375 0.4509493670886076 0.035 0.04113924050632911
0 0.275625 0.5625 0.04375 0.04746835443037975
0 0.7175 0.6875 0.025 0.03481012658227848
0 0.15 0.803006329113924 0.04 0.04588607594936709
0 0.794375 0.5640822784810127 0.04 0.04430379746835443
0 0.73 0.5213607594936709 0.03875 0.04272151898734177
0 0.1675 0.8963607594936709 0.03625 0.04113924050632911
0 0.896875 0.49287974683544306 0.04125 0.04588607594936709
0 0.60875 0.27531645569620256 0.03 0.03639240506329114
0 0.788125 0.5332278481012658 0.03875 0.04588607594936709
0 0.281875 0.5925632911392406 0.03875 0.03955696202531646
0 0.806875 0.3314873417721519 0.04 0.04430379746835443
0 0.871875 0.6629746835443038 0.04375 0.05063291139240506
0 0.556875 0.5229430379746836 0.035 0.04272151898734177
0 0.101875 0.560126582278481 0.04 0.04430379746835443
0 0.334375 0.569620253164557 0.0375 0.04588607594936709
0 0.70875 0.7927215189873418 0.0275 0.03481012658227848
0 0.12625 0.6811708860759493 0.0375 0.03955696202531646
0 0.14375 0.7721518987341772 0.04 0.04430379746835443
0 0.223125 0.875 0.04125 0.04588607594936709
0 0.753125 0.35205696202531644 0.0375 0.04430379746835443
0 0.781875 0.5031645569620253 0.04125 0.04430379746835443
0 0.69375 0.5664556962025317 0.0275 0.03639240506329114
0 0.169375 0.6004746835443038 0.03875 0.04430379746835443
0 0.685 0.6661392405063291 0.02625 0.03164556962025317
0 0.43125 0.4699367088607595 0.0375 0.04113924050632911
0 0.84875 0.5419303797468354 0.04125 0.04588607594936709
0 0.67625 0.4762658227848101 0.02625 0.03322784810126582
0 0.144375 0.48180379746835444 0.0375 0.04430379746835443
0 0.3425 0.8971518987341772 0.03625 0.03955696202531646
0 0.7025 0.7579113924050633 0.02625 0.03322784810126582
0 0.1975 0.7531645569620253 0.03875 0.04272151898734177
0 0.5325 0.40110759493670883 0.0375 0.04272151898734177
0 0.688125 0.5363924050632911 0.02625 0.0379746835443038
0 0.311875 0.7436708860759493 0.03625 0.04113924050632911
0 0.62875 0.3022151898734177 0.04 0.04430379746835443
0 0.811875 0.36075949367088606 0.03875 0.04588607594936709
0 0.854375 0.2824367088607595 0.04125 0.04588607594936709
0 0.6825 0.5039556962025317 0.025 0.03481012658227848
0 0.174375 0.9256329113924051 0.03875 0.04272151898734177
0 0.1625 0.865506329113924 0.04 0.04430379746835443
0 0.818125 0.685126582278481 0.04 0.04588607594936709
0 0.669375 0.4454113924050633 0.02625 0.03481012658227848
0 0.753125 0.6408227848101266 0.03875 0.03955696202531646
0 0.46125 0.6242088607594937 0.04 0.0490506329113924
0 0.716875 0.4612341772151899 0.0375 0.04272151898734177
0 0.2575 0.4699367088607595 0.0375 0.04272151898734177
0 0.6725 0.6091772151898734 0.02875 0.03481012658227848
0 0.229375 0.9058544303797469 0.04125 0.04430379746835443
0 0.74625 0.3212025316455696 0.0375 0.04272151898734177
0 0.1075 0.5917721518987342 0.0375 0.04113924050632911
0 0.395625 0.8765822784810127 0.04 0.04588607594936709
0 0.4075 0.6416139240506329 0.04 0.04430379746835443
0 0.1125 0.6210443037974683 0.03625 0.04272151898734177
0 0.69375 0.34177215189873417 0.0375 0.04430379746835443
0 0.264375 0.5015822784810127 0.03875 0.04588607594936709
0 0.295 0.9485759493670886 0.04 0.04272151898734177
0 0.871875 0.37104430379746833 0.04375 0.04746835443037975
0 0.63875 0.35917721518987344 0.0425 0.04746835443037975
0 0.705625 0.627373417721519 0.0275 0.0379746835443038
0 0.43125 0.7650316455696202 0.03625 0.04272151898734177
0 0.418125 0.7017405063291139 0.04375 0.04746835443037975
0 0.18 0.9564873417721519 0.04 0.04588607594936709
0 0.365625 0.43037974683544306 0.03875 0.04272151898734177
0 0.771875 0.442246835443038 0.0375 0.04113924050632911
0 0.175 0.6305379746835443 0.04 0.04430379746835443
0 0.49 0.7753164556962026 0.03625 0.04272151898734177
0 0.699375 0.37183544303797467 0.03625 0.04272151898734177
0 0.42625 0.44145569620253167 0.03875 0.04272151898734177
0 0.72375 0.7199367088607594 0.0275 0.03481012658227848
0 0.305625 0.41930379746835444 0.03875 0.04272151898734177
0 0.136875 0.7436708860759493 0.0375 0.04113924050632911
0 0.526875 0.37183544303797467 0.0375 0.04272151898734177
0 0.585625 0.37895569620253167 0.035 0.04272151898734177
0 0.455625 0.8876582278481012 0.03875 0.04113924050632911
0 0.27 0.8259493670886076 0.0375 0.04113924050632911
0 0.190625 0.7231012658227848 0.04 0.04588607594936709
0 0.161875 0.571993670886076 0.0375 0.04272151898734177
0 0.1325 0.7112341772151899 0.0425 0.04746835443037975
0 0.4375 0.5007911392405063 0.035 0.04430379746835443
0 0.305625 0.7143987341772152 0.03875 0.04430379746835443
0 0.849375 0.24920886075949367 0.04125 0.0490506329113924
0 0.288125 0.9185126582278481 0.03875 0.04430379746835443
0 0.156875 0.5411392405063291 0.03875 0.04272151898734177
0 0.6875 0.307753164556962 0.04375 0.04746835443037975
0 0.221875 0.5814873417721519 0.03875 0.04272151898734177
0 0.12 0.6511075949367089 0.03625 0.04272151898734177
0 0.348125 0.9256329113924051 0.04 0.04588607594936709
0 0.670625 0.8069620253164557 0.04125 0.04588607594936709
0 0.639375 0.6526898734177216 0.04125 0.04588607594936709
0 0.371875 0.754746835443038 0.04 0.04588607594936709
0 0.38875 0.5522151898734177 0.04 0.04430379746835443
0 0.604375 0.4723101265822785 0.04 0.04588607594936709
0 0.245625 0.7017405063291139 0.0375 0.04430379746835443
0 0.293125 0.6534810126582279 0.0375 0.04272151898734177
0 0.621875 0.5632911392405063 0.04125 0.04746835443037975
0 0.4975 0.8085443037974683 0.04125 0.04746835443037975
0 0.765625 0.7064873417721519 0.04 0.04588607594936709
0 0.71125 0.43037974683544306 0.04 0.04588607594936709
0 0.228125 0.6123417721518988 0.04 0.04430379746835443
0 0.45 0.5617088607594937 0.03875 0.04430379746835443
0 0.324375 0.8045886075949367 0.04 0.04588607594936709