0 0.306 0.378125 0.037333333333333336 0.0375
0 0.83 0.83125 0.04 0.0390625
0 0.196 0.5203125 0.037333333333333336 0.0328125
0 0.5086666666666667 0.2625 0.034666666666666665 0.0359375
0 0.8233333333333334 0.39609375 0.037333333333333336 0.0359375
0 0.6613333333333333 0.5359375 0.037333333333333336 0.0359375
0 0.5533333333333333 0.3875 0.036 0.034375
0 0.556 0.5671875 0.036 0.03125
0 0.7186666666666667 0.75390625 0.036 0.034375
0 0.20066666666666666 0.77421875 0.03866666666666667 0.040625
0 0.6646666666666666 0.7171875 0.036 0.0359375
0 0.8266666666666667 0.6890625 0.03866666666666667 0.034375
0 0.828 0.7234375 0.037333333333333336 0.034375
0 0.196 0.4484375 0.04 0.040625
0 0.6093333333333333 0.640625 0.037333333333333336 0.034375
0 0.13666666666666666 0.29375 0.04 0.0390625
0 0.25733333333333336 0.8484375 0.04133333333333333 0.040625
0 0.306 0.34140625 0.03866666666666667 0.0359375
0 0.826 0.57890625 0.037333333333333336 0.0328125
0 0.4673333333333333 0.30859375 0.034666666666666665 0.040625
0 0.30733333333333335 0.4515625 0.03866666666666667 0.034375
0 0.7693333333333333 0.3953125 0.036 0.034375
0 0.5526666666666666 0.3515625 0.037333333333333336 0.0375
0 0.7146666666666667 0.3578125 0.037333333333333336 0.0390625
0 0.36 0.19765625 0.04133333333333333 0.04375
0 0.25733333333333336 0.884375 0.03866666666666667 0.0328125
0 0.30533333333333335 0.26796875 0.037333333333333336 0.0359375
0 0.61 0.71640625 0.03866666666666667 0.0359375
0 0.25533333333333336 0.74140625 0.037333333333333336 0.0375
0 0.8286666666666667 0.7953125 0.03866666666666667 0.034375
0 0.5573333333333333 0.784375 0.037333333333333336 0.0375
0 0.4693333333333333 0.4546875 0.037333333333333336 0.0390625
0 0.14466666666666667 0.88203125 0.037333333333333336 0.0390625
0 0.5546666666666666 0.6390625 0.037333333333333336 0.0375
0 0.30666666666666664 0.415625 0.03866666666666667 0.0375
0 0.7753333333333333 0.90390625 0.03866666666666667 0.0359375
0 0.8806666666666667 0.58125 0.037333333333333336 0.0328125
0 0.20133333333333334 0.84921875 0.04133333333333333 0.0390625
0 0.718 0.64609375 0.036 0.03125
0 0.4686666666666667 0.41875 0.034666666666666665 0.0296875
0 0.362 0.45546875 0.036 0.0390625
0 0.7753333333333333 0.7921875 0.03333333333333333 0.034375
0 0.666 0.9 0.03866666666666667 0.0359375
0 0.30466666666666664 0.2265625 0.04 0.0421875
0 0.6653333333333333 0.86171875 0.03866666666666667 0.0375
0 0.4726666666666667 0.56484375 0.032 0.03125
0 0.8226666666666667 0.32265625 0.036 0.0390625
0 0.20066666666666666 0.81171875 0.04133333333333333 0.0390625
0 0.8273333333333334 0.6546875 0.037333333333333336 0.034375
0 0.25 0.3734375 0.034666666666666665 0.0328125
0 0.774 0.75625 0.034666666666666665 0.034375
0 0.3626666666666667 0.49140625 0.03333333333333333 0.0328125
0 0.8286666666666667 0.90390625 0.04133333333333333 0.0375
0 0.5106666666666667 0.296875 0.03333333333333333 0.0328125
0 0.612 0.85703125 0.03866666666666667 0.0359375
0 0.25 0.33671875 0.03866666666666667 0.0375
0 0.5133333333333333 0.41953125 0.028 0.025
0 0.31866666666666665 0.48515625 0.028 0.0296875
0 0.4746666666666667 0.74453125 0.036 0.03125
0 0.882 0.653125 0.04 0.04375
0 0.358 0.23203125 0.042666666666666665 0.025
0 0.512 0.37578125 0.030666666666666665 0.021875
0 0.5126666666666667 0.396875 0.024 0.0203125
0 0.5126666666666667 0.35625 0.030666666666666665 0.0234375
0 0.5553333333333333 0.6765625 0.037333333333333336 0.034375
0 0.8773333333333333 0.32734375 0.03866666666666667 0.0375
0 0.8253333333333334 0.50625 0.03333333333333333 0.0375
0 0.256 0.81328125 0.04 0.0359375
0 0.662 0.39140625 0.037333333333333336 0.034375
0 0.142 0.66015625 0.03866666666666667 0.0359375
0 0.47333333333333333 0.71015625 0.036 0.0375
0 0.6066666666666667 0.46171875 0.037333333333333336 0.0390625
0 0.25133333333333335 0.51953125 0.036 0.034375
0 0.19733333333333333 0.66640625 0.03866666666666667 0.034375
0 0.6613333333333333 0.42734375 0.037333333333333336 0.0375
0 0.5546666666666666 0.53046875 0.03866666666666667 0.0390625
0 0.25066666666666665 0.41015625 0.03866666666666667 0.0375
0 0.5553333333333333 0.603125 0.03866666666666667 0.0375
0 0.6626666666666666 0.571875 0.036 0.0359375
0 0.25333333333333335 0.55703125 0.03866666666666667 0.0375
0 0.6073333333333333 0.425 0.036 0.034375
0 0.7166666666666667 0.57421875 0.037333333333333336 0.034375
0 0.7706666666666667 0.46875 0.037333333333333336 0.034375
0 0.6053333333333333 0.31328125 0.03866666666666667 0.0390625
0 0.662 0.5 0.037333333333333336 0.0359375
0 0.716 0.43046875 0.037333333333333336 0.034375
0 0.41533333333333333 0.30625 0.04133333333333333 0.04375
0 0.30866666666666664 0.56015625 0.042666666666666665 0.0375
0 0.7713333333333333 0.50546875 0.034666666666666665 0.0359375
0 0.7166666666666667 0.503125 0.037333333333333336 0.0359375
0 0.36 0.26875 0.04 0.0421875
0 0.772 0.5421875 0.037333333333333336 0.034375
0 0.772 0.68515625 0.03866666666666667 0.0359375
0 0.5526666666666666 0.31171875 0.037333333333333336 0.0390625
0 0.7726666666666666 0.61328125 0.03866666666666667 0.0359375
0 0.718 0.6109375 0.036 0.0359375
0 0.772 0.578125 0.03866666666666667 0.0375
0 0.24933333333333332 0.265625 0.04 0.0375
0 0.36133333333333334 0.52578125 0.036 0.0328125
0 0.8286666666666667 0.759375 0.037333333333333336 0.0375
0 0.24866666666666667 0.18984375 0.04133333333333333 0.0390625
0 0.8806666666666667 0.546875 0.03866666666666667 0.0359375
0 0.8833333333333333 0.79609375 0.036 0.0296875
0 0.4706666666666667 0.53125 0.036 0.0359375
0 0.19466666666666665 0.33828125 0.04 0.0390625
0 0.6106666666666667 0.821875 0.04 0.0390625
0 0.5093333333333333 0.22578125 0.030666666666666665 0.028125
0 0.31 0.7421875 0.037333333333333336 0.0328125
0 0.88 0.43671875 0.037333333333333336 0.03125
0 0.6646666666666666 0.753125 0.037333333333333336 0.0359375
0 0.884 0.83203125 0.03866666666666667 0.0390625
0 0.198 0.73515625 0.034666666666666665 0.034375
0 0.8846666666666667 0.8703125 0.04 0.0390625
0 0.14466666666666667 0.84375 0.037333333333333336 0.034375
0 0.558 0.89140625 0.03866666666666667 0.0359375
0 0.6126666666666667 0.89453125 0.03866666666666667 0.0328125
0 0.6106666666666667 0.7875 0.037333333333333336 0.03125
0 0.882 0.72578125 0.036 0.0359375
0 0.7213333333333334 0.86015625 0.036 0.034375
0 0.30866666666666664 0.70703125 0.04 0.0421875
0 0.5093333333333333 0.19765625 0.028 0.028125
0 0.144 0.80625 0.037333333333333336 0.0375
0 0.14333333333333334 0.771875 0.037333333333333336 0.03125
0 0.19733333333333333 0.62890625 0.037333333333333336 0.0375
0 0.66 0.3546875 0.03866666666666667 0.0390625
0 0.312 0.846875 0.04133333333333333 0.034375
0 0.8293333333333334 0.8671875 0.03866666666666667 0.034375
0 0.6633333333333333 0.64375 0.036 0.0359375
0 0.882 0.76328125 0.04 0.040625
0 0.5573333333333333 0.85625 0.03866666666666667 0.034375
0 0.30933333333333335 0.66875 0.04133333333333333 0.0390625
0 0.31133333333333335 0.8125 0.03866666666666667 0.0359375
0 0.878 0.36484375 0.03866666666666667 0.0375
0 0.826 0.4703125 0.032 0.03125
0 0.558 0.82109375 0.03866666666666667 0.0328125
0 0.72 0.78828125 0.032 0.03125
0 0.13733333333333334 0.44296875 0.04 0.0375
0 0.24866666666666667 0.228125 0.037333333333333336 0.0359375
0 0.8233333333333334 0.3609375 0.036 0.03125
0 0.6653333333333333 0.7890625 0.037333333333333336 0.0359375
0 0.13733333333333334 0.36875 0.04 0.0390625
0 0.30866666666666664 0.6328125 0.03866666666666667 0.0375
0 0.138 0.40625 0.04 0.0359375
0 0.47733333333333333 0.8921875 0.037333333333333336 0.0390625
0 0.20266666666666666 0.88828125 0.037333333333333336 0.0375
0 0.474 0.7796875 0.036 0.0359375
0 0.312 0.884375 0.04133333333333333 0.040625
0 0.14133333333333334 0.625 0.037333333333333336 0.034375
0 0.8793333333333333 0.4703125 0.03866666666666667 0.0359375
0 0.25333333333333335 0.6296875 0.034666666666666665 0.0328125
0 0.476 0.85546875 0.03866666666666667 0.034375
0 0.6106666666666667 0.753125 0.036 0.0375
0 0.14266666666666666 0.73671875 0.03866666666666667 0.0390625
0 0.884 0.9078125 0.042666666666666665 0.0390625
0 0.7213333333333334 0.89609375 0.04 0.0359375
0 0.4726666666666667 0.6375 0.03866666666666667 0.0359375
0 0.13733333333333334 0.33125 0.04 0.0390625
0 0.13933333333333334 0.55078125 0.037333333333333336 0.0328125
0 0.4693333333333333 0.34765625 0.034666666666666665 0.034375
0 0.8813333333333333 0.61484375 0.037333333333333336 0.03125
0 0.31 0.77578125 0.04133333333333333 0.0359375
0 0.8813333333333333 0.68984375 0.03866666666666667 0.0328125
0 0.72 0.82421875 0.037333333333333336 0.0375
0 0.774 0.86796875 0.037333333333333336 0.0328125
0 0.6666666666666666 0.82421875 0.037333333333333336 0.034375
0 0.5566666666666666 0.74765625 0.037333333333333336 0.0359375
0 0.25 0.30078125 0.03866666666666667 0.034375
0 0.36333333333333334 0.5609375 0.037333333333333336 0.034375
0 0.138 0.47890625 0.04133333333333333 0.0375
0 0.878 0.4015625 0.04 0.0375
0 0.47 0.49453125 0.037333333333333336 0.0375
0 0.6633333333333333 0.6078125 0.036 0.0359375
0 0.474 0.81796875 0.036 0.0375
0 0.7153333333333334 0.3953125 0.034666666666666665 0.0359375
0 0.7726666666666666 0.65 0.034666666666666665 0.034375
0 0.19733333333333333 0.7015625 0.036 0.0328125
0 0.304 0.30390625 0.04 0.0375
0 0.308 0.596875 0.04 0.0390625
0 0.30866666666666664 0.5203125 0.03866666666666667 0.040625
0 0.19533333333333333 0.37421875 0.037333333333333336 0.034375
0 0.8253333333333334 0.54296875 0.037333333333333336 0.0359375
0 0.662 0.4640625 0.036 0.0359375
0 0.768 0.3203125 0.03866666666666667 0.0375
0 0.6073333333333333 0.53203125 0.034666666666666665 0.0328125
0 0.6073333333333333 0.4984375 0.034666666666666665 0.03125
0 0.19533333333333333 0.4109375 0.037333333333333336 0.0359375
0 0.5546666666666666 0.46015625 0.037333333333333336 0.0359375
0 0.25 0.4484375 0.036 0.0359375
0 0.5566666666666666 0.7125 0.03866666666666667 0.0375
0 0.7146666666666667 0.31875 0.03333333333333333 0.0390625
0 0.13933333333333334 0.51640625 0.04133333333333333 0.0375
0 0.25333333333333335 0.70234375 0.03866666666666667 0.0375
0 0.6086666666666667 0.5671875 0.037333333333333336 0.0375
0 0.13933333333333334 0.5875 0.037333333333333336 0.034375
0 0.25066666666666665 0.484375 0.036 0.0359375
0 0.472 0.6 0.037333333333333336 0.0359375
0 0.4726666666666667 0.6734375 0.037333333333333336 0.0359375
0 0.8246666666666667 0.43515625 0.036 0.0359375
0 0.14266666666666666 0.6984375 0.04 0.0390625
0 0.6606666666666666 0.31328125 0.037333333333333336 0.040625
0 0.36 0.340625 0.037333333333333336 0.0375
0 0.256 0.77734375 0.037333333333333336 0.0375
0 0.364 0.634375 0.037333333333333336 0.0375
0 0.774 0.72265625 0.036 0.0328125
0 0.6073333333333333 0.60546875 0.036 0.0359375
0 0.6093333333333333 0.678125 0.03866666666666667 0.040625
0 0.8266666666666667 0.615625 0.04 0.0421875
0 0.19466666666666665 0.29765625 0.03866666666666667 0.040625
0 0.3626666666666667 0.378125 0.03866666666666667 0.0375
0 0.7166666666666667 0.53828125 0.036 0.034375
0 0.606 0.35234375 0.037333333333333336 0.0359375
0 0.19533333333333333 0.48515625 0.037333333333333336 0.034375
0 0.25266666666666665 0.66484375 0.037333333333333336 0.034375
0 0.5546666666666666 0.49453125 0.03866666666666667 0.0328125
0 0.77 0.35859375 0.03866666666666667 0.0390625
0 0.36 0.30625 0.034666666666666665 0.03125
0 0.3606666666666667 0.4171875 0.04 0.0390625
0 0.7746666666666666 0.83046875 0.03866666666666667 0.0390625
0 0.252 0.59453125 0.036 0.034375
0 0.4693333333333333 0.38359375 0.036 0.0375
0 0.19733333333333333 0.55546875 0.03866666666666667 0.034375
0 0.6066666666666667 0.3890625 0.036 0.034375
0 0.554 0.42421875 0.03866666666666667 0.0359375
0 0.36333333333333334 0.596875 0.04 0.0390625
0 0.716 0.46640625 0.034666666666666665 0.034375
0 0.7186666666666667 0.7171875 0.034666666666666665 0.0359375
0 0.7693333333333333 0.43203125 0.037333333333333336 0.0359375
0 0.88 0.50859375 0.03866666666666667 0.0375
0 0.664 0.6796875 0.03866666666666667 0.0359375
0 0.7193333333333334 0.68046875 0.037333333333333336 0.034375
0 0.19666666666666666 0.59140625 0.037333333333333336 0.0375