0 0.25466666666666665 0.23515625 0.04 0.03125
0 0.144 0.234375 0.03866666666666667 0.0296875
0 0.5126666666666667 0.26796875 0.029333333333333333 0.0234375
0 0.8253333333333334 0.2453125 0.037333333333333336 0.0296875
0 0.5566666666666666 0.2421875 0.037333333333333336 0.028125
0 0.4206666666666667 0.23984375 0.03866666666666667 0.0296875
0 0.49533333333333335 0.753125 0.02266666666666667 0.03125
0 0.22666666666666666 0.784375 0.04 0.0421875
0 0.174 0.7828125 0.03866666666666667 0.0390625
0 0.7186666666666667 0.5015625 0.02666666666666667 0.034375
0 0.19066666666666668 0.3828125 0.04 0.04375
0 0.7126666666666667 0.64453125 0.02666666666666667 0.03125
0 0.11666666666666667 0.78046875 0.037333333333333336 0.0421875
0 0.724 0.39453125 0.030666666666666665 0.0390625
0 0.17733333333333334 0.6734375 0.04 0.0421875
0 0.6373333333333333 0.790625 0.037333333333333336 0.0390625
0 0.7293333333333333 0.28359375 0.02666666666666667 0.0328125
0 0.33866666666666667 0.7859375 0.036 0.034375
0 0.224 0.85625 0.037333333333333336 0.0390625
0 0.656 0.39375 0.037333333333333336 0.0375
0 0.76 0.79140625 0.02666666666666667 0.0328125
0 0.734 0.78984375 0.025333333333333333 0.0359375
0 0.12733333333333333 0.52734375 0.037333333333333336 0.0359375
0 0.12066666666666667 0.671875 0.036 0.0375
0 0.8686666666666667 0.50234375 0.04133333333333333 0.0453125
0 0.7566666666666667 0.85859375 0.029333333333333333 0.0359375
0 0.18466666666666667 0.490625 0.037333333333333336 0.0390625
0 0.17533333333333334 0.71015625 0.037333333333333336 0.0390625
0 0.5826666666666667 0.8203125 0.03866666666666667 0.040625
0 0.392 0.82265625 0.036 0.0390625
0 0.636 0.82421875 0.037333333333333336 0.0390625
0 0.5266666666666666 0.859375 0.036 0.0359375
0 0.33466666666666667 0.85625 0.03866666666666667 0.0421875
0 0.23066666666666666 0.71171875 0.04 0.0421875
0 0.516 0.1953125 0.029333333333333333 0.0328125
0 0.112 0.853125 0.034666666666666665 0.0390625
0 0.6946666666666667 0.46484375 0.028 0.0328125
0 0.22466666666666665 0.81953125 0.04 0.0421875
0 0.24933333333333332 0.31171875 0.034666666666666665 0.040625
0 0.5806666666666667 0.85703125 0.03866666666666667 0.0421875
0 0.23133333333333334 0.67421875 0.04133333333333333 0.0421875
0 0.528 0.82265625 0.04133333333333333 0.0453125
0 0.7573333333333333 0.825 0.02666666666666667 0.034375
0 0.7553333333333333 0.61015625 0.037333333333333336 0.040625
0 0.7093333333333334 0.68125 0.034666666666666665 0.040625
0 0.392 0.7859375 0.037333333333333336 0.040625
0 0.7006666666666667 0.31875 0.02666666666666667 0.0328125
0 0.532 0.7484375 0.034666666666666665 0.0359375
0 0.11333333333333333 0.81640625 0.037333333333333336 0.040625
0 0.5186666666666667 0.16640625 0.028 0.0296875
0 0.5853333333333334 0.75234375 0.034666666666666665 0.0375
0 0.732 0.8265625 0.02666666666666667 0.034375
0 0.7146666666666667 0.6078125 0.029333333333333333 0.0375
0 0.8666666666666667 0.53984375 0.04 0.0421875
0 0.5866666666666667 0.71796875 0.034666666666666665 0.0390625
0 0.12933333333333333 0.49140625 0.042666666666666665 0.046875
0 0.2946666666666667 0.52890625 0.034666666666666665 0.0359375
0 0.5486666666666666 0.38984375 0.036 0.0390625
0 0.11866666666666667 0.7078125 0.04 0.0421875
0 0.634 0.85859375 0.037333333333333336 0.0359375
0 0.22866666666666666 0.7484375 0.03866666666666667 0.0390625
0 0.6513333333333333 0.5015625 0.036 0.0390625
0 0.546 0.46015625 0.034666666666666665 0.0359375
0 0.5306666666666666 0.78515625 0.04 0.0421875
0 0.18866666666666668 0.41875 0.03866666666666667 0.040625
0 0.2966666666666667 0.49375 0.03866666666666667 0.0421875
0 0.7306666666666667 0.859375 0.029333333333333333 0.0390625
0 0.5366666666666666 0.64296875 0.03866666666666667 0.0421875
0 0.7993333333333333 0.8609375 0.03866666666666667 0.040625
0 0.5933333333333334 0.57109375 0.036 0.0390625
0 0.182 0.5640625 0.036 0.0390625
0 0.5893333333333334 0.68046875 0.037333333333333336 0.0453125
0 0.8046666666666666 0.68515625 0.04 0.04375
0 0.4033333333333333 0.56875 0.034666666666666665 0.0375
0 0.59 0.64453125 0.037333333333333336 0.0390625
0 0.6893333333333334 0.575 0.030666666666666665 0.040625
0 0.692 0.50078125 0.029333333333333333 0.0359375
0 0.298 0.45859375 0.037333333333333336 0.0390625
0 0.188 0.45546875 0.037333333333333336 0.0390625
0 0.646 0.61015625 0.036 0.0390625
0 0.8226666666666667 0.321875 0.034666666666666665 0.0375
0 0.34933333333333333 0.534375 0.037333333333333336 0.040625
0 0.8013333333333333 0.79375 0.03866666666666667 0.040625
0 0.24666666666666667 0.346875 0.03866666666666667 0.040625
0 0.244 0.45703125 0.037333333333333336 0.0375
0 0.608 0.278125 0.037333333333333336 0.0421875
0 0.4053333333333333 0.534375 0.036 0.0375
0 0.5393333333333333 0.60625 0.03866666666666667 0.04375
0 0.5413333333333333 0.534375 0.036 0.0390625
0 0.4673333333333333 0.315625 0.036 0.0390625
0 0.13933333333333334 0.2703125 0.04133333333333333 0.04375
0 0.65 0.534375 0.036 0.0390625
0 0.136 0.3421875 0.04 0.0390625
0 0.8186666666666667 0.39453125 0.037333333333333336 0.0390625
0 0.6386666666666667 0.7546875 0.04 0.0421875
0 0.464 0.42578125 0.034666666666666665 0.0375
0 0.8153333333333334 0.465625 0.037333333333333336 0.0390625
0 0.39666666666666667 0.71484375 0.04 0.0421875
0 0.874 0.35859375 0.04 0.0421875
0 0.3973333333333333 0.67890625 0.03866666666666667 0.0421875
0 0.8093333333333333 0.57421875 0.036 0.0421875
0 0.7 0.35546875 0.028 0.0375
0 0.552 0.31796875 0.037333333333333336 0.040625
0 0.6033333333333334 0.31796875 0.03866666666666667 0.04375
0 0.6433333333333333 0.6453125 0.03866666666666667 0.0421875
0 0.364 0.27578125 0.037333333333333336 0.0421875
0 0.8173333333333334 0.4296875 0.04 0.0421875
0 0.4613333333333333 0.46015625 0.037333333333333336 0.0421875
0 0.414 0.35234375 0.036 0.0375
0 0.23733333333333334 0.565625 0.037333333333333336 0.0390625
0 0.752 0.6796875 0.037333333333333336 0.040625
0 0.244 0.42109375 0.04133333333333333 0.0421875
0 0.30466666666666664 0.3140625 0.04 0.0421875
0 0.23933333333333334 0.5296875 0.03866666666666667 0.040625
0 0.18266666666666667 0.52734375 0.03866666666666667 0.0421875
0 0.548 0.425 0.037333333333333336 0.0375
0 0.7646666666666667 0.39453125 0.03866666666666667 0.040625
0 0.6533333333333333 0.428125 0.036 0.0390625
0 0.192 0.34453125 0.03866666666666667 0.0421875
0 0.30133333333333334 0.38515625 0.04 0.04375
0 0.4646666666666667 0.39140625 0.037333333333333336 0.040625
0 0.30266666666666664 0.34921875 0.036 0.0390625
0 0.598 0.4640625 0.04 0.0421875
0 0.5946666666666667 0.534375 0.037333333333333336 0.0421875
0 0.6006666666666667 0.42734375 0.036 0.0390625
0 0.7693333333333333 0.28359375 0.04133333333333333 0.04375
0 0.7666666666666667 0.32109375 0.036 0.0390625
0 0.8093333333333333 0.6109375 0.037333333333333336 0.0375
0 0.5146666666666667 0.23203125 0.029333333333333333 0.0359375
0 0.5073333333333333 0.37421875 0.032 0.034375
0 0.506 0.4109375 0.03333333333333333 0.040625
0 0.5093333333333333 0.33671875 0.03333333333333333 0.04375
0 0.5133333333333333 0.253125 0.029333333333333333 0.01875
0 0.662 0.24453125 0.037333333333333336 0.028125
0 0.45866666666666667 0.534375 0.036 0.0375
0 0.4013333333333333 0.6015625 0.034666666666666665 0.0390625
0 0.25133333333333335 0.2734375 0.034666666666666665 0.0375
0 0.8766666666666667 0.3234375 0.037333333333333336 0.0390625
0 0.39066666666666666 0.8578125 0.04133333333333333 0.0421875
0 0.7153333333333334 0.571875 0.028 0.034375
0 0.13066666666666665 0.453125 0.03866666666666667 0.0421875
0 0.8066666666666666 0.646875 0.037333333333333336 0.040625
0 0.4593333333333333 0.4984375 0.037333333333333336 0.040625
0 0.7226666666666667 0.43046875 0.025333333333333333 0.034375
0 0.39466666666666667 0.7515625 0.037333333333333336 0.0375
0 0.3373333333333333 0.8203125 0.04 0.0421875
0 0.5966666666666667 0.49921875 0.036 0.0375
0 0.5333333333333333 0.7140625 0.03866666666666667 0.04375
0 0.584 0.7859375 0.036 0.0390625
0 0.174 0.746875 0.04 0.0421875
0 0.6873333333333334 0.61015625 0.028 0.034375
0 0.804 0.72109375 0.036 0.0390625
0 0.6906666666666667 0.5359375 0.02666666666666667 0.0375
0 0.7533333333333333 0.6453125 0.036 0.0375
0 0.7253333333333334 0.35703125 0.028 0.0359375
0 0.246 0.38359375 0.04133333333333333 0.0453125
0 0.12466666666666666 0.60078125 0.03866666666666667 0.04375
0 0.3413333333333333 0.71484375 0.03866666666666667 0.04375
0 0.18066666666666667 0.6015625 0.03866666666666667 0.04375
0 0.7466666666666667 0.7546875 0.03866666666666667 0.040625
0 0.11733333333333333 0.74453125 0.037333333333333336 0.0390625
0 0.686 0.64609375 0.030666666666666665 0.0390625
0 0.8706666666666667 0.43046875 0.04 0.0421875
0 0.7033333333333334 0.28203125 0.028 0.0375
0 0.536 0.678125 0.036 0.0359375
0 0.17866666666666667 0.6359375 0.03866666666666667 0.040625
0 0.64 0.7171875 0.04133333333333333 0.0453125
0 0.12666666666666668 0.5640625 0.03866666666666667 0.04375
0 0.7566666666666667 0.5734375 0.036 0.0390625
0 0.4693333333333333 0.27734375 0.037333333333333336 0.0421875
0 0.6966666666666667 0.39140625 0.028 0.0359375
0 0.12333333333333334 0.63671875 0.037333333333333336 0.0390625
0 0.132 0.4171875 0.03866666666666667 0.0421875
0 0.8706666666666667 0.46640625 0.04133333333333333 0.0390625
0 0.7206666666666667 0.465625 0.029333333333333333 0.0359375
0 0.7493333333333333 0.71796875 0.04 0.0421875
0 0.802 0.7578125 0.037333333333333336 0.0390625
0 0.13533333333333333 0.37890625 0.04 0.04375
0 0.642 0.68046875 0.037333333333333336 0.0390625
0 0.8 0.82734375 0.037333333333333336 0.0375
0 0.24133333333333334 0.4921875 0.04 0.0453125
0 0.7273333333333334 0.3203125 0.029333333333333333 0.0375
0 0.3406666666666667 0.75234375 0.04 0.04375
0 0.196 0.2703125 0.03866666666666667 0.040625
0 0.19533333333333333 0.3078125 0.03866666666666667 0.04375
0 0.696 0.42890625 0.032 0.0390625
0 0.4066666666666667 0.5 0.037333333333333336 0.0390625
0 0.874 0.39375 0.03866666666666667 0.040625
0 0.346 0.60546875 0.036 0.0390625
0 0.7593333333333333 0.503125 0.036 0.0390625
0 0.8126666666666666 0.5390625 0.037333333333333336 0.0375
0 0.7173333333333334 0.5359375 0.032 0.0390625
0 0.23333333333333334 0.63828125 0.04133333333333333 0.0421875
0 0.138 0.3078125 0.04 0.040625
0 0.8786666666666667 0.284375 0.03866666666666667 0.046875
0 0.236 0.60234375 0.04 0.0421875
0 0.342 0.67734375 0.03866666666666667 0.04375
0 0.6473333333333333 0.571875 0.03866666666666667 0.0453125
0 0.6026666666666667 0.3921875 0.03866666666666667 0.0421875
0 0.6606666666666666 0.28203125 0.042666666666666665 0.0421875
0 0.41 0.42578125 0.04 0.0421875
0 0.6533333333333333 0.465625 0.04 0.0421875
0 0.3446666666666667 0.640625 0.04 0.0421875
0 0.466 0.35390625 0.036 0.04375
0 0.7626666666666667 0.42890625 0.03866666666666667 0.040625
0 0.41733333333333333 0.27578125 0.037333333333333336 0.0390625
0 0.658 0.3578125 0.036 0.040625
0 0.5406666666666666 0.56953125 0.03866666666666667 0.0421875
0 0.4086666666666667 0.46328125 0.04133333333333333 0.0453125
0 0.7646666666666667 0.3578125 0.037333333333333336 0.040625
0 0.8146666666666667 0.503125 0.04 0.0453125
0 0.7573333333333333 0.53828125 0.04 0.0421875
0 0.352 0.4984375 0.04 0.0421875
0 0.5513333333333333 0.3546875 0.03866666666666667 0.04375
0 0.3006666666666667 0.421875 0.03866666666666667 0.0421875
0 0.5913333333333334 0.6078125 0.04 0.0421875
0 0.3606666666666667 0.35078125 0.04 0.04375
0 0.82 0.35859375 0.04133333333333333 0.04375
0 0.658 0.31953125 0.036 0.0421875
0 0.35333333333333333 0.4609375 0.04 0.0421875
0 0.3993333333333333 0.640625 0.04 0.046875
0 0.308 0.275 0.042666666666666665 0.0484375
0 0.8233333333333334 0.2828125 0.04 0.0453125
0 0.416 0.31484375 0.03866666666666667 0.0453125
0 0.6033333333333334 0.35546875 0.03866666666666667 0.04375
0 0.36133333333333334 0.31328125 0.037333333333333336 0.0390625
0 0.7613333333333333 0.465625 0.03866666666666667 0.040625
0 0.348 0.5703125 0.04 0.0421875
0 0.5546666666666666 0.27890625 0.04 0.0453125
0 0.544 0.49765625 0.03866666666666667 0.0453125
0 0.41133333333333333 0.38828125 0.042666666666666665 0.0453125