0 0.7594444444444445 0.10773026315789473 0.04111111111111111 0.05921052631578947
0 0.2 0.23848684210526316 0.04 0.05592105263157895
0 0.6194444444444445 0.2754934210526316 0.03888888888888889 0.05098684210526316
0 0.21166666666666667 0.3684210526315789 0.04 0.05263157894736842
0 0.20333333333333334 0.2845394736842105 0.04 0.05263157894736842
0 0.37777777777777777 0.4555921052631579 0.03888888888888889 0.049342105263157895
0 0.31444444444444447 0.34375 0.03888888888888889 0.05263157894736842
0 0.31055555555555553 0.2993421052631579 0.04 0.05592105263157895
0 0.19666666666666666 0.7508223684210527 0.04111111111111111 0.05263157894736842
0 0.5605555555555556 0.20148026315789475 0.03666666666666667 0.05263157894736842
0 0.25 0.22532894736842105 0.042222222222222223 0.05921052631578947
0 0.065 0.48601973684210525 0.04 0.05263157894736842
0 0.31833333333333336 0.38651315789473684 0.04111111111111111 0.05263157894736842
0 0.2088888888888889 0.8741776315789473 0.04 0.05592105263157895
0 0.5683333333333334 0.2870065789473684 0.03777777777777778 0.047697368421052634
0 0.16444444444444445 0.42269736842105265 0.03888888888888889 0.047697368421052634
0 0.46111111111111114 0.7713815789473685 0.04 0.054276315789473686
0 0.20722222222222222 0.32648026315789475 0.04 0.05263157894736842
0 0.2011111111111111 0.7927631578947368 0.03888888888888889 0.05263157894736842
0 0.3738888888888889 0.4144736842105263 0.03888888888888889 0.05098684210526316
0 0.7633333333333333 0.15378289473684212 0.03888888888888889 0.054276315789473686
0 0.19277777777777777 0.709703947368421 0.04111111111111111 0.05098684210526316
0 0.7466666666666667 0.49588815789473684 0.04 0.05263157894736842
0 0.13777777777777778 0.678453947368421 0.03888888888888889 0.049342105263157895
0 0.2361111111111111 0.6134868421052632 0.03777777777777778 0.046052631578947366
0 0.73 0.3314144736842105 0.03777777777777778 0.049342105263157895
0 0.6827777777777778 0.3848684210526316 0.03666666666666667 0.049342105263157895
0 0.08166666666666667 0.6513157894736842 0.04111111111111111 0.05756578947368421
0 0.7788888888888889 0.3215460526315789 0.03777777777777778 0.05098684210526316
0 0.7416666666666667 0.453125 0.03777777777777778 0.049342105263157895
0 0.09 0.7327302631578947 0.04 0.05263157894736842
0 0.5938888888888889 0.5328947368421053 0.03777777777777778 0.05263157894736842
0 0.48388888888888887 0.47039473684210525 0.04555555555555556 0.05756578947368421
0 0.2627777777777778 0.359375 0.03888888888888889 0.05098684210526316
0 0.6916666666666667 0.46792763157894735 0.03888888888888889 0.049342105263157895
0 0.18555555555555556 0.6282894736842105 0.03888888888888889 0.049342105263157895
0 0.07 0.5279605263157895 0.03888888888888889 0.049342105263157895
0 0.6027777777777777 0.6175986842105263 0.04111111111111111 0.05592105263157895
0 0.8222222222222222 0.2236842105263158 0.04111111111111111 0.05756578947368421
0 0.6772222222222222 0.34457236842105265 0.034444444444444444 0.049342105263157895
0 0.25166666666666665 0.78125 0.04 0.05263157894736842
0 0.5972222222222222 0.5748355263157895 0.04 0.05098684210526316
0 0.775 0.2787828947368421 0.04 0.05263157894736842
0 0.18888888888888888 0.6685855263157895 0.03888888888888889 0.05098684210526316
0 0.2477777777777778 0.7384868421052632 0.04 0.054276315789473686
0 0.8861111111111111 0.3338815789473684 0.04 0.05592105263157895
0 0.14166666666666666 0.7203947368421053 0.04 0.05263157894736842
0 0.15944444444444444 0.37993421052631576 0.04111111111111111 0.05921052631578947
0 0.41833333333333333 0.8667763157894737 0.03888888888888889 0.049342105263157895
0 0.4088888888888889 0.23519736842105263 0.042222222222222223 0.05756578947368421
0 0.3938888888888889 0.6200657894736842 0.04 0.05592105263157895
0 0.895 0.41776315789473684 0.03888888888888889 0.05263157894736842
0 0.2677777777777778 0.9432565789473685 0.04111111111111111 0.05098684210526316
0 0.9211111111111111 0.6620065789473685 0.04111111111111111 0.05263157894736842
0 0.12055555555555555 0.5148026315789473 0.03777777777777778 0.05098684210526316
0 0.785 0.359375 0.03666666666666667 0.047697368421052634
0 0.14888888888888888 0.8026315789473685 0.03666666666666667 0.05098684210526316
0 0.7883333333333333 0.4004934210526316 0.03888888888888889 0.05098684210526316
0 0.695 0.509046052631579 0.03888888888888889 0.05263157894736842
0 0.40444444444444444 0.1875 0.04111111111111111 0.05921052631578947
0 0.415 0.8240131578947368 0.04 0.05263157894736842
0 0.8616666666666667 0.08223684210526316 0.042222222222222223 0.05592105263157895
0 0.7705555555555555 0.23519736842105263 0.03666666666666667 0.047697368421052634
0 0.2627777777777778 0.9004934210526315 0.04111111111111111 0.05592105263157895
0 0.4638888888888889 0.8141447368421053 0.03777777777777778 0.05098684210526316
0 0.4072222222222222 0.7450657894736842 0.04 0.05263157894736842
0 0.2038888888888889 0.8330592105263158 0.03777777777777778 0.049342105263157895
0 0.9255555555555556 0.7023026315789473 0.04111111111111111 0.049342105263157895
0 0.14555555555555555 0.7623355263157895 0.03777777777777778 0.05263157894736842
0 0.16111111111111112 0.9268092105263158 0.042222222222222223 0.05592105263157895
0 0.2838888888888889 0.5608552631578947 0.04 0.049342105263157895
0 0.2588888888888889 0.31661184210526316 0.04111111111111111 0.05592105263157895
0 0.5888888888888889 0.48848684210526316 0.03666666666666667 0.05263157894736842
0 0.7038888888888889 0.5912828947368421 0.04 0.05263157894736842
0 0.07777777777777778 0.6101973684210527 0.04 0.047697368421052634
0 0.40166666666666667 0.7014802631578947 0.03777777777777778 0.05263157894736842
0 0.21666666666666667 0.4087171052631579 0.03888888888888889 0.046052631578947366
0 0.7116666666666667 0.6735197368421053 0.043333333333333335 0.05756578947368421
0 0.43333333333333335 0.3560855263157895 0.028888888888888888 0.04276315789473684
0 0.045 0.2738486842105263 0.042222222222222223 0.054276315789473686
0 0.3977777777777778 0.6620065789473685 0.03777777777777778 0.049342105263157895
0 0.4683333333333333 0.8560855263157895 0.03888888888888889 0.05098684210526316
0 0.08666666666666667 0.6916118421052632 0.03888888888888889 0.047697368421052634
0 0.7 0.5493421052631579 0.04 0.05263157894736842
0 0.7594444444444445 0.618421052631579 0.04 0.049342105263157895
0 0.7077777777777777 0.6299342105263158 0.03888888888888889 0.049342105263157895
0 0.785 0.865953947368421 0.042222222222222223 0.05592105263157895
0 0.39 0.5764802631578947 0.03777777777777778 0.047697368421052634
0 0.21722222222222223 0.9572368421052632 0.04 0.05263157894736842
0 0.4211111111111111 0.4876644736842105 0.028888888888888888 0.04276315789473684
0 0.1688888888888889 0.4605263157894737 0.03888888888888889 0.044407894736842105
0 0.8894444444444445 0.3774671052631579 0.03888888888888889 0.049342105263157895
0 0.7672222222222222 0.19654605263157895 0.03888888888888889 0.05263157894736842
0 0.8733333333333333 0.21134868421052633 0.04 0.049342105263157895
0 0.4222222222222222 0.9095394736842105 0.04111111111111111 0.05592105263157895
0 0.5727777777777778 0.328125 0.03888888888888889 0.05263157894736842
0 0.8777777777777778 0.2524671052631579 0.04 0.05098684210526316
0 0.2722222222222222 0.9802631578947368 0.04111111111111111 0.039473684210526314
0 0.7505555555555555 0.5370065789473685 0.04111111111111111 0.05098684210526316
0 0.7766666666666666 0.78125 0.03888888888888889 0.049342105263157895
0 0.7555555555555555 0.578125 0.04 0.049342105263157895
0 0.9083333333333333 0.5411184210526315 0.04111111111111111 0.05592105263157895
0 0.25555555555555554 0.8207236842105263 0.04111111111111111 0.047697368421052634
0 0.7677777777777778 0.7006578947368421 0.03777777777777778 0.05098684210526316
0 0.9294444444444444 0.7442434210526315 0.04111111111111111 0.05263157894736842
0 0.05 0.3190789473684211 0.04111111111111111 0.054276315789473686
0 0.7722222222222223 0.7417763157894737 0.04 0.05098684210526316
0 0.5772222222222222 0.37088815789473684 0.035555555555555556 0.046052631578947366
0 0.2127777777777778 0.9161184210526315 0.04 0.047697368421052634
0 0.41055555555555556 0.7845394736842105 0.03777777777777778 0.047697368421052634
0 0.4766666666666667 0.9350328947368421 0.04 0.049342105263157895
0 0.87 0.16940789473684212 0.04111111111111111 0.05592105263157895
0 0.47333333333333333 0.8955592105263158 0.04 0.05098684210526316
0 0.22055555555555556 0.9868421052631579 0.04 0.02631578947368421
0 0.10444444444444445 0.4720394736842105 0.028888888888888888 0.044407894736842105
0 0.05388888888888889 0.3618421052631579 0.04111111111111111 0.054276315789473686
0 0.9044444444444445 0.4975328947368421 0.03888888888888889 0.05263157894736842
0 0.43 0.3190789473684211 0.024444444444444446 0.03453947368421053
0 0.12222222222222222 0.38651315789473684 0.02666666666666667 0.04276315789473684
0 0.9 0.45805921052631576 0.03888888888888889 0.049342105263157895
0 0.425 0.5254934210526315 0.027777777777777776 0.044407894736842105
0 0.9127777777777778 0.5838815789473685 0.04 0.05098684210526316
0 0.9172222222222223 0.6217105263157895 0.04 0.049342105263157895
0 0.4166666666666667 0.4457236842105263 0.028888888888888888 0.04276315789473684
0 0.3861111111111111 0.5386513157894737 0.03777777777777778 0.049342105263157895
0 0.78 0.8223684210526315 0.04 0.05098684210526316
0 0.7627777777777778 0.6603618421052632 0.03666666666666667 0.05098684210526316
0 0.15722222222222224 0.881578947368421 0.03888888888888889 0.05098684210526316
0 0.13 0.5978618421052632 0.04 0.049342105263157895
0 0.5816666666666667 0.4087171052631579 0.03888888888888889 0.049342105263157895
0 0.2588888888888889 0.859375 0.04111111111111111 0.05098684210526316
0 0.44277777777777777 0.4399671052631579 0.027777777777777776 0.044407894736842105
0 0.4061111111111111 0.3223684210526316 0.023333333333333334 0.03289473684210526
0 0.44555555555555554 0.4810855263157895 0.02666666666666667 0.044407894736842105
0 0.12611111111111112 0.4276315789473684 0.025555555555555557 0.039473684210526314
0 0.9327777777777778 0.7853618421052632 0.04 0.054276315789473686
0 0.13 0.46792763157894735 0.024444444444444446 0.03782894736842105
0 0.15333333333333332 0.84375 0.03777777777777778 0.047697368421052634
0 0.4627777777777778 0.26644736842105265 0.04777777777777778 0.05263157894736842
0 0.059444444444444446 0.4407894736842105 0.042222222222222223 0.05592105263157895
0 0.46555555555555556 0.6866776315789473 0.028888888888888888 0.04276315789473684
0 0.8827777777777778 0.2911184210526316 0.03888888888888889 0.05098684210526316
0 0.45055555555555554 0.5230263157894737 0.024444444444444446 0.03618421052631579
0 0.09944444444444445 0.43256578947368424 0.028888888888888888 0.04276315789473684
0 0.9372222222222222 0.8289473684210527 0.04111111111111111 0.05098684210526316
0 0.09666666666666666 0.39144736842105265 0.024444444444444446 0.039473684210526314
0 0.3705555555555556 0.375 0.03888888888888889 0.05098684210526316
0 0.46944444444444444 0.7269736842105263 0.03 0.044407894736842105
0 0.43777777777777777 0.3980263157894737 0.028888888888888888 0.03782894736842105
0 0.6744444444444444 0.3050986842105263 0.03777777777777778 0.047697368421052634
0 0.5855555555555556 0.44901315789473684 0.03777777777777778 0.03618421052631579
0 0.8661111111111112 0.12417763157894737 0.03888888888888889 0.049342105263157895
0 0.5261111111111111 0.7582236842105263 0.02666666666666667 0.039473684210526314
0 0.48777777777777775 0.5106907894736842 0.04888888888888889 0.04276315789473684
0 0.24055555555555555 0.6537828947368421 0.04111111111111111 0.054276315789473686
0 0.2788888888888889 0.5197368421052632 0.03888888888888889 0.05098684210526316
0 0.48 0.3939144736842105 0.044444444444444446 0.047697368421052634
0 0.4722222222222222 0.32976973684210525 0.04666666666666667 0.05098684210526316
0 0.4533333333333333 0.16776315789473684 0.04777777777777778 0.04111842105263158
0 0.475 0.36348684210526316 0.04777777777777778 0.04276315789473684
0 0.45666666666666667 0.1981907894736842 0.04666666666666667 0.047697368421052634
0 0.056666666666666664 0.40460526315789475 0.04111111111111111 0.05098684210526316
0 0.46 0.2294407894736842 0.04777777777777778 0.04111842105263158
0 0.4677777777777778 0.29851973684210525 0.044444444444444446 0.039473684210526314
0 0.5638888888888889 0.24671052631578946 0.04 0.054276315789473686
0 0.5133333333333333 0.2574013157894737 0.04111111111111111 0.05263157894736842
0 0.22833333333333333 0.5361842105263158 0.03888888888888889 0.05263157894736842
0 0.27444444444444444 0.48026315789473684 0.03888888888888889 0.05098684210526316
0 0.21944444444444444 0.4498355263157895 0.04111111111111111 0.05592105263157895
0 0.18055555555555555 0.5888157894736842 0.042222222222222223 0.05098684210526316
0 0.7261111111111112 0.2911184210526316 0.04 0.05263157894736842
0 0.1338888888888889 0.6389802631578947 0.04 0.054276315789473686
0 0.26611111111111113 0.3988486842105263 0.03888888888888889 0.05098684210526316
0 0.5555555555555556 0.15625 0.04111111111111111 0.05921052631578947
0 0.7338888888888889 0.37006578947368424 0.03888888888888889 0.049342105263157895
0 0.255 0.2722039473684211 0.04111111111111111 0.05263157894736842
0 0.07388888888888889 0.5699013157894737 0.03888888888888889 0.054276315789473686
0 0.17666666666666667 0.5485197368421053 0.04 0.05098684210526316
0 0.6694444444444444 0.26069078947368424 0.04 0.05756578947368421
0 0.27 0.43832236842105265 0.03777777777777778 0.049342105263157895
0 0.23277777777777778 0.5764802631578947 0.03888888888888889 0.049342105263157895
0 0.5172222222222222 0.29851973684210525 0.04 0.05098684210526316
0 0.17333333333333334 0.5041118421052632 0.04 0.05756578947368421
0 0.5061111111111111 0.16858552631578946 0.042222222222222223 0.05756578947368421
0 0.6138888888888889 0.23273026315789475 0.03666666666666667 0.054276315789473686
0 0.24444444444444444 0.696546052631579 0.03888888888888889 0.05263157894736842
0 0.7388888888888889 0.41118421052631576 0.03777777777777778 0.054276315789473686
0 0.12555555555555556 0.5575657894736842 0.03888888888888889 0.05263157894736842
0 0.5088888888888888 0.21463815789473684 0.03888888888888889 0.05098684210526316
0 0.6061111111111112 0.1455592105263158 0.04111111111111111 0.05592105263157895
0 0.2238888888888889 0.4925986842105263 0.03888888888888889 0.054276315789473686
0 0.7066666666666667 0.12006578947368421 0.042222222222222223 0.05756578947368421
0 0.38222222222222224 0.4975328947368421 0.03777777777777778 0.054276315789473686
0 0.7205555555555555 0.25082236842105265 0.03777777777777778 0.05098684210526316
0 0.3655555555555556 0.33223684210526316 0.04111111111111111 0.05592105263157895
0 0.4127777777777778 0.28125 0.03888888888888889 0.054276315789473686
0 0.61 0.18996710526315788 0.03888888888888889 0.05098684210526316
0 0.7161111111111111 0.2080592105263158 0.03888888888888889 0.05592105263157895
0 0.6872222222222222 0.4276315789473684 0.03777777777777778 0.05263157894736842
0 0.7127777777777777 0.16447368421052633 0.04 0.05263157894736842