0 0.6072222222222222 0.7092257001647446 0.042222222222222223 0.05271828665568369
0 0.32722222222222225 0.36820428336079075 0.027777777777777776 0.039538714991762765
0 0.48777777777777775 0.4316309719934102 0.04777777777777778 0.054365733113673806
0 0.8566666666666667 0.371499176276771 0.042222222222222223 0.04942339373970346
0 0.7555555555555555 0.35831960461285006 0.042222222222222223 0.051070840197693576
0 0.655 0.34102141680395387 0.03888888888888889 0.051070840197693576
0 0.5183333333333333 0.6062602965403624 0.04 0.057660626029654036
0 0.29833333333333334 0.27924217462932455 0.044444444444444446 0.05601317957166392
0 0.6183333333333333 0.6227347611202636 0.042222222222222223 0.054365733113673806
0 0.605 0.33278418451400327 0.03888888888888889 0.047775947281713346
0 0.3233333333333333 0.4085667215815486 0.02666666666666667 0.04118616144975288
0 0.5194444444444445 0.19522240527182866 0.05 0.039538714991762765
0 0.16166666666666665 0.5485996705107083 0.04111111111111111 0.05601317957166392
0 0.3655555555555556 0.5790774299835255 0.042222222222222223 0.057660626029654036
0 0.9122222222222223 0.3393739703459638 0.04111111111111111 0.05601317957166392
0 0.4161111111111111 0.5889621087314663 0.04111111111111111 0.054365733113673806
0 0.30333333333333334 0.6589785831960461 0.04 0.054365733113673806
0 0.30833333333333335 0.6177924217462932 0.03777777777777778 0.04942339373970346
0 0.3516666666666667 0.28747940691927515 0.03777777777777778 0.04942339373970346
0 0.8505555555555555 0.4126853377265239 0.04111111111111111 0.047775947281713346
0 0.6488888888888888 0.37891268533772654 0.04 0.04942339373970346
0 0.8716666666666667 0.6647446457990115 0.042222222222222223 0.054365733113673806
0 0.14722222222222223 0.2545304777594728 0.04 0.047775947281713346
0 0.8205555555555556 0.6556836902800659 0.03888888888888889 0.05271828665568369
0 0.40944444444444444 0.6350906095551895 0.03888888888888889 0.047775947281713346
0 0.5672222222222222 0.6153212520593081 0.04 0.05601317957166392
0 0.45222222222222225 0.30477759472817134 0.03888888888888889 0.04612850082372323
0 0.15 0.6350906095551895 0.042222222222222223 0.051070840197693576
0 0.9011111111111111 0.42257001647446457 0.042222222222222223 0.051070840197693576
0 0.8144444444444444 0.700164744645799 0.03888888888888889 0.04942339373970346
0 0.8066666666666666 0.3640856672158155 0.04 0.051070840197693576
0 0.8594444444444445 0.7471169686985173 0.04111111111111111 0.05271828665568369
0 0.11166666666666666 0.11779242174629324 0.043333333333333335 0.05930807248764415
0 0.30444444444444446 0.2355848434925865 0.04 0.04942339373970346
0 0.25277777777777777 0.23228995057660626 0.04 0.04942339373970346
0 0.15444444444444444 0.5939044481054365 0.03888888888888889 0.04942339373970346
0 0.31 0.19522240527182866 0.04 0.04612850082372323
0 0.5577777777777778 0.6985172981878089 0.04111111111111111 0.05601317957166392
0 0.35944444444444446 0.6260296540362438 0.03888888888888889 0.04942339373970346
0 0.7638888888888888 0.6911037891268533 0.04 0.047775947281713346
0 0.9061111111111111 0.3830313014827018 0.04 0.047775947281713346
0 0.7511111111111111 0.3978583196046129 0.04111111111111111 0.04942339373970346
0 0.7138888888888889 0.2627677100494234 0.04 0.05271828665568369
0 0.10055555555555555 0.20593080724876442 0.043333333333333335 0.05271828665568369
0 0.9016666666666666 0.5049423393739704 0.03111111111111111 0.044481054365733116
0 0.35388888888888886 0.3731466227347611 0.024444444444444446 0.03459637561779242
0 0.8644444444444445 0.7075782537067545 0.03888888888888889 0.047775947281713346
0 0.83 0.48846787479406917 0.025555555555555557 0.03789126853377265
0 0.8338888888888889 0.4497528830313015 0.02666666666666667 0.03789126853377265
0 0.3488888888888889 0.4135090609555189 0.024444444444444446 0.03789126853377265
0 0.8005555555555556 0.4052718286655684 0.03888888888888889 0.051070840197693576
0 0.40166666666666667 0.2990115321252059 0.03888888888888889 0.04612850082372323
0 0.8083333333333333 0.7413509060955519 0.03777777777777778 0.051070840197693576
0 0.4033333333333333 0.6746293245469522 0.03777777777777778 0.05271828665568369
0 0.5077777777777778 0.2957166392092257 0.04888888888888889 0.047775947281713346
0 0.7588888888888888 0.7347611202635914 0.042222222222222223 0.054365733113673806
0 0.35333333333333333 0.6655683690280065 0.04 0.051070840197693576
0 0.8533333333333334 0.4950576606260296 0.02666666666666667 0.03789126853377265
0 0.7094444444444444 0.30807248764415157 0.042222222222222223 0.054365733113673806
0 0.10555555555555556 0.16227347611202636 0.04 0.044481054365733116
0 0.39555555555555555 0.3401976935749588 0.042222222222222223 0.054365733113673806
0 0.5277777777777778 0.12932454695222406 0.052222222222222225 0.04612850082372323
0 0.8966666666666666 0.5453047775947282 0.027777777777777776 0.036243822075782535
0 0.5244444444444445 0.1630971993410214 0.051111111111111114 0.04612850082372323
0 0.5116666666666667 0.2627677100494234 0.04777777777777778 0.04118616144975288
0 0.47555555555555556 0.5197693574958814 0.035555555555555556 0.051070840197693576
0 0.9066666666666666 0.46375617792421747 0.03 0.04118616144975288
0 0.49944444444444447 0.357495881383855 0.04888888888888889 0.044481054365733116
0 0.4622222222222222 0.7314662273476112 0.025555555555555557 0.03130148270181219
0 0.0961111111111111 0.2413509060955519 0.04111111111111111 0.03459637561779242
0 0.86 0.45634266886326197 0.02666666666666667 0.03789126853377265
0 0.46555555555555556 0.7051070840197694 0.024444444444444446 0.032948929159802305
0 0.5033333333333333 0.32948929159802304 0.04555555555555556 0.039538714991762765
0 0.515 0.22652388797364087 0.05 0.047775947281713346
0 0.4822222222222222 0.47528830313014825 0.04555555555555556 0.054365733113673806
0 0.4072222222222222 0.2553542009884679 0.043333333333333335 0.05930807248764415
0 0.5605555555555556 0.2808896210873147 0.04 0.05271828665568369
0 0.61 0.28665568369028005 0.042222222222222223 0.05930807248764415
0 0.5477777777777778 0.3640856672158155 0.04 0.05271828665568369
0 0.3561111111111111 0.24629324546952225 0.04 0.054365733113673806
0 0.20333333333333334 0.22075782537067545 0.04111111111111111 0.054365733113673806
0 0.4461111111111111 0.3467874794069193 0.04111111111111111 0.054365733113673806
0 0.15333333333333332 0.21252059308072488 0.04111111111111111 0.054365733113673806
0 0.6611111111111111 0.2981878088962109 0.04 0.05271828665568369
0 0.34555555555555556 0.328665568369028 0.03888888888888889 0.05271828665568369
0 0.7627777777777778 0.3130148270181219 0.043333333333333335 0.054365733113673806
0 0.4583333333333333 0.26359143327841844 0.04 0.05271828665568369
0 0.315 0.15074135090609556 0.042222222222222223 0.05930807248764415
0 0.5988888888888889 0.37397034596375617 0.042222222222222223 0.05271828665568369
0 0.5544444444444444 0.3228995057660626 0.03888888888888889 0.04942339373970346
0 0.31555555555555553 0.570840197693575 0.042222222222222223 0.05930807248764415
0 0.19166666666666668 0.3056013179571664 0.04111111111111111 0.054365733113673806
0 0.8622222222222222 0.33031301482701814 0.04111111111111111 0.054365733113673806
0 0.5116666666666667 0.6515650741350906 0.03888888888888889 0.04942339373970346
0 0.14055555555555554 0.2981878088962109 0.044444444444444446 0.05930807248764415
0 0.19777777777777777 0.2627677100494234 0.04111111111111111 0.051070840197693576
0 0.08888888888888889 0.28747940691927515 0.04555555555555556 0.05930807248764415
0 0.8122222222222222 0.32207578253706753 0.04111111111111111 0.054365733113673806
0 0.2594444444444444 0.18616144975288304 0.042222222222222223 0.060955518945634266
0 0.6122222222222222 0.6680395387149918 0.03888888888888889 0.04942339373970346
0 0.5055555555555555 0.6927512355848435 0.043333333333333335 0.054365733113673806
0 0.77 0.6466227347611203 0.04111111111111111 0.05601317957166392