0 0.6572222222222223 0.7059308072487644 0.03666666666666667 0.044481054365733116
0 0.3327777777777778 0.41680395387149916 0.023333333333333334 0.032948929159802305
0 0.5011111111111111 0.45222405271828664 0.042222222222222223 0.044481054365733116
0 0.8605555555555555 0.33360790774299837 0.03666666666666667 0.04118616144975288
0 0.7583333333333333 0.33607907742998355 0.03666666666666667 0.042833607907743
0 0.6555555555555556 0.33607907742998355 0.03333333333333333 0.042833607907743
0 0.5544444444444444 0.6194398682042833 0.03333333333333333 0.04942339373970346
0 0.2922222222222222 0.33360790774299837 0.03777777777777778 0.047775947281713346
0 0.6566666666666666 0.6194398682042833 0.035555555555555556 0.04612850082372323
0 0.6044444444444445 0.33607907742998355 0.03333333333333333 0.039538714991762765
0 0.33444444444444443 0.457166392092257 0.022222222222222223 0.03459637561779242
0 0.5011111111111111 0.21499176276771004 0.04666666666666667 0.02800658978583196
0 0.19166666666666668 0.6219110378912686 0.034444444444444444 0.047775947281713346
0 0.3988888888888889 0.6177924217462932 0.035555555555555556 0.04942339373970346
0 0.9116666666666666 0.29242174629324547 0.034444444444444444 0.047775947281713346
0 0.45055555555555554 0.6194398682042833 0.034444444444444444 0.04612850082372323
0 0.3477777777777778 0.7067545304777595 0.03333333333333333 0.04612850082372323
0 0.3472222222222222 0.6647446457990115 0.03222222222222222 0.04118616144975288
0 0.3461111111111111 0.33360790774299837 0.03222222222222222 0.04118616144975288
0 0.86 0.37397034596375617 0.035555555555555556 0.039538714991762765
0 0.655 0.3747940691927512 0.034444444444444444 0.04118616144975288
0 0.9144444444444444 0.6194398682042833 0.035555555555555556 0.04612850082372323
0 0.13833333333333334 0.3344316309719934 0.034444444444444444 0.039538714991762765
0 0.8622222222222222 0.6186161449752883 0.03333333333333333 0.044481054365733116
0 0.45 0.6655683690280065 0.03333333333333333 0.039538714991762765
0 0.6044444444444445 0.6202635914332785 0.03333333333333333 0.047775947281713346
0 0.4488888888888889 0.33360790774299837 0.03333333333333333 0.03789126853377265
0 0.19166666666666668 0.7084019769357496 0.03666666666666667 0.042833607907743
0 0.9116666666666666 0.3756177924217463 0.03666666666666667 0.042833607907743
0 0.8622222222222222 0.6630971993410214 0.03333333333333333 0.04118616144975288
0 0.8094444444444444 0.3344316309719934 0.034444444444444444 0.042833607907743
0 0.9133333333333333 0.7026359143327842 0.035555555555555556 0.044481054365733116
0 0.085 0.20510708401976935 0.03666666666666667 0.051070840197693576
0 0.2927777777777778 0.28912685337726524 0.034444444444444444 0.04118616144975288
0 0.24055555555555555 0.2957166392092257 0.034444444444444444 0.04118616144975288
0 0.19111111111111112 0.6663920922570017 0.03333333333333333 0.04118616144975288
0 0.2927777777777778 0.24958813838550248 0.034444444444444444 0.03789126853377265
0 0.6061111111111112 0.7042833607907742 0.034444444444444444 0.047775947281713346
0 0.3988888888888889 0.6647446457990115 0.03333333333333333 0.04118616144975288
0 0.8105555555555556 0.6622734761120264 0.034444444444444444 0.039538714991762765
0 0.9116666666666666 0.33607907742998355 0.034444444444444444 0.039538714991762765
0 0.7588888888888888 0.37644151565074135 0.035555555555555556 0.04118616144975288
0 0.7038888888888889 0.24958813838550248 0.034444444444444444 0.044481054365733116
0 0.08555555555555555 0.2940691927512356 0.03777777777777778 0.044481054365733116
0 0.9227777777777778 0.457166392092257 0.025555555555555557 0.03789126853377265
0 0.35944444444444446 0.41680395387149916 0.021111111111111112 0.029654036243822075
0 0.9133333333333333 0.6622734761120264 0.03333333333333333 0.039538714991762765
0 0.8494444444444444 0.45304777594728174 0.021111111111111112 0.032948929159802305
0 0.8483333333333334 0.414332784184514 0.023333333333333334 0.03130148270181219
0 0.36 0.45799011532125206 0.02 0.032948929159802305
0 0.8088888888888889 0.3756177924217463 0.03333333333333333 0.042833607907743
0 0.3977777777777778 0.3369028006589786 0.03333333333333333 0.03789126853377265
0 0.8616666666666667 0.7051070840197694 0.03222222222222222 0.042833607907743
0 0.4494444444444444 0.7059308072487644 0.03222222222222222 0.044481054365733116
0 0.5027777777777778 0.3154859967051071 0.043333333333333335 0.03789126853377265
0 0.8111111111111111 0.7067545304777595 0.035555555555555556 0.04612850082372323
0 0.3983333333333333 0.7051070840197694 0.034444444444444444 0.042833607907743
0 0.8738888888888889 0.45551894563426687 0.023333333333333334 0.03130148270181219
0 0.7055555555555556 0.29489291598023065 0.035555555555555556 0.04612850082372323
0 0.085 0.2504118616144975 0.034444444444444444 0.036243822075782535
0 0.39666666666666667 0.3772652388797364 0.035555555555555556 0.04612850082372323
0 0.5011111111111111 0.14909390444810544 0.04666666666666667 0.03459637561779242
0 0.9233333333333333 0.4975288303130148 0.024444444444444446 0.029654036243822075
0 0.5016666666666667 0.1828665568369028 0.04555555555555556 0.036243822075782535
0 0.5022222222222222 0.2825370675453048 0.044444444444444446 0.03130148270181219
0 0.5005555555555555 0.5411861614497528 0.03 0.044481054365733116
0 0.9227777777777778 0.4159802306425041 0.025555555555555557 0.03459637561779242
0 0.5027777777777778 0.37808896210873144 0.043333333333333335 0.03459637561779242
0 0.5155555555555555 0.7520593080724877 0.022222222222222223 0.02471169686985173
0 0.08555555555555555 0.33031301482701814 0.03777777777777778 0.02471169686985173
0 0.875 0.4159802306425041 0.023333333333333334 0.03130148270181219
0 0.515 0.7257001647446458 0.021111111111111112 0.02800658978583196
0 0.5033333333333333 0.34925864909390447 0.042222222222222223 0.029654036243822075
0 0.5011111111111111 0.24629324546952225 0.044444444444444446 0.03789126853377265
0 0.5011111111111111 0.49670510708401977 0.04 0.044481054365733116
0 0.3972222222222222 0.29242174629324547 0.03666666666666667 0.051070840197693576
0 0.5538888888888889 0.29242174629324547 0.034444444444444444 0.044481054365733116
0 0.6033333333333334 0.2907742998352554 0.035555555555555556 0.051070840197693576
0 0.5516666666666666 0.37644151565074135 0.034444444444444444 0.044481054365733116
0 0.34555555555555556 0.2915980230642504 0.03333333333333333 0.04612850082372323
0 0.18944444444444444 0.2915980230642504 0.034444444444444444 0.04612850082372323
0 0.4483333333333333 0.3756177924217463 0.034444444444444444 0.04612850082372323
0 0.13833333333333334 0.2915980230642504 0.034444444444444444 0.04612850082372323
0 0.6561111111111111 0.29242174629324547 0.034444444444444444 0.044481054365733116
0 0.34555555555555556 0.3747940691927512 0.03333333333333333 0.044481054365733116
0 0.7594444444444445 0.2915980230642504 0.03666666666666667 0.04612850082372323
0 0.4494444444444444 0.29242174629324547 0.034444444444444444 0.044481054365733116
0 0.2922222222222222 0.20510708401976935 0.035555555555555556 0.051070840197693576
0 0.6038888888888889 0.37808896210873144 0.03666666666666667 0.044481054365733116
0 0.5533333333333333 0.33525535420098845 0.03333333333333333 0.04118616144975288
0 0.3477777777777778 0.6186161449752883 0.035555555555555556 0.051070840197693576
0 0.18944444444444444 0.3772652388797364 0.034444444444444444 0.04612850082372323
0 0.8605555555555555 0.2915980230642504 0.034444444444444444 0.04612850082372323
0 0.5544444444444444 0.6647446457990115 0.03333333333333333 0.04118616144975288
0 0.13777777777777778 0.37808896210873144 0.03777777777777778 0.051070840197693576
0 0.19 0.3344316309719934 0.035555555555555556 0.042833607907743
0 0.085 0.3756177924217463 0.03888888888888889 0.04942339373970346
0 0.8094444444444444 0.2915980230642504 0.034444444444444444 0.04612850082372323
0 0.2411111111111111 0.2487644151565074 0.035555555555555556 0.05271828665568369
0 0.6566666666666666 0.6647446457990115 0.03333333333333333 0.04118616144975288
0 0.5538888888888889 0.7067545304777595 0.03666666666666667 0.04612850082372323
0 0.8105555555555556 0.6186161449752883 0.034444444444444444 0.047775947281713346