0 0.38333333333333336 0.38366336633663367 0.034444444444444444 0.04785478547854786
0 0.8966666666666666 0.4892739273927393 0.03888888888888889 0.037953795379537955
0 0.32722222222222225 0.636963696369637 0.03666666666666667 0.028052805280528052
0 0.2827777777777778 0.3118811881188119 0.03333333333333333 0.0462046204620462
0 0.4911111111111111 0.30198019801980197 0.042222222222222223 0.036303630363036306
0 0.49277777777777776 0.13861386138613863 0.043333333333333335 0.037953795379537955
0 0.8966666666666666 0.4504950495049505 0.03777777777777778 0.04950495049504951
0 0.49166666666666664 0.16914191419141913 0.04888888888888889 0.034653465346534656
0 0.42833333333333334 0.7912541254125413 0.035555555555555556 0.041254125412541254
0 0.4872222222222222 0.45627062706270627 0.04 0.041254125412541254
0 0.4938888888888889 0.10478547854785479 0.04555555555555556 0.039603960396039604
0 0.4911111111111111 0.2367986798679868 0.042222222222222223 0.036303630363036306
0 0.8961111111111111 0.4084158415841584 0.035555555555555556 0.04455445544554455
0 0.4272222222222222 0.8308580858085809 0.03666666666666667 0.04950495049504951
0 0.175 0.49174917491749176 0.03666666666666667 0.04785478547854786
0 0.6927777777777778 0.26732673267326734 0.034444444444444444 0.05115511551155116
0 0.12833333333333333 0.2854785478547855 0.034444444444444444 0.0429042904290429
0 0.49166666666666664 0.26897689768976896 0.042222222222222223 0.039603960396039604
0 0.07944444444444444 0.2037953795379538 0.035555555555555556 0.04950495049504951
0 0.3827777777777778 0.42326732673267325 0.034444444444444444 0.034653465346534656
0 0.5522222222222222 0.36468646864686466 0.02666666666666667 0.039603960396039604
0 0.5833333333333334 0.7334983498349835 0.034444444444444444 0.04455445544554455
0 0.17888888888888888 0.3201320132013201 0.035555555555555556 0.04455445544554455
0 0.18 0.28052805280528054 0.035555555555555556 0.04785478547854786
0 0.8983333333333333 0.3292079207920792 0.034444444444444444 0.041254125412541254
0 0.5327777777777778 0.10726072607260725 0.024444444444444446 0.039603960396039604
0 0.4261111111111111 0.8754125412541254 0.03666666666666667 0.05115511551155116
0 0.385 0.30115511551155116 0.034444444444444444 0.0429042904290429
0 0.5827777777777777 0.693069306930693 0.03222222222222222 0.04455445544554455
0 0.22277777777777777 0.6905940594059405 0.035555555555555556 0.0462046204620462
0 0.18166666666666667 0.2367986798679868 0.034444444444444444 0.04950495049504951
0 0.42777777777777776 0.7516501650165016 0.035555555555555556 0.04785478547854786
0 0.49 0.3341584158415842 0.04555555555555556 0.041254125412541254
0 0.6972222222222222 0.09405940594059406 0.035555555555555556 0.05115511551155116
0 0.1738888888888889 0.5305280528052805 0.03777777777777778 0.0462046204620462
0 0.8988888888888888 0.24587458745874588 0.034444444444444444 0.04455445544554455
0 0.13 0.2433993399339934 0.035555555555555556 0.05115511551155116
0 0.6422222222222222 0.31518151815181517 0.034444444444444444 0.04785478547854786
0 0.5827777777777777 0.7755775577557755 0.035555555555555556 0.04950495049504951
0 0.6922222222222222 0.3085808580858086 0.034444444444444444 0.04455445544554455
0 0.5822222222222222 0.8184818481848185 0.035555555555555556 0.0462046204620462
0 0.5277777777777778 0.32425742574257427 0.021111111111111112 0.039603960396039604
0 0.17444444444444446 0.570957095709571 0.03777777777777778 0.04455445544554455
0 0.4922222222222222 0.20297029702970298 0.044444444444444446 0.04455445544554455
0 0.5838888888888889 0.6518151815181518 0.035555555555555556 0.04950495049504951
0 0.5327777777777778 0.15594059405940594 0.025555555555555557 0.037953795379537955
0 0.13166666666666665 0.19884488448844884 0.03333333333333333 0.0462046204620462
0 0.9011111111111111 0.16006600660066006 0.034444444444444444 0.04455445544554455
0 0.22444444444444445 0.6485148514851485 0.034444444444444444 0.04785478547854786
0 0.5861111111111111 0.5272277227722773 0.034444444444444444 0.0429042904290429
0 0.42833333333333334 0.7095709570957096 0.034444444444444444 0.0462046204620462
0 0.325 0.8432343234323433 0.03666666666666667 0.04455445544554455
0 0.8977777777777778 0.3688118811881188 0.034444444444444444 0.04785478547854786
0 0.2288888888888889 0.4414191419141914 0.03333333333333333 0.0429042904290429
0 0.17333333333333334 0.6122112211221122 0.03666666666666667 0.04785478547854786
0 0.07777777777777778 0.2929042904290429 0.03777777777777778 0.04950495049504951
0 0.335 0.2665016501650165 0.034444444444444444 0.04785478547854786
0 0.5533333333333333 0.28217821782178215 0.024444444444444446 0.036303630363036306
0 0.5855555555555556 0.6089108910891089 0.03666666666666667 0.0462046204620462
0 0.32611111111111113 0.8028052805280528 0.035555555555555556 0.0462046204620462
0 0.22777777777777777 0.4801980198019802 0.03666666666666667 0.04455445544554455
0 0.07944444444444444 0.24752475247524752 0.03666666666666667 0.04785478547854786
0 0.22555555555555556 0.6056105610561056 0.03666666666666667 0.04785478547854786
0 0.2827777777777778 0.26815181518151815 0.03222222222222222 0.0462046204620462
0 0.5866666666666667 0.5676567656765676 0.03666666666666667 0.04950495049504951
0 0.8466666666666667 0.2508250825082508 0.034444444444444444 0.0462046204620462
0 0.6422222222222222 0.2731023102310231 0.035555555555555556 0.05115511551155116
0 0.5311111111111111 0.19966996699669967 0.024444444444444446 0.036303630363036306
0 0.7955555555555556 0.2599009900990099 0.03333333333333333 0.04785478547854786
0 0.22666666666666666 0.5206270627062707 0.03666666666666667 0.04950495049504951
0 0.32611111111111113 0.7632013201320133 0.034444444444444444 0.0429042904290429
0 0.8483333333333334 0.16501650165016502 0.035555555555555556 0.052805280528052806
0 0.9005555555555556 0.2037953795379538 0.035555555555555556 0.04950495049504951
0 0.7455555555555555 0.2615511551155115 0.03666666666666667 0.04785478547854786
0 0.42944444444444446 0.6674917491749175 0.03333333333333333 0.04785478547854786
0 0.18388888888888888 0.1485148514851485 0.03777777777777778 0.05115511551155116
0 0.9022222222222223 0.11716171617161716 0.035555555555555556 0.05115511551155116
0 0.6944444444444444 0.22607260726072606 0.03666666666666667 0.04785478547854786
0 0.13277777777777777 0.15346534653465346 0.03666666666666667 0.052805280528052806
0 0.795 0.30198019801980197 0.03333333333333333 0.0462046204620462
0 0.8 0.08333333333333333 0.03777777777777778 0.056105610561056105
0 0.12666666666666668 0.3696369636963696 0.03333333333333333 0.04455445544554455
0 0.17166666666666666 0.6592409240924092 0.03666666666666667 0.052805280528052806
0 0.2222222222222222 0.7318481848184818 0.03888888888888889 0.04950495049504951
0 0.33666666666666667 0.22112211221122113 0.035555555555555556 0.04950495049504951
0 0.18166666666666667 0.19471947194719472 0.035555555555555556 0.04785478547854786
0 0.6944444444444444 0.18234323432343233 0.035555555555555556 0.0462046204620462
0 0.125 0.41006600660066006 0.035555555555555556 0.04950495049504951
0 0.3333333333333333 0.3465346534653465 0.034444444444444444 0.0429042904290429
0 0.6961111111111111 0.14026402640264027 0.03666666666666667 0.04785478547854786
0 0.555 0.23844884488448845 0.024444444444444446 0.041254125412541254
0 0.5811111111111111 0.8605610561056105 0.03777777777777778 0.04785478547854786
0 0.4305555555555556 0.6278877887788779 0.03333333333333333 0.04455445544554455
0 0.6411111111111111 0.3580858085808581 0.03333333333333333 0.04785478547854786
0 0.17722222222222223 0.4051155115511551 0.035555555555555556 0.0462046204620462
0 0.8477777777777777 0.20957095709570958 0.034444444444444444 0.0462046204620462
0 0.6927777777777778 0.34983498349834985 0.034444444444444444 0.04785478547854786
0 0.5888888888888889 0.44471947194719474 0.03666666666666667 0.0462046204620462
0 0.2816666666666667 0.35313531353135313 0.03333333333333333 0.0429042904290429
0 0.9033333333333333 0.07013201320132013 0.03888888888888889 0.052805280528052806
0 0.7977777777777778 0.1716171617161716 0.035555555555555556 0.04785478547854786
0 0.12777777777777777 0.3259075907590759 0.03777777777777778 0.04950495049504951
0 0.22611111111111112 0.5643564356435643 0.03666666666666667 0.04785478547854786
0 0.3827777777777778 0.4628712871287129 0.035555555555555556 0.05115511551155116
0 0.53 0.24257425742574257 0.023333333333333334 0.036303630363036306
0 0.7444444444444445 0.30363036303630364 0.03666666666666667 0.04950495049504951
0 0.5527777777777778 0.32425742574257427 0.024444444444444446 0.034653465346534656
0 0.4411111111111111 0.12211221122112212 0.035555555555555556 0.052805280528052806
0 0.3233333333333333 0.8886138613861386 0.03888888888888889 0.052805280528052806
0 0.5916666666666667 0.28135313531353134 0.034444444444444444 0.0462046204620462
0 0.5372222222222223 0.4892739273927393 0.034444444444444444 0.0462046204620462
0 0.235 0.14356435643564355 0.03666666666666667 0.052805280528052806
0 0.5283333333333333 0.283003300330033 0.023333333333333334 0.037953795379537955
0 0.7988888888888889 0.12953795379537955 0.035555555555555556 0.0462046204620462
0 0.745 0.21699669966996699 0.03666666666666667 0.05115511551155116
0 0.0811111111111111 0.15759075907590758 0.03777777777777778 0.052805280528052806
0 0.23055555555555557 0.2755775577557756 0.034444444444444444 0.0462046204620462
0 0.5955555555555555 0.10561056105610561 0.03777777777777778 0.054455445544554455
0 0.28 0.3952145214521452 0.034444444444444444 0.05115511551155116
0 0.3811111111111111 0.5107260726072608 0.034444444444444444 0.05115511551155116
0 0.8983333333333333 0.28795379537953797 0.035555555555555556 0.04950495049504951
0 0.33 0.5132013201320133 0.03666666666666667 0.0429042904290429
0 0.4338888888888889 0.4603960396039604 0.035555555555555556 0.0429042904290429
0 0.5883333333333334 0.4867986798679868 0.03888888888888889 0.04785478547854786
0 0.23 0.3572607260726073 0.03666666666666667 0.04785478547854786
0 0.6433333333333333 0.23184818481848185 0.034444444444444444 0.04455445544554455
0 0.43277777777777776 0.5016501650165016 0.035555555555555556 0.04950495049504951
0 0.2338888888888889 0.18976897689768976 0.035555555555555556 0.04950495049504951
0 0.5361111111111111 0.5742574257425742 0.035555555555555556 0.04785478547854786
0 0.22944444444444445 0.31600660066006603 0.03666666666666667 0.04785478547854786
0 0.3372222222222222 0.1782178217821782 0.035555555555555556 0.0462046204620462
0 0.32722222222222225 0.6765676567656765 0.03333333333333333 0.05115511551155116
0 0.2288888888888889 0.40016501650165015 0.03666666666666667 0.05115511551155116
0 0.34 0.1311881188118812 0.034444444444444444 0.05115511551155116
0 0.5911111111111111 0.3217821782178218 0.034444444444444444 0.04455445544554455
0 0.23222222222222222 0.23267326732673269 0.035555555555555556 0.04950495049504951
0 0.43166666666666664 0.5429042904290429 0.034444444444444444 0.0462046204620462
0 0.17833333333333334 0.36303630363036304 0.035555555555555556 0.05115511551155116
0 0.385 0.34075907590759075 0.035555555555555556 0.04455445544554455
0 0.8466666666666667 0.29455445544554454 0.03666666666666667 0.05115511551155116
0 0.43777777777777777 0.29455445544554454 0.03333333333333333 0.041254125412541254
0 0.7972222222222223 0.21617161716171618 0.035555555555555556 0.04950495049504951
0 0.3338888888888889 0.3069306930693069 0.034444444444444444 0.0462046204620462
0 0.48777777777777775 0.4075907590759076 0.043333333333333335 0.04950495049504951
0 0.5366666666666666 0.5313531353135313 0.035555555555555556 0.04785478547854786
0 0.17555555555555555 0.44801980198019803 0.035555555555555556 0.0462046204620462
0 0.44055555555555553 0.21204620462046206 0.03222222222222222 0.0429042904290429
0 0.43166666666666664 0.584983498349835 0.035555555555555556 0.04785478547854786
0 0.4411111111111111 0.16914191419141913 0.034444444444444444 0.04785478547854786
0 0.5894444444444444 0.4034653465346535 0.034444444444444444 0.0462046204620462
0 0.33 0.551980198019802 0.035555555555555556 0.0462046204620462
0 0.595 0.15099009900990099 0.03666666666666667 0.0462046204620462
0 0.43555555555555553 0.3787128712871287 0.03222222222222222 0.0429042904290429
0 0.32722222222222225 0.721947194719472 0.03666666666666667 0.04950495049504951
0 0.5911111111111111 0.3613861386138614 0.035555555555555556 0.04455445544554455
0 0.38722222222222225 0.25825082508250824 0.034444444444444444 0.05115511551155116
0 0.3288888888888889 0.5981848184818482 0.04 0.052805280528052806
0 0.6438888888888888 0.18894389438943895 0.03666666666666667 0.05115511551155116
0 0.33166666666666667 0.38778877887788776 0.035555555555555556 0.04950495049504951
0 0.33166666666666667 0.4306930693069307 0.034444444444444444 0.0462046204620462
0 0.5377777777777778 0.44801980198019803 0.034444444444444444 0.0462046204620462
0 0.5388888888888889 0.40594059405940597 0.035555555555555556 0.04785478547854786
0 0.5938888888888889 0.19471947194719472 0.03666666666666667 0.05115511551155116
0 0.33111111111111113 0.47277227722772275 0.03666666666666667 0.04785478547854786
0 0.4338888888888889 0.4207920792079208 0.034444444444444444 0.0462046204620462
0 0.43777777777777777 0.33663366336633666 0.034444444444444444 0.04950495049504951
0 0.4388888888888889 0.25412541254125415 0.035555555555555556 0.04950495049504951
0 0.5938888888888889 0.2400990099009901 0.03333333333333333 0.0462046204620462