0 0.761875 0.25712025316455694 0.02375 0.030063291139240507
0 0.91875 0.6099683544303798 0.0425 0.03955696202531646
0 0.530625 0.567246835443038 0.025 0.02531645569620253
0 0.764375 0.3536392405063291 0.035 0.03481012658227848
0 0.830625 0.7610759493670886 0.04125 0.04430379746835443
0 0.849375 0.6242088607594937 0.025 0.03164556962025317
0 0.7075 0.435126582278481 0.02625 0.03164556962025317
0 0.735625 0.26582278481012656 0.025 0.030063291139240507
0 0.82625 0.7294303797468354 0.04125 0.04430379746835443
0 0.84625 0.5925632911392406 0.02625 0.03164556962025317
0 0.2825 0.4825949367088608 0.0375 0.04430379746835443
0 0.82 0.2737341772151899 0.025 0.03322784810126582
0 0.2775 0.4572784810126582 0.04 0.0490506329113924
0 0.50875 0.49920886075949367 0.03125 0.030063291139240507
0 0.820625 0.6954113924050633 0.03875 0.04113924050632911
0 0.83625 0.7919303797468354 0.04125 0.04113924050632911
0 0.841875 0.3995253164556962 0.02625 0.03481012658227848
0 0.73375 0.4295886075949367 0.02375 0.03322784810126582
0 0.286875 0.5166139240506329 0.0375 0.04588607594936709
0 0.806875 0.6020569620253164 0.03875 0.04588607594936709
0 0.479375 0.3314873417721519 0.03375 0.0379746835443038
0 0.835625 0.3662974683544304 0.0225 0.030063291139240507
0 0.879375 0.7151898734177216 0.03875 0.04272151898734177
0 0.84125 0.560126582278481 0.02625 0.03164556962025317
0 0.77 0.38686708860759494 0.04125 0.04588607594936709
0 0.306875 0.6416139240506329 0.0375 0.0379746835443038
0 0.81625 0.6653481012658228 0.03875 0.03955696202531646
0 0.87375 0.6835443037974683 0.035 0.0379746835443038
0 0.49125 0.3939873417721519 0.035 0.04430379746835443
0 0.715 0.40189873417721517 0.04 0.04113924050632911
0 0.185625 0.9311708860759493 0.0375 0.04113924050632911
0 0.485625 0.36075949367088606 0.035 0.03481012658227848
0 0.335625 0.46835443037974683 0.03875 0.03955696202531646
0 0.88375 0.747626582278481 0.04 0.04588607594936709
0 0.7125 0.7254746835443038 0.03875 0.03955696202531646
0 0.86875 0.6503164556962026 0.035 0.04113924050632911
0 0.814375 0.5680379746835443 0.02625 0.03322784810126582
0 0.108125 0.46281645569620256 0.03875 0.04588607594936709
0 0.153125 0.7460443037974683 0.0375 0.04430379746835443
0 0.18 0.9003164556962026 0.03625 0.04113924050632911
0 0.218125 0.7919303797468354 0.03375 0.03639240506329114
0 0.60625 0.43037974683544306 0.03875 0.04272151898734177
0 0.853125 0.46281645569620256 0.02375 0.03164556962025317
0 0.799375 0.3125 0.02375 0.03164556962025317
0 0.90875 0.5450949367088608 0.04 0.04272151898734177
0 0.856875 0.4920886075949367 0.025 0.03164556962025317
0 0.835625 0.5308544303797469 0.02625 0.03164556962025317
0 0.664375 0.7729430379746836 0.03875 0.03955696202531646
0 0.2925 0.5466772151898734 0.03625 0.04113924050632911
0 0.871875 0.32832278481012656 0.035 0.03639240506329114
0 0.78125 0.5443037974683544 0.025 0.03322784810126582
0 0.83125 0.3370253164556962 0.025 0.03322784810126582
0 0.121875 0.560126582278481 0.04 0.04113924050632911
0 0.904375 0.5142405063291139 0.04 0.04272151898734177
0 0.811875 0.634493670886076 0.03875 0.04588607594936709
0 0.91375 0.5767405063291139 0.0425 0.04430379746835443
0 0.16875 0.8378164556962026 0.0375 0.04113924050632911
0 0.66875 0.803006329113924 0.04 0.04113924050632911
0 0.89375 0.4525316455696203 0.0325 0.0379746835443038
0 0.80875 0.5379746835443038 0.02625 0.03164556962025317
0 0.80375 0.5063291139240507 0.02625 0.030063291139240507
0 0.72125 0.7911392405063291 0.03875 0.03955696202531646
0 0.18375 0.5751582278481012 0.035 0.03639240506329114
0 0.17375 0.8694620253164557 0.0375 0.04113924050632911
0 0.494375 0.752373417721519 0.0375 0.04113924050632911
0 0.70125 0.6653481012658228 0.04 0.04430379746835443
0 0.659375 0.7420886075949367 0.03875 0.04272151898734177
0 0.2625 0.7159810126582279 0.03875 0.04272151898734177
0 0.455625 0.8639240506329114 0.03875 0.04113924050632911
0 0.4025 0.877373417721519 0.03875 0.04272151898734177
0 0.601875 0.40110759493670883 0.03875 0.04272151898734177
0 0.51625 0.8789556962025317 0.0375 0.04272151898734177
0 0.4075 0.9090189873417721 0.04125 0.04113924050632911
0 0.1675 0.4825949367088608 0.0375 0.04272151898734177
0 0.686875 0.569620253164557 0.03875 0.04113924050632911
0 0.433125 0.375 0.03875 0.04588607594936709
0 0.866875 0.29667721518987344 0.04 0.04430379746835443
0 0.193125 0.6368670886075949 0.03625 0.04113924050632911
0 0.335625 0.8283227848101266 0.03875 0.04272151898734177
0 0.25375 0.6542721518987342 0.03875 0.04113924050632911
0 0.44125 0.7689873417721519 0.03875 0.0379746835443038
0 0.6425 0.6495253164556962 0.03625 0.04113924050632911
0 0.2775 0.8125 0.03875 0.04272151898734177
0 0.1725 0.5110759493670886 0.0375 0.03955696202531646
0 0.49 0.7231012658227848 0.03625 0.03955696202531646
0 0.325625 0.40585443037974683 0.04 0.04588607594936709
0 0.395 0.4849683544303797 0.03625 0.04113924050632911
0 0.48 0.6598101265822784 0.0375 0.04113924050632911
0 0.46125 0.8939873417721519 0.04125 0.04113924050632911
0 0.14875 0.7143987341772152 0.03875 0.04113924050632911
0 0.39125 0.814873417721519 0.04125 0.04588607594936709
0 0.883125 0.38924050632911394 0.0375 0.04113924050632911
0 0.66 0.41455696202531644 0.03625 0.03955696202531646
0 0.6475 0.6795886075949367 0.03875 0.04272151898734177
0 0.1775 0.5443037974683544 0.0375 0.04272151898734177
0 0.37 0.6875 0.04 0.04430379746835443
0 0.213125 0.7618670886075949 0.03875 0.04113924050632911
0 0.611875 0.7856012658227848 0.03625 0.04113924050632911
0 0.676875 0.509493670886076 0.03375 0.0379746835443038
0 0.35625 0.5949367088607594 0.03875 0.04272151898734177
0 0.326875 0.7674050632911392 0.0375 0.04113924050632911
0 0.631875 0.5862341772151899 0.03625 0.03955696202531646
0 0.580625 0.6012658227848101 0.035 0.03639240506329114
0 0.41 0.5814873417721519 0.03625 0.04113924050632911
0 0.22625 0.49841772151898733 0.0375 0.04113924050632911
0 0.6 0.7246835443037974 0.03625 0.04113924050632911
0 0.45875 0.5332278481012658 0.03875 0.04272151898734177
0 0.44625 0.7982594936708861 0.03875 0.04113924050632911
0 0.739375 0.46044303797468356 0.0275 0.03322784810126582
0 0.635625 0.6162974683544303 0.03875 0.04272151898734177
0 0.553125 0.4454113924050633 0.03625 0.03955696202531646
0 0.138125 0.6518987341772152 0.04 0.04272151898734177
0 0.88875 0.4208860759493671 0.04 0.04272151898734177
0 0.6275 0.5561708860759493 0.0375 0.03955696202531646
0 0.65625 0.38449367088607594 0.0375 0.04113924050632911
0 0.710625 0.37183544303797467 0.03875 0.04272151898734177
0 0.65125 0.3536392405063291 0.03875 0.04272151898734177
0 0.353125 0.9240506329113924 0.0425 0.04272151898734177
0 0.605625 0.754746835443038 0.03625 0.04113924050632911
0 0.22125 0.46677215189873417 0.0375 0.04113924050632911
0 0.419375 0.6416139240506329 0.0375 0.03955696202531646
0 0.505 0.8164556962025317 0.04125 0.04430379746835443
0 0.70625 0.33939873417721517 0.0375 0.04113924050632911
0 0.36125 0.6265822784810127 0.03875 0.04113924050632911
0 0.23125 0.5300632911392406 0.0375 0.04588607594936709
0 0.31125 0.6708860759493671 0.03875 0.04272151898734177
0 0.414375 0.6115506329113924 0.0375 0.04113924050632911
0 0.59625 0.3686708860759494 0.03875 0.04113924050632911
0 0.484375 0.6914556962025317 0.03875 0.04272151898734177
0 0.344375 0.5324367088607594 0.03875 0.04272151898734177
0 0.35125 0.5617088607594937 0.03875 0.04272151898734177
0 0.645 0.3204113924050633 0.03875 0.04430379746835443
0 0.2475 0.6234177215189873 0.0375 0.04113924050632911
0 0.425 0.6724683544303798 0.0375 0.04430379746835443
0 0.38125 0.752373417721519 0.03875 0.04272151898734177
0 0.3175 0.7025316455696202 0.03875 0.04272151898734177
0 0.203125 0.7001582278481012 0.035 0.0379746835443038
0 0.346875 0.8924050632911392 0.03875 0.04272151898734177
0 0.379375 0.3916139240506329 0.04 0.04588607594936709
0 0.670625 0.4778481012658228 0.035 0.03639240506329114
0 0.695 0.27689873417721517 0.03875 0.04430379746835443
0 0.389375 0.45569620253164556 0.04 0.04113924050632911
0 0.616875 0.817246835443038 0.0375 0.04272151898734177
0 0.43625 0.7381329113924051 0.0375 0.04272151898734177
0 0.37625 0.7199367088607594 0.04 0.04113924050632911
0 0.298125 0.5775316455696202 0.03875 0.04113924050632911
0 0.385625 0.7840189873417721 0.04 0.04113924050632911
0 0.44875 0.47310126582278483 0.03875 0.04272151898734177
0 0.584375 0.6313291139240507 0.0375 0.04430379746835443
0 0.2675 0.7492088607594937 0.03875 0.04430379746835443
0 0.1975 0.6685126582278481 0.03875 0.04272151898734177
0 0.4 0.5150316455696202 0.03625 0.04113924050632911
0 0.54375 0.3829113924050633 0.0375 0.03955696202531646
0 0.451875 0.8314873417721519 0.04125 0.04588607594936709
0 0.616875 0.4936708860759494 0.0375 0.04113924050632911
0 0.3225 0.7349683544303798 0.03875 0.04272151898734177
0 0.385 0.4248417721518987 0.03875 0.04272151898734177
0 0.590625 0.6629746835443038 0.03875 0.04272151898734177
0 0.665 0.4462025316455696 0.03625 0.04113924050632911
0 0.700625 0.30933544303797467 0.0375 0.04113924050632911
0 0.30375 0.6099683544303798 0.04 0.04430379746835443
0 0.558125 0.47705696202531644 0.035 0.0379746835443038
0 0.610625 0.4620253164556962 0.03875 0.04272151898734177
0 0.56875 0.5371835443037974 0.03625 0.03955696202531646
0 0.54875 0.41455696202531644 0.03875 0.04430379746835443
0 0.405 0.5490506329113924 0.03875 0.04430379746835443
0 0.623125 0.5253164556962026 0.03875 0.04272151898734177
0 0.241875 0.5925632911392406 0.0375 0.04430379746835443
0 0.590625 0.3346518987341772 0.04125 0.04588607594936709
0 0.56375 0.5087025316455697 0.035 0.0379746835443038
0 0.47 0.5981012658227848 0.0375 0.04272151898734177
0 0.464375 0.5656645569620253 0.03875 0.04272151898734177
0 0.438125 0.4098101265822785 0.03875 0.04272151898734177
0 0.444375 0.442246835443038 0.03625 0.03955696202531646
0 0.538125 0.34968354430379744 0.0425 0.04746835443037975
0 0.575 0.569620253164557 0.03875 0.04430379746835443
0 0.2725 0.7808544303797469 0.0375 0.03955696202531646
0 0.33125 0.43829113924050633 0.03875 0.04272151898734177
0 0.7725 0.4833860759493671 0.02625 0.0379746835443038
0 0.69625 0.6329113924050633 0.0375 0.03955696202531646
0 0.223125 0.8243670886075949 0.04 0.04430379746835443
0 0.716875 0.757120253164557 0.04 0.04430379746835443
0 0.898125 0.4825949367088608 0.03625 0.04113924050632911
0 0.775625 0.4200949367088608 0.03875 0.0379746835443038
0 0.1875 0.6060126582278481 0.0375 0.04272151898734177
0 0.510625 0.8481012658227848 0.0375 0.03955696202531646
0 0.22875 0.8568037974683544 0.03875 0.04113924050632911
0 0.535625 0.5878164556962026 0.02375 0.02531645569620253
0 0.5425 0.627373417721519 0.0225 0.023734177215189875
0 0.54625 0.6455696202531646 0.02125 0.022151898734177215
0 0.3425 0.8591772151898734 0.0375 0.04272151898734177
0 0.7075 0.6977848101265823 0.0375 0.04113924050632911
0 0.270625 0.42167721518987344 0.0375 0.04430379746835443
0 0.233125 0.8876582278481012 0.04 0.04113924050632911
0 0.496875 0.4287974683544304 0.0375 0.04588607594936709
0 0.236875 0.560126582278481 0.035 0.03481012658227848
0 0.118125 0.5276898734177216 0.04125 0.04430379746835443
0 0.16125 0.4485759493670886 0.0375 0.04272151898734177
0 0.85625 0.23180379746835442 0.04 0.04430379746835443
0 0.21625 0.43354430379746833 0.03875 0.04272151898734177
0 0.1575 0.7768987341772152 0.03625 0.04113924050632911
0 0.258125 0.685126582278481 0.0375 0.04113924050632911
0 0.825625 0.30537974683544306 0.025 0.03164556962025317
0 0.761875 0.32436708860759494 0.035 0.03955696202531646
0 0.51375 0.5245253164556962 0.035 0.03481012658227848
0 0.53875 0.6083860759493671 0.0225 0.02689873417721519
0 0.75625 0.2903481012658228 0.03875 0.03955696202531646
0 0.555 0.7776898734177216 0.03625 0.03639240506329114
0 0.245625 0.9501582278481012 0.04125 0.04272151898734177
0 0.163125 0.8085443037974683 0.03875 0.04113924050632911
0 0.83125 0.49841772151898733 0.025 0.03322784810126582
0 0.133125 0.6210443037974683 0.04125 0.04113924050632911
0 0.848125 0.43037974683544306 0.02625 0.03639240506329114
0 0.396875 0.8457278481012658 0.03875 0.03955696202531646
0 0.780625 0.44699367088607594 0.0375 0.0379746835443038
0 0.7775 0.5142405063291139 0.02625 0.03322784810126582
0 0.79625 0.28085443037974683 0.025 0.03481012658227848
0 0.711875 0.46677215189873417 0.02625 0.03481012658227848
0 0.12625 0.5901898734177216 0.04125 0.04113924050632911
0 0.300625 0.9367088607594937 0.04 0.04272151898734177
0 0.500625 0.7832278481012658 0.03875 0.04113924050632911
0 0.191875 0.9643987341772152 0.04625 0.04746835443037975
0 0.595625 0.694620253164557 0.035 0.03639240506329114
0 0.283125 0.8433544303797469 0.03875 0.04113924050632911
0 0.208125 0.7310126582278481 0.03875 0.04430379746835443
0 0.674375 0.8346518987341772 0.04125 0.04430379746835443
0 0.68125 0.5395569620253164 0.03625 0.03955696202531646
0 0.331875 0.7974683544303798 0.03625 0.04113924050632911
0 0.81 0.37579113924050633 0.02625 0.03322784810126582
0 0.1125 0.495253164556962 0.04 0.04272151898734177
0 0.43 0.7056962025316456 0.03375 0.03639240506329114
0 0.294375 0.9042721518987342 0.03875 0.04272151898734177
0 0.8625 0.26582278481012656 0.0375 0.04113924050632911
0 0.36625 0.6574367088607594 0.0375 0.03955696202531646
0 0.288125 0.8734177215189873 0.0375 0.03955696202531646
0 0.33875 0.49841772151898733 0.04125 0.04430379746835443
0 0.65375 0.7096518987341772 0.03625 0.04113924050632911
0 0.45375 0.504746835443038 0.0375 0.03955696202531646
0 0.876875 0.3583860759493671 0.0375 0.04272151898734177
0 0.815 0.4050632911392405 0.02375 0.03481012658227848
0 0.621875 0.8488924050632911 0.035 0.03639240506329114
0 0.8 0.47705696202531644 0.03 0.0379746835443038
0 0.475625 0.6289556962025317 0.03625 0.03955696202531646
0 0.825625 0.46914556962025317 0.02625 0.03322784810126582
0 0.691875 0.6012658227848101 0.04 0.04430379746835443
0 0.728125 0.8212025316455697 0.035 0.0379746835443038
0 0.805 0.34572784810126583 0.02375 0.030063291139240507
0 0.82 0.43670886075949367 0.02625 0.03322784810126582
0 0.239375 0.9193037974683544 0.04 0.04272151898734177
0 0.14375 0.682753164556962 0.03875 0.04272151898734177