0 0.20133333333333334 0.340625 0.042666666666666665 0.034375
0 0.09266666666666666 0.36875 0.04133333333333333 0.03125
0 0.4613333333333333 0.30390625 0.030666666666666665 0.0265625
0 0.762 0.2 0.04 0.0328125
0 0.498 0.26796875 0.04 0.03125
0 0.36466666666666664 0.30078125 0.04133333333333333 0.03125
0 0.55 0.77578125 0.025333333333333333 0.0328125
0 0.29533333333333334 0.8765625 0.042666666666666665 0.04375
0 0.24266666666666667 0.88984375 0.042666666666666665 0.040625
0 0.7126666666666667 0.475 0.030666666666666665 0.0375
0 0.17133333333333334 0.5 0.042666666666666665 0.0453125
0 0.7386666666666667 0.6140625 0.029333333333333333 0.034375
0 0.18666666666666668 0.903125 0.04 0.0453125
0 0.6946666666666667 0.3703125 0.03333333333333333 0.0421875
0 0.22266666666666668 0.7828125 0.042666666666666665 0.04375
0 0.698 0.77421875 0.04133333333333333 0.0421875
0 0.6753333333333333 0.26171875 0.030666666666666665 0.0359375
0 0.4053333333333333 0.84921875 0.03866666666666667 0.0375
0 0.30866666666666664 0.94765625 0.04133333333333333 0.0421875
0 0.628 0.38671875 0.04133333333333333 0.040625
0 0.8173333333333334 0.74375 0.030666666666666665 0.0359375
0 0.792 0.7484375 0.029333333333333333 0.0375
0 0.14133333333333334 0.65546875 0.04133333333333333 0.0390625
0 0.16666666666666666 0.796875 0.04 0.040625
0 0.8606666666666667 0.4359375 0.04533333333333334 0.046875
0 0.8293333333333334 0.809375 0.03333333333333333 0.0390625
0 0.18933333333333333 0.60546875 0.04133333333333333 0.0421875
0 0.22866666666666666 0.81875 0.04133333333333333 0.0421875
0 0.6506666666666666 0.81796875 0.042666666666666665 0.0421875
0 0.4653333333333333 0.8703125 0.04 0.0421875
0 0.704 0.8078125 0.04133333333333333 0.0421875
0 0.6053333333333333 0.8703125 0.04 0.0390625
0 0.4166666666666667 0.91796875 0.04133333333333333 0.04375
0 0.2833333333333333 0.80625 0.042666666666666665 0.04375
0 0.448 0.23203125 0.032 0.0359375
0 0.19866666666666666 0.9734375 0.03866666666666667 0.0421875
0 0.682 0.4453125 0.032 0.0359375
0 0.30133333333333334 0.91171875 0.042666666666666665 0.04375
0 0.21266666666666667 0.415625 0.037333333333333336 0.0421875
0 0.6573333333333333 0.853125 0.04133333333333333 0.04375
0 0.276 0.76953125 0.044 0.0453125
0 0.598 0.834375 0.04533333333333334 0.046875
0 0.822 0.7765625 0.030666666666666665 0.0375
0 0.7733333333333333 0.56953125 0.04 0.04375
0 0.7433333333333333 0.65 0.037333333333333336 0.0421875
0 0.4573333333333333 0.834375 0.04 0.04375
0 0.656 0.303125 0.030666666666666665 0.0359375
0 0.5853333333333334 0.7625 0.03866666666666667 0.0390625
0 0.19133333333333333 0.9375 0.04 0.04375
0 0.444 0.2046875 0.030666666666666665 0.0328125
0 0.638 0.7515625 0.03866666666666667 0.040625
0 0.798 0.784375 0.030666666666666665 0.0375
0 0.7333333333333333 0.57890625 0.03333333333333333 0.040625
0 0.866 0.47265625 0.042666666666666665 0.04375
0 0.6326666666666667 0.71875 0.03866666666666667 0.0421875
0 0.13533333333333333 0.6203125 0.04666666666666667 0.05
0 0.30533333333333335 0.61328125 0.03866666666666667 0.0390625
0 0.5226666666666666 0.4125 0.04 0.0421875
0 0.17333333333333334 0.83203125 0.042666666666666665 0.04375
0 0.71 0.84140625 0.04133333333333333 0.0390625
0 0.28933333333333333 0.84140625 0.042666666666666665 0.040625
0 0.6473333333333333 0.49296875 0.04 0.0421875
0 0.5353333333333333 0.48125 0.03866666666666667 0.0390625
0 0.592 0.79765625 0.042666666666666665 0.04375
0 0.178 0.53515625 0.042666666666666665 0.0421875
0 0.29933333333333334 0.57890625 0.04133333333333333 0.04375
0 0.804 0.8171875 0.032 0.0421875
0 0.5673333333333334 0.65859375 0.04133333333333333 0.04375
0 0.8706666666666667 0.8 0.042666666666666665 0.0421875
0 0.6066666666666667 0.575 0.04 0.0421875
0 0.20266666666666666 0.67734375 0.04 0.0421875
0 0.6266666666666667 0.68203125 0.04133333333333333 0.0484375
0 0.838 0.62890625 0.042666666666666665 0.0453125
0 0.42 0.621875 0.03866666666666667 0.040625
0 0.6193333333333333 0.646875 0.04133333333333333 0.0421875
0 0.7013333333333334 0.553125 0.034666666666666665 0.04375
0 0.6866666666666666 0.48046875 0.03333333333333333 0.0390625
0 0.29333333333333333 0.54453125 0.04133333333333333 0.0421875
0 0.18466666666666667 0.56953125 0.04133333333333333 0.0421875
0 0.6666666666666666 0.5984375 0.04 0.0421875
0 0.7746666666666666 0.27421875 0.03866666666666667 0.040625
0 0.3606666666666667 0.60390625 0.04 0.04375
0 0.858 0.734375 0.042666666666666665 0.0421875
0 0.21866666666666668 0.45 0.042666666666666665 0.0421875
0 0.24 0.55703125 0.04133333333333333 0.040625
0 0.556 0.2890625 0.04 0.0453125
0 0.41533333333333333 0.58828125 0.04 0.040625
0 0.5606666666666666 0.6234375 0.04133333333333333 0.0453125
0 0.548 0.553125 0.04 0.0421875
0 0.4266666666666667 0.3609375 0.04 0.0421875
0 0.09733333333333333 0.4046875 0.044 0.046875
0 0.6533333333333333 0.525 0.04 0.0421875
0 0.10866666666666666 0.47421875 0.044 0.0421875
0 0.7866666666666666 0.3453125 0.04133333333333333 0.0421875
0 0.6906666666666667 0.73984375 0.042666666666666665 0.04375
0 0.448 0.46875 0.03866666666666667 0.040625
0 0.7993333333333333 0.415625 0.04133333333333333 0.0421875
0 0.446 0.765625 0.042666666666666665 0.04375
0 0.834 0.29609375 0.042666666666666665 0.04375
0 0.44 0.73046875 0.04133333333333333 0.04375
0 0.818 0.52109375 0.03866666666666667 0.0453125
0 0.6626666666666666 0.3390625 0.032 0.040625
0 0.51 0.34140625 0.04 0.04375
0 0.5606666666666666 0.328125 0.04133333333333333 0.0453125
0 0.6713333333333333 0.6328125 0.04133333333333333 0.04375
0 0.31666666666666665 0.35 0.04 0.0453125
0 0.794 0.37890625 0.042666666666666665 0.04375
0 0.45266666666666666 0.503125 0.04 0.0453125
0 0.38266666666666665 0.41171875 0.04 0.040625
0 0.25733333333333336 0.66328125 0.04133333333333333 0.0421875
0 0.7846666666666666 0.63828125 0.04 0.04375
0 0.232 0.521875 0.044 0.0453125
0 0.268 0.403125 0.042666666666666665 0.04375
0 0.25133333333333335 0.628125 0.042666666666666665 0.0421875
0 0.196 0.64140625 0.04133333333333333 0.04375
0 0.53 0.446875 0.04133333333333333 0.040625
0 0.734 0.359375 0.042666666666666665 0.0421875
0 0.634 0.42109375 0.04 0.0421875
0 0.16466666666666666 0.4625 0.04133333333333333 0.04375
0 0.28 0.47265625 0.042666666666666665 0.0453125
0 0.44133333333333336 0.43515625 0.04 0.04375
0 0.274 0.4375 0.04 0.0421875
0 0.5873333333333334 0.4703125 0.042666666666666665 0.04375
0 0.6 0.53828125 0.04 0.0453125
0 0.5813333333333334 0.434375 0.04 0.0421875
0 0.7146666666666667 0.2515625 0.044 0.046875
0 0.7206666666666667 0.28828125 0.04 0.0421875
0 0.826 0.55625 0.04133333333333333 0.040625
0 0.45466666666666666 0.26796875 0.03333333333333333 0.0390625
0 0.47933333333333333 0.4078125 0.034666666666666665 0.0359375
0 0.48533333333333334 0.44296875 0.036 0.0421875
0 0.4726666666666667 0.37109375 0.037333333333333336 0.0453125
0 0.45866666666666667 0.28984375 0.030666666666666665 0.021875
0 0.6013333333333334 0.2421875 0.04 0.03125
0 0.4673333333333333 0.575 0.04 0.040625
0 0.426 0.6546875 0.03866666666666667 0.0421875
0 0.20666666666666667 0.378125 0.03866666666666667 0.040625
0 0.828 0.26171875 0.04133333333333333 0.0421875
0 0.4713333333333333 0.9046875 0.044 0.0453125
0 0.726 0.54375 0.032 0.0375
0 0.12866666666666668 0.5828125 0.04133333333333333 0.04375
0 0.8313333333333334 0.59140625 0.04 0.04375
0 0.46 0.540625 0.04 0.04375
0 0.7013333333333334 0.4046875 0.029333333333333333 0.0359375
0 0.452 0.80078125 0.04133333333333333 0.040625
0 0.4106666666666667 0.8828125 0.042666666666666665 0.04375
0 0.5933333333333334 0.50390625 0.04 0.040625
0 0.58 0.728125 0.04133333333333333 0.0453125
0 0.644 0.784375 0.04 0.0421875
0 0.236 0.8546875 0.042666666666666665 0.04375
0 0.7066666666666667 0.58828125 0.032 0.0375
0 0.8453333333333334 0.6640625 0.04 0.0421875
0 0.6926666666666667 0.51484375 0.030666666666666665 0.0390625
0 0.7786666666666666 0.6046875 0.04 0.040625
0 0.688 0.33359375 0.032 0.0390625
0 0.22533333333333333 0.48515625 0.04533333333333334 0.046875
0 0.15533333333333332 0.72734375 0.04133333333333333 0.0453125
0 0.392 0.7796875 0.04133333333333333 0.0453125
0 0.21 0.71328125 0.04133333333333333 0.0453125
0 0.7966666666666666 0.7109375 0.042666666666666665 0.0421875
0 0.18066666666666667 0.86796875 0.04133333333333333 0.0421875
0 0.7133333333333334 0.62265625 0.03333333333333333 0.0421875
0 0.846 0.36640625 0.042666666666666665 0.04375
0 0.65 0.2671875 0.032 0.040625
0 0.574 0.69296875 0.04 0.0390625
0 0.21533333333333332 0.74765625 0.042666666666666665 0.0421875
0 0.684 0.703125 0.04533333333333334 0.046875
0 0.14866666666666667 0.690625 0.04133333333333333 0.0453125
0 0.7666666666666667 0.53359375 0.04 0.0421875
0 0.4206666666666667 0.32421875 0.04 0.0453125
0 0.6673333333333333 0.37421875 0.032 0.0390625
0 0.16133333333333333 0.7625 0.04133333333333333 0.0421875
0 0.122 0.54765625 0.04133333333333333 0.04375
0 0.8533333333333334 0.40078125 0.04533333333333334 0.0421875
0 0.7073333333333334 0.4390625 0.03333333333333333 0.0390625
0 0.7913333333333333 0.675 0.042666666666666665 0.04375
0 0.8513333333333334 0.69921875 0.04133333333333333 0.0421875
0 0.116 0.51015625 0.042666666666666665 0.0453125
0 0.6773333333333333 0.6671875 0.04133333333333333 0.0421875
0 0.864 0.7671875 0.04133333333333333 0.040625
0 0.24533333333333332 0.5921875 0.044 0.046875
0 0.682 0.29765625 0.03333333333333333 0.040625
0 0.3993333333333333 0.81640625 0.042666666666666665 0.0453125
0 0.152 0.38984375 0.042666666666666665 0.0421875
0 0.15933333333333333 0.4265625 0.04133333333333333 0.0453125
0 0.6753333333333333 0.41015625 0.034666666666666665 0.0421875
0 0.4086666666666667 0.55546875 0.04133333333333333 0.0421875
0 0.8413333333333334 0.3296875 0.042666666666666665 0.0421875
0 0.37266666666666665 0.6734375 0.04 0.0421875
0 0.7533333333333333 0.46484375 0.04 0.0421875
0 0.8133333333333334 0.4859375 0.04133333333333333 0.040625
0 0.7193333333333334 0.50859375 0.036 0.040625
0 0.27 0.734375 0.044 0.0453125
0 0.104 0.44140625 0.044 0.04375
0 0.8213333333333334 0.2234375 0.042666666666666665 0.0484375
0 0.264 0.69921875 0.042666666666666665 0.04375
0 0.384 0.74375 0.04133333333333333 0.0453125
0 0.6593333333333333 0.5609375 0.042666666666666665 0.046875
0 0.576 0.4 0.04133333333333333 0.04375
0 0.6086666666666667 0.27890625 0.04533333333333334 0.0453125
0 0.39466666666666667 0.48359375 0.042666666666666665 0.04375
0 0.6413333333333333 0.45703125 0.042666666666666665 0.04375
0 0.37866666666666665 0.7078125 0.042666666666666665 0.04375
0 0.434 0.3984375 0.04 0.046875
0 0.7406666666666667 0.39296875 0.042666666666666665 0.0421875
0 0.36933333333333335 0.33671875 0.04133333333333333 0.0421875
0 0.622 0.3515625 0.03866666666666667 0.04375
0 0.5546666666666666 0.5875 0.04133333333333333 0.04375
0 0.402 0.51953125 0.04533333333333334 0.046875
0 0.7273333333333334 0.32421875 0.04 0.04375
0 0.808 0.45078125 0.044 0.046875
0 0.7586666666666667 0.49921875 0.042666666666666665 0.04375
0 0.3546666666666667 0.56875 0.042666666666666665 0.04375
0 0.5173333333333333 0.37734375 0.04133333333333333 0.0453125
0 0.2866666666666667 0.50859375 0.04133333333333333 0.04375
0 0.612 0.6109375 0.042666666666666665 0.04375
0 0.33 0.4234375 0.042666666666666665 0.0453125
0 0.7813333333333333 0.31015625 0.044 0.046875
0 0.614 0.31484375 0.03866666666666667 0.0453125
0 0.348 0.53203125 0.042666666666666665 0.04375
0 0.432 0.69375 0.044 0.0484375
0 0.262 0.36484375 0.04666666666666667 0.0515625
0 0.7673333333333333 0.2359375 0.044 0.046875
0 0.37666666666666665 0.37421875 0.042666666666666665 0.046875
0 0.568 0.3640625 0.04133333333333333 0.0453125
0 0.32266666666666666 0.38671875 0.04133333333333333 0.0421875
0 0.7466666666666667 0.428125 0.042666666666666665 0.0421875
0 0.36666666666666664 0.63828125 0.042666666666666665 0.04375
0 0.504 0.303125 0.044 0.046875
0 0.542 0.5171875 0.042666666666666665 0.046875
0 0.38866666666666666 0.446875 0.04666666666666667 0.0484375