0 0.8166666666666667 0.2257799671592775 0.03111111111111111 0.03776683087027915
0 0.4988888888888889 0.4885057471264368 0.044444444444444446 0.031198686371100164
0 0.41 0.45073891625615764 0.022222222222222223 0.034482758620689655
0 0.43666666666666665 0.9129720853858785 0.024444444444444446 0.03284072249589491
0 0.3983333333333333 0.5344827586206896 0.03 0.041050903119868636
0 0.13722222222222222 0.19540229885057472 0.034444444444444444 0.04597701149425287
0 0.8561111111111112 0.22249589490968802 0.043333333333333335 0.041050903119868636
0 0.19 0.8711001642036125 0.035555555555555556 0.04433497536945813
0 0.43666666666666665 0.8661740558292282 0.022222222222222223 0.034482758620689655
0 0.46055555555555555 0.14285714285714285 0.021111111111111112 0.0361247947454844
0 0.41 0.36535303776683087 0.022222222222222223 0.034482758620689655
0 0.13833333333333334 0.535303776683087 0.03222222222222222 0.03940886699507389
0 0.5005555555555555 0.33825944170771755 0.043333333333333335 0.03284072249589491
0 0.5644444444444444 0.909688013136289 0.02666666666666667 0.0361247947454844
0 0.2927777777777778 0.7036124794745484 0.034444444444444444 0.04433497536945813
0 0.43722222222222223 0.7799671592775042 0.023333333333333334 0.029556650246305417
0 0.19055555555555556 0.9146141215106732 0.034444444444444444 0.042692939244663386
0 0.19 0.7044334975369458 0.035555555555555556 0.0361247947454844
0 0.43555555555555553 0.5336617405582923 0.022222222222222223 0.03284072249589491
0 0.9138888888888889 0.8661740558292282 0.034444444444444444 0.03776683087027915
0 0.14 0.8702791461412152 0.03777777777777778 0.04597701149425287
0 0.43666666666666665 0.7019704433497537 0.022222222222222223 0.034482758620689655
0 0.86 0.9080459770114943 0.035555555555555556 0.04597701149425287
0 0.4361111111111111 0.5738916256157636 0.023333333333333334 0.03776683087027915
0 0.5388888888888889 0.4490968801313629 0.022222222222222223 0.034482758620689655
0 0.9138888888888889 0.9080459770114943 0.034444444444444444 0.04597701149425287
0 0.7577777777777778 0.6174055829228243 0.03333333333333333 0.03940886699507389
0 0.8083333333333333 0.6157635467980296 0.03222222222222222 0.03940886699507389
0 0.1388888888888889 0.7027914614121511 0.035555555555555556 0.03940886699507389
0 0.705 0.5320197044334976 0.034444444444444444 0.042692939244663386
0 0.9116666666666666 0.7422003284072249 0.034444444444444444 0.03940886699507389
0 0.4361111111111111 0.6592775041050903 0.023333333333333334 0.034482758620689655
0 0.5016666666666667 0.3702791461412151 0.043333333333333335 0.034482758620689655
0 0.4361111111111111 0.6165845648604269 0.023333333333333334 0.03776683087027915
0 0.13944444444444445 0.916256157635468 0.03888888888888889 0.04597701149425287
0 0.08611111111111111 0.24220032840722497 0.03888888888888889 0.04433497536945813
0 0.9122222222222223 0.8243021346469622 0.035555555555555556 0.042692939244663386
0 0.9122222222222223 0.7816091954022989 0.035555555555555556 0.042692939244663386
0 0.9105555555555556 0.3637110016420361 0.034444444444444444 0.04433497536945813
0 0.1388888888888889 0.8300492610837439 0.03777777777777778 0.041050903119868636
0 0.5 0.270935960591133 0.044444444444444446 0.029556650246305417
0 0.43777777777777777 0.8234811165845649 0.022222222222222223 0.03776683087027915
0 0.4088888888888889 0.4917898193760263 0.022222222222222223 0.034482758620689655
0 0.6016666666666667 0.36288998357963875 0.034444444444444444 0.042692939244663386
0 0.18944444444444444 0.6190476190476191 0.034444444444444444 0.03940886699507389
0 0.8111111111111111 0.5328407224958949 0.04 0.041050903119868636
0 0.6027777777777777 0.5320197044334976 0.03222222222222222 0.0361247947454844
0 0.49944444444444447 0.20279146141215107 0.04555555555555556 0.027914614121510674
0 0.43666666666666665 0.7413793103448276 0.024444444444444446 0.034482758620689655
0 0.3827777777777778 0.1444991789819376 0.025555555555555557 0.0361247947454844
0 0.5638888888888889 0.4482758620689655 0.021111111111111112 0.03940886699507389
0 0.565 0.867816091954023 0.025555555555555557 0.03776683087027915
0 0.9111111111111111 0.5311986863711001 0.03333333333333333 0.03776683087027915
0 0.19 0.493431855500821 0.035555555555555556 0.04433497536945813
0 0.5133333333333333 0.7274220032840722 0.023333333333333334 0.019704433497536946
0 0.5138888888888888 0.7479474548440066 0.024444444444444446 0.022988505747126436
0 0.8088888888888889 0.45073891625615764 0.035555555555555556 0.034482758620689655
0 0.49944444444444447 0.1330049261083744 0.04555555555555556 0.0361247947454844
0 0.49944444444444447 0.1683087027914614 0.043333333333333335 0.041050903119868636
0 0.5 0.23563218390804597 0.044444444444444446 0.041050903119868636
0 0.7044444444444444 0.4064039408866995 0.03333333333333333 0.04433497536945813
0 0.2922222222222222 0.3243021346469622 0.035555555555555556 0.04433497536945813
0 0.18777777777777777 0.2413793103448276 0.03777777777777778 0.042692939244663386
0 0.5505555555555556 0.3637110016420361 0.034444444444444444 0.041050903119868636
0 0.6533333333333333 0.4909688013136289 0.03333333333333333 0.03940886699507389
0 0.8583333333333333 0.2766830870279146 0.034444444444444444 0.04433497536945813
0 0.7566666666666667 0.40311986863711 0.035555555555555556 0.041050903119868636
0 0.7588888888888888 0.6600985221674877 0.035555555555555556 0.042692939244663386
0 0.7577777777777778 0.7446633825944171 0.035555555555555556 0.04433497536945813
0 0.24 0.1469622331691297 0.03777777777777778 0.05090311986863711
0 0.5505555555555556 0.3218390804597701 0.03222222222222222 0.042692939244663386
0 0.86 0.6141215106732348 0.03333333333333333 0.042692939244663386
0 0.6022222222222222 0.19129720853858784 0.03333333333333333 0.04433497536945813
0 0.6022222222222222 0.49014778325123154 0.03111111111111111 0.04433497536945813
0 0.7033333333333334 0.27832512315270935 0.03777777777777778 0.047619047619047616
0 0.8083333333333333 0.2766830870279146 0.03666666666666667 0.047619047619047616
0 0.8588888888888889 0.44745484400656815 0.03333333333333333 0.041050903119868636
0 0.6522222222222223 0.32101806239737274 0.03333333333333333 0.041050903119868636
0 0.8594444444444445 0.4064039408866995 0.034444444444444444 0.04433497536945813
0 0.6016666666666667 0.14285714285714285 0.034444444444444444 0.052545155993431854
0 0.5505555555555556 0.23645320197044334 0.034444444444444444 0.04597701149425287
0 0.8583333333333333 0.3226600985221675 0.034444444444444444 0.04433497536945813
0 0.8594444444444445 0.49014778325123154 0.03222222222222222 0.04433497536945813
0 0.6544444444444445 0.4072249589490969 0.03333333333333333 0.042692939244663386
0 0.7572222222222222 0.49014778325123154 0.034444444444444444 0.041050903119868636
0 0.3427777777777778 0.24055829228243022 0.034444444444444444 0.04433497536945813
0 0.3433333333333333 0.19540229885057472 0.03333333333333333 0.042692939244663386
0 0.6522222222222223 0.36288998357963875 0.03333333333333333 0.04597701149425287
0 0.55 0.19129720853858784 0.035555555555555556 0.04433497536945813
0 0.6022222222222222 0.409688013136289 0.035555555555555556 0.04433497536945813
0 0.7566666666666667 0.4466338259441708 0.035555555555555556 0.04597701149425287
0 0.2922222222222222 0.23973727422003285 0.035555555555555556 0.04597701149425287
0 0.6538888888888889 0.44991789819376027 0.034444444444444444 0.042692939244663386
0 0.18777777777777777 0.19704433497536947 0.03777777777777778 0.042692939244663386
0 0.5505555555555556 0.2799671592775041 0.034444444444444444 0.041050903119868636
0 0.18888888888888888 0.41133004926108374 0.03777777777777778 0.04433497536945813
0 0.2916666666666667 0.1469622331691297 0.034444444444444444 0.054187192118226604
0 0.08611111111111111 0.41050903119868637 0.03666666666666667 0.042692939244663386
0 0.8588888888888889 0.3645320197044335 0.03333333333333333 0.03940886699507389
0 0.6544444444444445 0.6609195402298851 0.03333333333333333 0.04433497536945813
0 0.8083333333333333 0.6576354679802956 0.03222222222222222 0.041050903119868636
0 0.8072222222222222 0.3620689655172414 0.03222222222222222 0.041050903119868636
0 0.49944444444444447 0.44417077175697867 0.043333333333333335 0.047619047619047616
0 0.7555555555555555 0.27504105090311987 0.03333333333333333 0.047619047619047616
0 0.8077777777777778 0.32019704433497537 0.03333333333333333 0.03940886699507389
0 0.24055555555555555 0.24220032840722497 0.03666666666666667 0.05090311986863711
0 0.7038888888888889 0.3218390804597701 0.034444444444444444 0.03940886699507389
0 0.39666666666666667 0.6174055829228243 0.03333333333333333 0.042692939244663386
0 0.29388888888888887 0.6206896551724138 0.034444444444444444 0.04597701149425287
0 0.6533333333333333 0.5328407224958949 0.03333333333333333 0.041050903119868636
0 0.8594444444444445 0.5328407224958949 0.03222222222222222 0.041050903119868636
0 0.18888888888888888 0.3669950738916256 0.03777777777777778 0.04433497536945813
0 0.86 0.7422003284072249 0.03333333333333333 0.042692939244663386
0 0.2922222222222222 0.28407224958949095 0.03333333333333333 0.03940886699507389
0 0.3422222222222222 0.15024630541871922 0.03333333333333333 0.04433497536945813
0 0.6011111111111112 0.32101806239737274 0.03111111111111111 0.03776683087027915
0 0.6533333333333333 0.5738916256157636 0.035555555555555556 0.041050903119868636
0 0.9105555555555556 0.48932676518883417 0.034444444444444444 0.042692939244663386
0 0.08611111111111111 0.4548440065681445 0.03666666666666667 0.042692939244663386
0 0.6016666666666667 0.2791461412151067 0.034444444444444444 0.042692939244663386
0 0.29333333333333333 0.5747126436781609 0.03333333333333333 0.042692939244663386
0 0.2911111111111111 0.19376026272577998 0.035555555555555556 0.03940886699507389
0 0.24055555555555555 0.1962233169129721 0.03888888888888889 0.04433497536945813
0 0.4083333333333333 0.32348111658456485 0.023333333333333334 0.0361247947454844
0 0.29388888888888887 0.6625615763546798 0.034444444444444444 0.03776683087027915
0 0.13777777777777778 0.493431855500821 0.035555555555555556 0.04433497536945813
0 0.86 0.7848932676518884 0.035555555555555556 0.042692939244663386
0 0.6016666666666667 0.23563218390804597 0.03222222222222222 0.041050903119868636
0 0.6022222222222222 0.4490968801313629 0.03333333333333333 0.034482758620689655
0 0.7583333333333333 0.825944170771757 0.034444444444444444 0.042692939244663386
0 0.19 0.5779967159277504 0.03777777777777778 0.04597701149425287
0 0.91 0.27504105090311987 0.035555555555555556 0.047619047619047616
0 0.5644444444444444 0.8243021346469622 0.02666666666666667 0.042692939244663386
0 0.6027777777777777 0.5730706075533661 0.03222222222222222 0.04597701149425287
0 0.2922222222222222 0.409688013136289 0.035555555555555556 0.041050903119868636
0 0.2927777777777778 0.45320197044334976 0.034444444444444444 0.04597701149425287
0 0.7066666666666667 0.7413793103448276 0.035555555555555556 0.047619047619047616
0 0.2927777777777778 0.36863711001642036 0.03666666666666667 0.041050903119868636
0 0.7583333333333333 0.7011494252873564 0.03666666666666667 0.042692939244663386
0 0.755 0.32348111658456485 0.034444444444444444 0.04597701149425287
0 0.6038888888888889 0.6190476190476191 0.034444444444444444 0.04597701149425287
0 0.7066666666666667 0.6970443349753694 0.03333333333333333 0.041050903119868636
0 0.13777777777777778 0.3251231527093596 0.035555555555555556 0.042692939244663386
0 0.7038888888888889 0.36288998357963875 0.034444444444444444 0.042692939244663386
0 0.18944444444444444 0.7454844006568144 0.03666666666666667 0.04597701149425287
0 0.9116666666666666 0.6157635467980296 0.034444444444444444 0.042692939244663386
0 0.8083333333333333 0.7003284072249589 0.03222222222222222 0.04433497536945813
0 0.4361111111111111 0.32101806239737274 0.023333333333333334 0.03776683087027915
0 0.9111111111111111 0.44745484400656815 0.03333333333333333 0.03776683087027915
0 0.5644444444444444 0.4917898193760263 0.024444444444444446 0.03776683087027915
0 0.8094444444444444 0.825944170771757 0.03666666666666667 0.042692939244663386
0 0.13666666666666666 0.24220032840722497 0.035555555555555556 0.04433497536945813
0 0.18944444444444444 0.535303776683087 0.03666666666666667 0.03940886699507389
0 0.9105555555555556 0.4072249589490969 0.034444444444444444 0.042692939244663386
0 0.5644444444444444 0.7430213464696224 0.024444444444444446 0.03776683087027915
0 0.86 0.5722495894909688 0.028888888888888888 0.03776683087027915
0 0.3983333333333333 0.5747126436781609 0.03 0.03940886699507389
0 0.7055555555555556 0.6584564860426929 0.03333333333333333 0.042692939244663386
0 0.18833333333333332 0.2824302134646962 0.034444444444444444 0.03940886699507389
0 0.5005555555555555 0.30377668308702793 0.043333333333333335 0.03940886699507389
0 0.7066666666666667 0.8669950738916257 0.035555555555555556 0.042692939244663386
0 0.18833333333333332 0.3251231527093596 0.03666666666666667 0.042692939244663386
0 0.8088888888888889 0.7832512315270936 0.03777777777777778 0.04597701149425287
0 0.08555555555555555 0.36863711001642036 0.03777777777777778 0.041050903119868636
0 0.43666666666666665 0.4064039408866995 0.022222222222222223 0.034482758620689655
0 0.13833333333333334 0.44991789819376027 0.03666666666666667 0.03940886699507389
0 0.8605555555555555 0.8653530377668309 0.03666666666666667 0.042692939244663386
0 0.085 0.19540229885057472 0.03666666666666667 0.04926108374384237
0 0.8094444444444444 0.7413793103448276 0.034444444444444444 0.03776683087027915
0 0.7061111111111111 0.8243021346469622 0.034444444444444444 0.04597701149425287
0 0.18944444444444444 0.4523809523809524 0.03666666666666667 0.03776683087027915
0 0.5644444444444444 0.7011494252873564 0.02666666666666667 0.0361247947454844
0 0.38333333333333336 0.19376026272577998 0.024444444444444446 0.0361247947454844
0 0.4088888888888889 0.4088669950738916 0.022222222222222223 0.03284072249589491
0 0.43444444444444447 0.1921182266009852 0.02 0.0361247947454844
0 0.08555555555555555 0.3275862068965517 0.03777777777777778 0.041050903119868636
0 0.81 0.8686371100164204 0.03777777777777778 0.042692939244663386
0 0.9116666666666666 0.5730706075533661 0.034444444444444444 0.04597701149425287
0 0.5388888888888889 0.5336617405582923 0.022222222222222223 0.0361247947454844
0 0.4361111111111111 0.2799671592775041 0.023333333333333334 0.03776683087027915
0 0.7044444444444444 0.44745484400656815 0.03333333333333333 0.041050903119868636
0 0.7577777777777778 0.7848932676518884 0.03333333333333333 0.03940886699507389
0 0.46166666666666667 0.19376026272577998 0.021111111111111112 0.0361247947454844
0 0.5655555555555556 0.5738916256157636 0.022222222222222223 0.034482758620689655
0 0.8605555555555555 0.8267651888341544 0.034444444444444444 0.03776683087027915
0 0.81 0.49014778325123154 0.03777777777777778 0.04433497536945813
0 0.2922222222222222 0.493431855500821 0.035555555555555556 0.034482758620689655
0 0.7583333333333333 0.9105090311986864 0.034444444444444444 0.05090311986863711
0 0.13833333333333334 0.5747126436781609 0.034444444444444444 0.042692939244663386
0 0.7583333333333333 0.8669950738916257 0.034444444444444444 0.03940886699507389
0 0.13777777777777778 0.41050903119868637 0.03777777777777778 0.03940886699507389
0 0.2922222222222222 0.5328407224958949 0.03111111111111111 0.04433497536945813
0 0.54 0.5730706075533661 0.022222222222222223 0.03284072249589491
0 0.13777777777777778 0.6190476190476191 0.035555555555555556 0.04597701149425287
0 0.86 0.7011494252873564 0.03333333333333333 0.03940886699507389
0 0.4361111111111111 0.493431855500821 0.023333333333333334 0.034482758620689655
0 0.7561111111111111 0.3637110016420361 0.034444444444444444 0.03776683087027915
0 0.7055555555555556 0.6165845648604269 0.03333333333333333 0.041050903119868636
0 0.705 0.49014778325123154 0.034444444444444444 0.04433497536945813
0 0.565 0.5320197044334976 0.023333333333333334 0.03940886699507389
0 0.565 0.6149425287356322 0.023333333333333334 0.03776683087027915
0 0.4361111111111111 0.4482758620689655 0.023333333333333334 0.03940886699507389
0 0.435 0.23809523809523808 0.023333333333333334 0.03284072249589491
0 0.5388888888888889 0.49014778325123154 0.022222222222222223 0.03776683087027915
0 0.5644444444444444 0.784072249589491 0.024444444444444446 0.034482758620689655
0 0.38333333333333336 0.23809523809523808 0.022222222222222223 0.03284072249589491
0 0.08555555555555555 0.28407224958949095 0.03777777777777778 0.04597701149425287
0 0.9116666666666666 0.6592775041050903 0.034444444444444444 0.041050903119868636
0 0.13833333333333334 0.6633825944170771 0.03666666666666667 0.042692939244663386
0 0.13777777777777778 0.7438423645320197 0.035555555555555556 0.042692939244663386
0 0.7572222222222222 0.5763546798029556 0.034444444444444444 0.042692939244663386
0 0.7061111111111111 0.7832512315270936 0.034444444444444444 0.03940886699507389
0 0.13833333333333334 0.36863711001642036 0.03666666666666667 0.047619047619047616
0 0.13722222222222222 0.2824302134646962 0.03222222222222222 0.03940886699507389
0 0.9094444444444445 0.3218390804597701 0.03222222222222222 0.03940886699507389
0 0.19 0.8275862068965517 0.035555555555555556 0.042692939244663386
0 0.9122222222222223 0.7003284072249589 0.03333333333333333 0.041050903119868636
0 0.1388888888888889 0.7865353037766831 0.035555555555555556 0.042692939244663386
0 0.18944444444444444 0.7881773399014779 0.03666666666666667 0.03940886699507389
0 0.4361111111111111 0.3637110016420361 0.021111111111111112 0.034482758620689655
0 0.4338888888888889 0.14367816091954022 0.023333333333333334 0.03776683087027915
0 0.8083333333333333 0.5730706075533661 0.034444444444444444 0.042692939244663386
0 0.7066666666666667 0.9105090311986864 0.035555555555555556 0.04433497536945813
0 0.565 0.6568144499178982 0.023333333333333334 0.0361247947454844
0 0.18833333333333332 0.6625615763546798 0.03666666666666667 0.047619047619047616
0 0.705 0.5738916256157636 0.034444444444444444 0.04433497536945813
0 0.4072222222222222 0.2824302134646962 0.023333333333333334 0.03284072249589491
0 0.81 0.9105090311986864 0.03777777777777778 0.041050903119868636
0 0.7572222222222222 0.5328407224958949 0.034444444444444444 0.04433497536945813
0 0.5511111111111111 0.14532019704433496 0.035555555555555556 0.047619047619047616
0 0.6516666666666666 0.27832512315270935 0.03222222222222222 0.041050903119868636
0 0.86 0.6592775041050903 0.03333333333333333 0.04433497536945813
0 0.6544444444444445 0.6157635467980296 0.035555555555555556 0.042692939244663386
0 0.18833333333333332 0.14860426929392448 0.03666666666666667 0.05090311986863711
0 0.8077777777777778 0.4072249589490969 0.035555555555555556 0.04597701149425287
0 0.5505555555555556 0.40558292282430214 0.034444444444444444 0.042692939244663386