0 0.36 0.6962025316455697 0.03875 0.04272151898734177
0 0.68 0.3045886075949367 0.025 0.03164556962025317
0 0.475 0.3401898734177215 0.0375 0.030063291139240507
0 0.4825 0.377373417721519 0.03875 0.030063291139240507
0 0.53125 0.6123417721518988 0.02 0.02531645569620253
0 0.524375 0.5743670886075949 0.0225 0.020569620253164556
0 0.48125 0.35917721518987344 0.025 0.023734177215189875
0 0.485 0.3971518987341772 0.03 0.02531645569620253
0 0.4875 0.42167721518987344 0.0375 0.0379746835443038
0 0.526875 0.5933544303797469 0.02375 0.02531645569620253
0 0.534375 0.6329113924050633 0.02 0.0189873417721519
0 0.535 0.6495253164556962 0.02375 0.023734177215189875
0 0.53625 0.6653481012658228 0.02125 0.014240506329113924
0 0.538125 0.678006329113924 0.02 0.01740506329113924
0 0.539375 0.6930379746835443 0.0225 0.02689873417721519
0 0.65625 0.8251582278481012 0.03625 0.03322784810126582
0 0.499375 0.8900316455696202 0.04125 0.04430379746835443
0 0.2725 0.875 0.03875 0.04272151898734177
0 0.278125 0.5189873417721519 0.04 0.04272151898734177
0 0.233125 0.5925632911392406 0.03625 0.0379746835443038
0 0.819375 0.40427215189873417 0.0375 0.03955696202531646
0 0.635 0.6693037974683544 0.03875 0.03955696202531646
0 0.724375 0.4248417721518987 0.02625 0.03164556962025317
0 0.445625 0.5150316455696202 0.03625 0.03955696202531646
0 0.264375 0.42167721518987344 0.03875 0.04272151898734177
0 0.215625 0.4675632911392405 0.03625 0.0379746835443038
0 0.665625 0.5 0.03625 0.03322784810126582
0 0.865625 0.33069620253164556 0.03875 0.04588607594936709
0 0.22875 0.5625 0.035 0.0379746835443038
0 0.245625 0.6882911392405063 0.04 0.04113924050632911
0 0.44125 0.4825949367088608 0.03875 0.04113924050632911
0 0.335625 0.9256329113924051 0.0375 0.0379746835443038
0 0.630625 0.6384493670886076 0.03875 0.03955696202531646
0 0.648125 0.37658227848101267 0.035 0.03955696202531646
0 0.33125 0.8955696202531646 0.0375 0.03639240506329114
0 0.29625 0.6431962025316456 0.04 0.04272151898734177
0 0.5575 0.5229430379746836 0.03625 0.03639240506329114
0 0.28625 0.5830696202531646 0.03875 0.03639240506329114
0 0.395625 0.5569620253164557 0.03875 0.0379746835443038
0 0.74875 0.6764240506329114 0.03625 0.03955696202531646
0 0.64375 0.34335443037974683 0.03875 0.04113924050632911
0 0.841875 0.560126582278481 0.0375 0.03639240506329114
0 0.548125 0.45806962025316456 0.035 0.0379746835443038
0 0.304375 0.7064873417721519 0.03875 0.04113924050632911
0 0.77 0.4462025316455696 0.0375 0.03955696202531646
0 0.381875 0.46281645569620256 0.03625 0.0379746835443038
0 0.76125 0.3852848101265823 0.0375 0.0379746835443038
0 0.299375 0.6764240506329114 0.0375 0.0379746835443038
0 0.685625 0.6257911392405063 0.0375 0.03955696202531646
0 0.735 0.5838607594936709 0.0375 0.0379746835443038
0 0.254375 0.7468354430379747 0.03875 0.04272151898734177
0 0.156875 0.4477848101265823 0.0425 0.0490506329113924
0 0.888125 0.48575949367088606 0.03875 0.04272151898734177
0 0.259375 0.7800632911392406 0.03875 0.04113924050632911
0 0.679375 0.5941455696202531 0.04 0.03955696202531646
0 0.34625 0.6012658227848101 0.03625 0.0379746835443038
0 0.236875 0.6234177215189873 0.03875 0.04272151898734177
0 0.693125 0.6882911392405063 0.03875 0.04272151898734177
0 0.35125 0.6313291139240507 0.03625 0.0379746835443038
0 0.774375 0.4786392405063291 0.0375 0.0379746835443038
0 0.328125 0.4762658227848101 0.03875 0.04113924050632911
0 0.391875 0.5261075949367089 0.04 0.03955696202531646
0 0.725625 0.5197784810126582 0.03625 0.03481012658227848
0 0.823125 0.43591772151898733 0.03875 0.03955696202531646
0 0.22 0.5 0.0375 0.03955696202531646
0 0.780625 0.5087025316455697 0.03875 0.04113924050632911
0 0.326875 0.8639240506329114 0.03875 0.04113924050632911
0 0.594375 0.38449367088607594 0.0425 0.0490506329113924
0 0.224375 0.5316455696202531 0.04 0.03955696202531646
0 0.355625 0.6629746835443038 0.03875 0.04113924050632911
0 0.66 0.4699367088607595 0.0375 0.03955696202531646
0 0.241875 0.6550632911392406 0.04 0.04113924050632911
0 0.833125 0.49841772151898733 0.0375 0.0379746835443038
0 0.15 0.8045886075949367 0.0425 0.04588607594936709
0 0.27 0.4572784810126582 0.03875 0.04272151898734177
0 0.721875 0.4889240506329114 0.0375 0.04113924050632911
0 0.613125 0.5134493670886076 0.0425 0.04588607594936709
0 0.62625 0.6083860759493671 0.04125 0.04113924050632911
0 0.651875 0.4074367088607595 0.03625 0.03639240506329114
0 0.571875 0.6186708860759493 0.0375 0.04113924050632911
0 0.56625 0.8734177215189873 0.025 0.03481012658227848
0 0.91125 0.6376582278481012 0.04 0.04588607594936709
0 0.90625 0.6099683544303798 0.0375 0.03639240506329114
0 0.6175 0.5482594936708861 0.03875 0.03955696202531646
0 0.78875 0.567246835443038 0.04 0.04430379746835443
0 0.7425 0.6400316455696202 0.0375 0.04746835443037975
0 0.875 0.7776898734177216 0.0375 0.03955696202531646
0 0.561875 0.8488924050632911 0.025 0.02689873417721519
0 0.58 0.678006329113924 0.035 0.0379746835443038
0 0.85625 0.6526898734177216 0.03625 0.04113924050632911
0 0.87875 0.807753164556962 0.04125 0.04430379746835443
0 0.785 0.5411392405063291 0.0375 0.03955696202531646
0 0.865625 0.7151898734177216 0.04 0.04113924050632911
0 0.77125 0.8299050632911392 0.03875 0.03955696202531646
0 0.65875 0.8457278481012658 0.04625 0.06329113924050633
0 0.541875 0.7919303797468354 0.035 0.03322784810126582
0 0.6975 0.3314873417721519 0.0375 0.03322784810126582
0 0.705625 0.2974683544303797 0.02625 0.03639240506329114
0 0.929375 0.7658227848101266 0.03875 0.03639240506329114
0 0.870625 0.36313291139240506 0.03625 0.03481012658227848
0 0.5075 0.5427215189873418 0.03875 0.03322784810126582
0 0.870625 0.7468354430379747 0.03875 0.04113924050632911
0 0.853125 0.6257911392405063 0.0375 0.04113924050632911
0 0.083125 0.4319620253164557 0.025 0.03322784810126582
0 0.593125 0.7729430379746836 0.03625 0.0379746835443038
0 0.4675 0.6700949367088608 0.035 0.0379746835443038
0 0.10875 0.42563291139240506 0.0275 0.03164556962025317
0 0.793125 0.6028481012658228 0.04 0.03955696202531646
0 0.620625 0.5704113924050633 0.0425 0.04746835443037975
0 0.76625 0.8022151898734177 0.0375 0.0379746835443038
0 0.105 0.4912974683544304 0.03875 0.04272151898734177
0 0.598125 0.803006329113924 0.04 0.04113924050632911
0 0.095 0.5261075949367089 0.02625 0.03322784810126582
0 0.1 0.46044303797468356 0.03875 0.03955696202531646
0 0.099375 0.557753164556962 0.02375 0.03164556962025317
0 0.739375 0.6139240506329114 0.035 0.03639240506329114
0 0.13 0.5814873417721519 0.0275 0.03481012658227848
0 0.278125 0.9090189873417721 0.03625 0.03955696202531646
0 0.898125 0.5458860759493671 0.04 0.04113924050632911
0 0.728125 0.4541139240506329 0.02625 0.03481012658227848
0 0.696875 0.4287974683544304 0.02375 0.03322784810126582
0 0.915 0.6708860759493671 0.04 0.04113924050632911
0 0.924375 0.7341772151898734 0.04125 0.03955696202531646
0 0.46375 0.6392405063291139 0.03625 0.0379746835443038
0 0.6025 0.4485759493670886 0.035 0.03481012658227848
0 0.4375 0.4564873417721519 0.03875 0.03322784810126582
0 0.93375 0.7950949367088608 0.04125 0.04272151898734177
0 0.5975 0.4185126582278481 0.03625 0.03639240506329114
0 0.501875 0.5126582278481012 0.04125 0.04430379746835443
0 0.86125 0.685126582278481 0.0375 0.0379746835443038
0 0.918125 0.7025316455696202 0.04 0.04113924050632911
0 0.651875 0.7950949367088608 0.04125 0.04113924050632911
0 0.315 0.7697784810126582 0.03625 0.04113924050632911
0 0.2825 0.9375 0.0375 0.04113924050632911
0 0.485 0.7966772151898734 0.03875 0.03955696202531646
0 0.646875 0.7634493670886076 0.04 0.04272151898734177
0 0.54375 0.4295886075949367 0.03625 0.03322784810126582
0 0.893125 0.5181962025316456 0.0375 0.03955696202531646
0 0.585 0.7112341772151899 0.0375 0.03955696202531646
0 0.494375 0.8591772151898734 0.0375 0.03481012658227848
0 0.489375 0.8291139240506329 0.03875 0.04113924050632911
0 0.701875 0.3639240506329114 0.03875 0.04113924050632911
0 0.58875 0.742879746835443 0.0375 0.03955696202531646
0 0.319375 0.4137658227848101 0.03875 0.04113924050632911
0 0.274375 0.4889240506329114 0.0375 0.03481012658227848
0 0.126875 0.6471518987341772 0.04 0.03955696202531646
0 0.7625 0.7705696202531646 0.0375 0.0379746835443038
0 0.314375 0.38212025316455694 0.0425 0.04272151898734177
0 0.318125 0.8014240506329114 0.03875 0.04113924050632911
0 0.879375 0.42325949367088606 0.0375 0.03639240506329114
0 0.45 0.5450949367088608 0.03625 0.0379746835443038
0 0.13625 0.7088607594936709 0.03875 0.0379746835443038
0 0.459375 0.6075949367088608 0.035 0.0379746835443038
0 0.1225 0.615506329113924 0.04125 0.04430379746835443
0 0.6075 0.4802215189873418 0.03625 0.03955696202531646
0 0.455 0.5775316455696202 0.0375 0.03955696202531646
0 0.803125 0.6653481012658228 0.03625 0.04113924050632911
0 0.798125 0.6329113924050633 0.0375 0.03639240506329114
0 0.12625 0.5514240506329114 0.02625 0.03322784810126582
0 0.48125 0.7650316455696202 0.0375 0.04113924050632911
0 0.603125 0.8354430379746836 0.03875 0.04113924050632911
0 0.400625 0.5901898734177216 0.03875 0.03955696202531646
0 0.7025 0.7539556962025317 0.04125 0.04430379746835443
0 0.874375 0.3900316455696203 0.03625 0.03955696202531646
0 0.144375 0.7713607594936709 0.03875 0.0379746835443038
0 0.5675 0.5862341772151899 0.03625 0.04113924050632911
0 0.720625 0.39319620253164556 0.0275 0.0379746835443038
0 0.8475 0.5909810126582279 0.04 0.04113924050632911
0 0.7575 0.7397151898734177 0.035 0.0379746835443038
0 0.696875 0.7207278481012658 0.03875 0.04113924050632911
0 0.765625 0.4153481012658228 0.0375 0.03639240506329114
0 0.33375 0.5079113924050633 0.0375 0.0379746835443038
0 0.64 0.7001582278481012 0.0375 0.03955696202531646
0 0.5625 0.5537974683544303 0.03625 0.03639240506329114
0 0.4725 0.7033227848101266 0.04 0.04430379746835443
0 0.755 0.35205696202531644 0.035 0.03955696202531646
0 0.815625 0.37420886075949367 0.0375 0.03639240506329114
0 0.689375 0.6558544303797469 0.03625 0.03481012658227848
0 0.123125 0.5181962025316456 0.03125 0.03955696202531646
0 0.26375 0.8125 0.03625 0.0379746835443038
0 0.25 0.7167721518987342 0.03875 0.03639240506329114
0 0.47625 0.7349683544303798 0.0375 0.03639240506329114
0 0.90125 0.5799050632911392 0.04125 0.04272151898734177
0 0.576875 0.6487341772151899 0.03625 0.03639240506329114
0 0.883125 0.45332278481012656 0.03625 0.03481012658227848
0 0.21 0.43433544303797467 0.0375 0.03955696202531646
0 0.7525 0.7088607594936709 0.03625 0.0379746835443038
0 0.49375 0.4572784810126582 0.03875 0.04430379746835443
0 0.6375 0.3125 0.0375 0.03955696202531646
0 0.641875 0.7318037974683544 0.04 0.04113924050632911
0 0.608125 0.867879746835443 0.0375 0.03955696202531646
0 0.2675 0.8433544303797469 0.0375 0.0379746835443038
0 0.31 0.7381329113924051 0.03625 0.0379746835443038
0 0.321875 0.8338607594936709 0.0375 0.0379746835443038
0 0.29125 0.6123417721518988 0.0375 0.0379746835443038
0 0.131875 0.6795886075949367 0.03875 0.04113924050632911
0 0.32375 0.4438291139240506 0.03875 0.03955696202531646
0 0.693125 0.39794303797468356 0.025 0.030063291139240507
0 0.37875 0.4295886075949367 0.04125 0.04272151898734177
0 0.3375 0.5395569620253164 0.03875 0.03955696202531646
0 0.14 0.7412974683544303 0.0425 0.04272151898734177
0 0.83875 0.5292721518987342 0.0375 0.0379746835443038
0 0.553125 0.4912974683544304 0.0375 0.0379746835443038
0 0.81125 0.3425632911392405 0.03875 0.04272151898734177
0 0.729375 0.5522151898734177 0.0375 0.03955696202531646
0 0.43375 0.4224683544303797 0.04375 0.05379746835443038
0 0.8275 0.4675632911392405 0.03875 0.03955696202531646
0 0.34125 0.5688291139240507 0.0375 0.0379746835443038
0 0.655625 0.43908227848101267 0.0375 0.03955696202531646
0 0.675 0.5632911392405063 0.0375 0.03955696202531646
0 0.2825 0.5506329113924051 0.04 0.04113924050632911
0 0.386875 0.495253164556962 0.03875 0.04272151898734177
0 0.67125 0.5308544303797469 0.03875 0.04113924050632911
0 0.53875 0.39794303797468356 0.03875 0.04430379746835443