0 0.7033333333333334 0.8873239436619719 0.036 0.02190923317683881
0 0.5006666666666667 0.2621283255086072 0.03333333333333333 0.0297339593114241
0 0.5013333333333333 0.36384976525821594 0.034666666666666665 0.03599374021909233
0 0.8246666666666667 0.8849765258215962 0.028 0.0297339593114241
0 0.854 0.8841940532081377 0.028 0.03442879499217527
0 0.826 0.8497652582159625 0.025333333333333333 0.028169014084507043
0 0.5013333333333333 0.2934272300469484 0.032 0.0297339593114241
0 0.8673333333333333 0.8474178403755869 0.036 0.03599374021909233
0 0.704 0.528169014084507 0.037333333333333336 0.03599374021909233
0 0.8806666666666667 0.8834115805946792 0.028 0.03286384976525822
0 0.704 0.6338028169014085 0.034666666666666665 0.03442879499217527
0 0.854 0.7425665101721439 0.028 0.03286384976525822
0 0.5013333333333333 0.22300469483568075 0.032 0.026604068857589983
0 0.8006666666666666 0.848982785602504 0.028 0.03286384976525822
0 0.88 0.7417840375586855 0.02666666666666667 0.03442879499217527
0 0.5013333333333333 0.40062597809076683 0.029333333333333333 0.03129890453834116
0 0.8666666666666667 0.7785602503912363 0.037333333333333336 0.03286384976525822
0 0.8666666666666667 0.7034428794992176 0.034666666666666665 0.03599374021909233
0 0.49933333333333335 0.43661971830985913 0.030666666666666665 0.03442879499217527
0 0.826 0.7065727699530516 0.028 0.0297339593114241
0 0.704 0.3442879499217527 0.029333333333333333 0.03129890453834116
0 0.65 0.52660406885759 0.036 0.0297339593114241
0 0.826 0.4890453834115806 0.028 0.0297339593114241
0 0.8666666666666667 0.812206572769953 0.034666666666666665 0.03442879499217527
0 0.8266666666666667 0.634585289514867 0.02666666666666667 0.0297339593114241
0 0.5 0.19483568075117372 0.032 0.0297339593114241
0 0.868 0.3075117370892019 0.034666666666666665 0.03599374021909233
0 0.866 0.63302034428795 0.03333333333333333 0.03286384976525822
0 0.704 0.7433489827856025 0.034666666666666665 0.03442879499217527
0 0.7026666666666667 0.7081377151799687 0.032 0.03599374021909233
0 0.866 0.6674491392801252 0.03333333333333333 0.03599374021909233
0 0.8126666666666666 0.38028169014084506 0.036 0.03442879499217527
0 0.8266666666666667 0.41784037558685444 0.02666666666666667 0.03129890453834116
0 0.8 0.45539906103286387 0.029333333333333333 0.03442879499217527
0 0.8126666666666666 0.3442879499217527 0.036 0.03442879499217527
0 0.758 0.7433489827856025 0.030666666666666665 0.03442879499217527
0 0.7986666666666666 0.41705790297339596 0.02666666666666667 0.03286384976525822
0 0.5946666666666667 0.49061032863849763 0.032 0.03286384976525822
0 0.7986666666666666 0.6705790297339593 0.02666666666666667 0.03286384976525822
0 0.704 0.8137715179968701 0.032 0.03442879499217527
0 0.6506666666666666 0.7065727699530516 0.032 0.03286384976525822
0 0.7026666666666667 0.8536776212832551 0.034666666666666665 0.03912363067292645
0 0.812 0.5602503912363067 0.032 0.03442879499217527
0 0.826 0.4538341158059468 0.028 0.03442879499217527
0 0.7046666666666667 0.4538341158059468 0.030666666666666665 0.03129890453834116
0 0.8133333333333334 0.7433489827856025 0.034666666666666665 0.03755868544600939
0 0.704 0.48982785602503914 0.034666666666666665 0.03755868544600939
0 0.5953333333333334 0.528169014084507 0.036 0.04225352112676056
0 0.7586666666666667 0.5978090766823161 0.034666666666666665 0.03755868544600939
0 0.6486666666666666 0.3075117370892019 0.036 0.03912363067292645
0 0.758 0.4890453834115806 0.03333333333333333 0.03599374021909233
0 0.7573333333333333 0.38028169014084506 0.032 0.03755868544600939
0 0.65 0.5978090766823161 0.036 0.0406885758998435
0 0.758 0.41784037558685444 0.030666666666666665 0.03755868544600939
0 0.7046666666666667 0.3075117370892019 0.036 0.03912363067292645
0 0.758 0.5258215962441315 0.03333333333333333 0.03755868544600939
0 0.5953333333333334 0.38184663536776214 0.036 0.03755868544600939
0 0.65 0.5602503912363067 0.036 0.03442879499217527
0 0.758 0.6705790297339593 0.03333333333333333 0.03599374021909233
0 0.65 0.34663536776212833 0.036 0.03599374021909233
0 0.6493333333333333 0.49139280125195617 0.034666666666666665 0.0406885758998435
0 0.7033333333333334 0.6705790297339593 0.03333333333333333 0.03599374021909233
0 0.7586666666666667 0.6353677621283255 0.034666666666666665 0.03442879499217527
0 0.7573333333333333 0.7081377151799687 0.032 0.03599374021909233
0 0.5946666666666667 0.30672926447574334 0.034666666666666665 0.03755868544600939
0 0.8666666666666667 0.5978090766823161 0.034666666666666665 0.03755868544600939
0 0.596 0.418622848200313 0.034666666666666665 0.03599374021909233
0 0.8666666666666667 0.38184663536776214 0.034666666666666665 0.03442879499217527
0 0.704 0.7793427230046949 0.034666666666666665 0.03442879499217527
0 0.7026666666666667 0.38028169014084506 0.032 0.03755868544600939
0 0.704 0.596244131455399 0.034666666666666665 0.03442879499217527
0 0.65 0.3826291079812207 0.03333333333333333 0.03599374021909233
0 0.6493333333333333 0.4538341158059468 0.034666666666666665 0.03442879499217527
0 0.7046666666666667 0.5618153364632238 0.036 0.03129890453834116
0 0.7586666666666667 0.4522691705790297 0.032 0.03129890453834116
0 0.7586666666666667 0.8137715179968701 0.034666666666666665 0.03442879499217527
0 0.5953333333333334 0.34507042253521125 0.03333333333333333 0.03599374021909233
0 0.6493333333333333 0.7793427230046949 0.034666666666666665 0.0406885758998435
0 0.65 0.6353677621283255 0.036 0.03442879499217527
0 0.866 0.41705790297339596 0.03333333333333333 0.03286384976525822
0 0.866 0.5234741784037559 0.036 0.03599374021909233
0 0.65 0.6705790297339593 0.036 0.03599374021909233
0 0.758 0.5618153364632238 0.030666666666666665 0.03129890453834116
0 0.758 0.3082942097026604 0.03333333333333333 0.03755868544600939
0 0.826 0.6705790297339593 0.030666666666666665 0.03599374021909233
0 0.5953333333333334 0.45461658841940533 0.03333333333333333 0.03599374021909233
0 0.812 0.5242566510172144 0.034666666666666665 0.03755868544600939
0 0.7993333333333333 0.6338028169014085 0.028 0.03442879499217527
0 0.758 0.7777777777777778 0.03333333333333333 0.03442879499217527
0 0.8133333333333334 0.30672926447574334 0.037333333333333336 0.03755868544600939
0 0.8133333333333334 0.7785602503912363 0.034666666666666665 0.03286384976525822
0 0.8666666666666667 0.4514866979655712 0.032 0.03286384976525822
0 0.65 0.8169014084507042 0.036 0.03442879499217527
0 0.812 0.5970266040688575 0.037333333333333336 0.03599374021909233
0 0.758 0.8497652582159625 0.03333333333333333 0.03442879499217527
0 0.8666666666666667 0.5602503912363067 0.034666666666666665 0.03442879499217527
0 0.8666666666666667 0.486697965571205 0.034666666666666665 0.03442879499217527
0 0.7026666666666667 0.41784037558685444 0.034666666666666665 0.03442879499217527
0 0.6513333333333333 0.852112676056338 0.036 0.03599374021909233
0 0.8666666666666667 0.3458528951486698 0.034666666666666665 0.03755868544600939
0 0.6513333333333333 0.8881064162754304 0.036 0.03599374021909233
0 0.7593333333333333 0.8857589984350548 0.03333333333333333 0.03755868544600939
0 0.7586666666666667 0.3435054773082942 0.032 0.03286384976525822
0 0.8133333333333334 0.8153364632237872 0.037333333333333336 0.03442879499217527
0 0.65 0.7417840375586855 0.03333333333333333 0.03442879499217527
0 0.6493333333333333 0.418622848200313 0.034666666666666665 0.03599374021909233