0 0.555 0.28465346534653463 0.034444444444444444 0.041254125412541254
0 0.5538888888888889 0.6592409240924092 0.034444444444444444 0.04455445544554455
0 0.40055555555555555 0.14603960396039603 0.03666666666666667 0.04785478547854786
0 0.605 0.32673267326732675 0.03666666666666667 0.0429042904290429
0 0.6055555555555555 0.19801980198019803 0.035555555555555556 0.0429042904290429
0 0.86 0.2838283828382838 0.035555555555555556 0.0429042904290429
0 0.86 0.19224422442244224 0.035555555555555556 0.04785478547854786
0 0.5544444444444444 0.5775577557755776 0.035555555555555556 0.0429042904290429
0 0.8105555555555556 0.4909240924092409 0.03222222222222222 0.041254125412541254
0 0.4 0.28465346534653463 0.035555555555555556 0.04455445544554455
0 0.605 0.2400990099009901 0.034444444444444444 0.041254125412541254
0 0.245 0.4909240924092409 0.03666666666666667 0.041254125412541254
0 0.7066666666666667 0.3250825082508251 0.03333333333333333 0.039603960396039604
0 0.605 0.283003300330033 0.034444444444444444 0.041254125412541254
0 0.6055555555555555 0.1485148514851485 0.035555555555555556 0.052805280528052806
0 0.8105555555555556 0.745049504950495 0.03666666666666667 0.04455445544554455
0 0.5555555555555556 0.3234323432343234 0.03333333333333333 0.039603960396039604
0 0.7066666666666667 0.4909240924092409 0.03333333333333333 0.04455445544554455
0 0.2961111111111111 0.28135313531353134 0.03666666666666667 0.04455445544554455
0 0.8105555555555556 0.4084158415841584 0.03222222222222222 0.041254125412541254
0 0.7066666666666667 0.4075907590759076 0.03333333333333333 0.0429042904290429
0 0.7583333333333333 0.19471947194719472 0.034444444444444444 0.0462046204620462
0 0.45222222222222225 0.24092409240924093 0.035555555555555556 0.0429042904290429
0 0.45222222222222225 0.2838283828382838 0.035555555555555556 0.0429042904290429
0 0.2461111111111111 0.2400990099009901 0.03222222222222222 0.04455445544554455
0 0.9133333333333333 0.23927392739273928 0.03777777777777778 0.0462046204620462
0 0.9127777777777778 0.4075907590759076 0.034444444444444444 0.0429042904290429
0 0.09277777777777778 0.2367986798679868 0.034444444444444444 0.041254125412541254
0 0.8088888888888889 0.32673267326732675 0.03333333333333333 0.0429042904290429
0 0.19111111111111112 0.8283828382838284 0.035555555555555556 0.039603960396039604
0 0.19333333333333333 0.19141914191419143 0.035555555555555556 0.04950495049504951
0 0.9133333333333333 0.1905940594059406 0.035555555555555556 0.04785478547854786
0 0.86 0.23844884488448845 0.03333333333333333 0.04455445544554455
0 0.3477777777777778 0.27970297029702973 0.035555555555555556 0.04455445544554455
0 0.5544444444444444 0.19471947194719472 0.035555555555555556 0.0462046204620462
0 0.5544444444444444 0.14603960396039603 0.03333333333333333 0.04785478547854786
0 0.9127777777777778 0.28217821782178215 0.034444444444444444 0.039603960396039604
0 0.24444444444444444 0.3226072607260726 0.03111111111111111 0.041254125412541254
0 0.14333333333333334 0.27970297029702973 0.035555555555555556 0.04785478547854786
0 0.4 0.19471947194719472 0.035555555555555556 0.0462046204620462
0 0.6555555555555556 0.19306930693069307 0.03333333333333333 0.039603960396039604
0 0.24444444444444444 0.4067656765676568 0.03333333333333333 0.04455445544554455
0 0.4 0.2400990099009901 0.03333333333333333 0.04455445544554455
0 0.8083333333333333 0.28217821782178215 0.034444444444444444 0.0462046204620462
0 0.24222222222222223 0.7021452145214522 0.035555555555555556 0.04455445544554455
0 0.8611111111111112 0.4067656765676568 0.03333333333333333 0.04455445544554455
0 0.8111111111111111 0.5759075907590759 0.03333333333333333 0.0429042904290429
0 0.19166666666666668 0.5742574257425742 0.034444444444444444 0.0429042904290429
0 0.3488888888888889 0.1476897689768977 0.035555555555555556 0.05115511551155116
0 0.8111111111111111 0.6179867986798679 0.03333333333333333 0.041254125412541254
0 0.7061111111111111 0.14686468646864687 0.03888888888888889 0.0462046204620462
0 0.24444444444444444 0.44966996699669964 0.035555555555555556 0.041254125412541254
0 0.24666666666666667 0.19471947194719472 0.035555555555555556 0.0429042904290429
0 0.7583333333333333 0.2838283828382838 0.034444444444444444 0.039603960396039604
0 0.7072222222222222 0.3655115511551155 0.03222222222222222 0.041254125412541254
0 0.3488888888888889 0.36468646864686466 0.035555555555555556 0.0429042904290429
0 0.7588888888888888 0.14603960396039603 0.03333333333333333 0.05115511551155116
0 0.9127777777777778 0.36468646864686466 0.03222222222222222 0.0429042904290429
0 0.9133333333333333 0.44884488448844884 0.03333333333333333 0.039603960396039604
0 0.7061111111111111 0.2400990099009901 0.03222222222222222 0.041254125412541254
0 0.5027777777777778 0.4438943894389439 0.04111111111111111 0.0462046204620462
0 0.1938888888888889 0.28052805280528054 0.034444444444444444 0.0429042904290429
0 0.45166666666666666 0.3259075907590759 0.03666666666666667 0.041254125412541254
0 0.45 0.44884488448844884 0.035555555555555556 0.0429042904290429
0 0.24444444444444444 0.36386138613861385 0.03111111111111111 0.037953795379537955
0 0.29777777777777775 0.23844884488448845 0.03333333333333333 0.041254125412541254
0 0.7077777777777777 0.6179867986798679 0.03333333333333333 0.041254125412541254
0 0.19333333333333333 0.4067656765676568 0.03333333333333333 0.041254125412541254
0 0.3488888888888889 0.23597359735973597 0.035555555555555556 0.0429042904290429
0 0.8611111111111112 0.4900990099009901 0.03111111111111111 0.039603960396039604
0 0.245 0.28135313531353134 0.03 0.037953795379537955
0 0.34833333333333333 0.4084158415841584 0.034444444444444444 0.041254125412541254
0 0.8611111111111112 0.533003300330033 0.03333333333333333 0.0429042904290429
0 0.1922222222222222 0.4900990099009901 0.03111111111111111 0.039603960396039604
0 0.6066666666666667 0.41006600660066006 0.03111111111111111 0.041254125412541254
0 0.09055555555555556 0.4075907590759076 0.03666666666666667 0.039603960396039604
0 0.8611111111111112 0.5767326732673267 0.03333333333333333 0.041254125412541254
0 0.19333333333333333 0.3226072607260726 0.03333333333333333 0.041254125412541254
0 0.19166666666666668 0.9166666666666666 0.03666666666666667 0.04455445544554455
0 0.8622222222222222 0.6608910891089109 0.035555555555555556 0.037953795379537955
0 0.5555555555555556 0.49257425742574257 0.03333333333333333 0.037953795379537955
0 0.915 0.8704620462046204 0.03888888888888889 0.041254125412541254
0 0.09055555555555556 0.44966996699669964 0.034444444444444444 0.04455445544554455
0 0.5561111111111111 0.40594059405940597 0.034444444444444444 0.0462046204620462
0 0.08944444444444444 0.5346534653465347 0.03222222222222222 0.039603960396039604
0 0.7083333333333334 0.8259075907590759 0.03666666666666667 0.02145214521452145
0 0.515 0.7417491749174917 0.023333333333333334 0.028052805280528052
0 0.5144444444444445 0.721947194719472 0.022222222222222223 0.018151815181518153
0 0.1938888888888889 0.36386138613861385 0.034444444444444444 0.04455445544554455
0 0.8616666666666667 0.8712871287128713 0.034444444444444444 0.0462046204620462
0 0.5033333333333333 0.4834983498349835 0.042222222222222223 0.0297029702970297
0 0.1922222222222222 0.7013201320132013 0.035555555555555556 0.0429042904290429
0 0.2961111111111111 0.533003300330033 0.034444444444444444 0.0429042904290429
0 0.8116666666666666 0.7846534653465347 0.034444444444444444 0.024752475247524754
0 0.5044444444444445 0.3688118811881188 0.044444444444444446 0.034653465346534656
0 0.5044444444444445 0.33828382838283827 0.044444444444444446 0.026402640264026403
0 0.24666666666666667 0.14686468646864687 0.03333333333333333 0.052805280528052806
0 0.2961111111111111 0.6600660066006601 0.034444444444444444 0.0429042904290429
0 0.4533333333333333 0.1476897689768977 0.03111111111111111 0.04785478547854786
0 0.3477777777777778 0.6163366336633663 0.03333333333333333 0.041254125412541254
0 0.9138888888888889 0.8275577557755776 0.034444444444444444 0.04455445544554455
0 0.24333333333333335 0.6575907590759076 0.035555555555555556 0.04455445544554455
0 0.2427777777777778 0.7863036303630363 0.034444444444444444 0.041254125412541254
0 0.7066666666666667 0.5767326732673267 0.03111111111111111 0.041254125412541254
0 0.555 0.5346534653465347 0.034444444444444444 0.0429042904290429
0 0.2961111111111111 0.5734323432343235 0.034444444444444444 0.037953795379537955
0 0.29777777777777775 0.19471947194719472 0.03111111111111111 0.0429042904290429
0 0.3472222222222222 0.7013201320132013 0.034444444444444444 0.039603960396039604
0 0.8122222222222222 0.8250825082508251 0.03333333333333333 0.039603960396039604
0 0.5538888888888889 0.6179867986798679 0.034444444444444444 0.037953795379537955
0 0.19277777777777777 0.44801980198019803 0.03222222222222222 0.041254125412541254
0 0.8622222222222222 0.9174917491749175 0.035555555555555556 0.0429042904290429
0 0.7072222222222222 0.7029702970297029 0.034444444444444444 0.0429042904290429
0 0.3472222222222222 0.5321782178217822 0.034444444444444444 0.041254125412541254
0 0.915 0.7854785478547854 0.034444444444444444 0.039603960396039604
0 0.24444444444444444 0.6163366336633663 0.035555555555555556 0.037953795379537955
0 0.7077777777777777 0.7433993399339934 0.035555555555555556 0.041254125412541254
0 0.5044444444444445 0.20297029702970298 0.044444444444444446 0.0297029702970297
0 0.7583333333333333 0.2400990099009901 0.034444444444444444 0.04455445544554455
0 0.6544444444444445 0.28465346534653463 0.035555555555555556 0.04455445544554455
0 0.6555555555555556 0.2376237623762376 0.035555555555555556 0.0462046204620462
0 0.7588888888888888 0.32425742574257427 0.03333333333333333 0.041254125412541254
0 0.5555555555555556 0.24092409240924093 0.035555555555555556 0.0429042904290429
0 0.7066666666666667 0.28465346534653463 0.035555555555555556 0.04785478547854786
0 0.08722222222222223 0.8696369636963697 0.03888888888888889 0.0429042904290429
0 0.5044444444444445 0.16996699669966997 0.04 0.039603960396039604
0 0.4527777777777778 0.19554455445544555 0.034444444444444444 0.04785478547854786
0 0.8094444444444444 0.3655115511551155 0.03222222222222222 0.037953795379537955
0 0.09 0.6138613861386139 0.03777777777777778 0.0429042904290429
0 0.08722222222222223 0.9166666666666666 0.03888888888888889 0.04785478547854786
0 0.08833333333333333 0.7458745874587459 0.03666666666666667 0.0429042904290429
0 0.2966666666666667 0.3217821782178218 0.035555555555555556 0.033003300330033
0 0.09166666666666666 0.19389438943894388 0.034444444444444444 0.041254125412541254
0 0.45166666666666666 0.36633663366336633 0.03222222222222222 0.039603960396039604
0 0.08944444444444444 0.6592409240924092 0.03666666666666667 0.04455445544554455
0 0.555 0.36303630363036304 0.03222222222222222 0.039603960396039604
0 0.8616666666666667 0.7004950495049505 0.03222222222222222 0.041254125412541254
0 0.45111111111111113 0.4933993399339934 0.035555555555555556 0.0462046204620462
0 0.8605555555555555 0.44801980198019803 0.03222222222222222 0.037953795379537955
0 0.29555555555555557 0.36303630363036304 0.035555555555555556 0.0429042904290429
0 0.915 0.9141914191419142 0.034444444444444444 0.0429042904290429
0 0.08833333333333333 0.8267326732673267 0.034444444444444444 0.039603960396039604
0 0.5044444444444445 0.13613861386138615 0.042222222222222223 0.034653465346534656
0 0.19611111111111112 0.5313531353135313 0.027777777777777776 0.039603960396039604
0 0.7077777777777777 0.9166666666666666 0.035555555555555556 0.04455445544554455
0 0.08944444444444444 0.36303630363036304 0.034444444444444444 0.0462046204620462
0 0.08833333333333333 0.7854785478547854 0.034444444444444444 0.039603960396039604
0 0.19111111111111112 0.8704620462046204 0.035555555555555556 0.04455445544554455
0 0.09111111111111111 0.4933993399339934 0.035555555555555556 0.0429042904290429
0 0.08944444444444444 0.5734323432343235 0.034444444444444444 0.037953795379537955
0 0.295 0.7046204620462047 0.03666666666666667 0.0462046204620462
0 0.5038888888888889 0.27145214521452143 0.043333333333333335 0.03135313531353135
0 0.8105555555555556 0.533003300330033 0.034444444444444444 0.0429042904290429
0 0.08833333333333333 0.7021452145214522 0.03666666666666667 0.041254125412541254
0 0.8605555555555555 0.3234323432343234 0.03222222222222222 0.039603960396039604
0 0.5561111111111111 0.4513201320132013 0.034444444444444444 0.041254125412541254
0 0.24222222222222223 0.8275577557755776 0.035555555555555556 0.041254125412541254
0 0.915 0.7466996699669967 0.034444444444444444 0.041254125412541254
0 0.09055555555555556 0.3201320132013201 0.03666666666666667 0.039603960396039604
0 0.1922222222222222 0.6608910891089109 0.035555555555555556 0.041254125412541254
0 0.86 0.36386138613861385 0.03333333333333333 0.041254125412541254
0 0.8127777777777778 0.8671617161716172 0.03222222222222222 0.04455445544554455
0 0.8611111111111112 0.6196369636963697 0.03333333333333333 0.04455445544554455
0 0.34833333333333333 0.44884488448844884 0.034444444444444444 0.039603960396039604
0 0.5038888888888889 0.2376237623762376 0.043333333333333335 0.039603960396039604
0 0.3472222222222222 0.740924092409241 0.034444444444444444 0.0429042904290429
0 0.505 0.30445544554455445 0.043333333333333335 0.041254125412541254
0 0.7072222222222222 0.44801980198019803 0.03222222222222222 0.037953795379537955
0 0.24333333333333335 0.915016501650165 0.03777777777777778 0.04455445544554455
0 0.7083333333333334 0.7879537953795379 0.03666666666666667 0.04785478547854786
0 0.3477777777777778 0.4909240924092409 0.03333333333333333 0.041254125412541254
0 0.7072222222222222 0.6600660066006601 0.034444444444444444 0.0429042904290429
0 0.2966666666666667 0.4909240924092409 0.03111111111111111 0.04455445544554455
0 0.655 0.3259075907590759 0.03222222222222222 0.037953795379537955
0 0.1922222222222222 0.7425742574257426 0.035555555555555556 0.039603960396039604
0 0.34944444444444445 0.3226072607260726 0.03222222222222222 0.041254125412541254
0 0.09166666666666666 0.27887788778877887 0.034444444444444444 0.039603960396039604
0 0.3472222222222222 0.5742574257425742 0.03666666666666667 0.0429042904290429
0 0.8083333333333333 0.19306930693069307 0.03222222222222222 0.0429042904290429
0 0.2961111111111111 0.6146864686468647 0.034444444444444444 0.04455445544554455
0 0.2427777777777778 0.8688118811881188 0.03666666666666667 0.04455445544554455
0 0.8616666666666667 0.7854785478547854 0.034444444444444444 0.039603960396039604
0 0.3472222222222222 0.8308580858085809 0.03666666666666667 0.04455445544554455
0 0.2961111111111111 0.44801980198019803 0.034444444444444444 0.037953795379537955
0 0.8111111111111111 0.6592409240924092 0.03333333333333333 0.041254125412541254
0 0.3488888888888889 0.19554455445544555 0.035555555555555556 0.041254125412541254
0 0.3472222222222222 0.7863036303630363 0.034444444444444444 0.04455445544554455
0 0.6061111111111112 0.3688118811881188 0.03222222222222222 0.041254125412541254
0 0.3466666666666667 0.6592409240924092 0.035555555555555556 0.04455445544554455
0 0.5538888888888889 0.7021452145214522 0.034444444444444444 0.04455445544554455
0 0.915 0.7054455445544554 0.034444444444444444 0.04455445544554455
0 0.9144444444444444 0.6617161716171617 0.035555555555555556 0.0429042904290429
0 0.19055555555555556 0.7846534653465347 0.03222222222222222 0.04455445544554455
0 0.7083333333333334 0.8671617161716172 0.03666666666666667 0.05115511551155116
0 0.6555555555555556 0.36716171617161714 0.03333333333333333 0.04455445544554455
0 0.7066666666666667 0.19471947194719472 0.035555555555555556 0.04950495049504951
0 0.1922222222222222 0.6179867986798679 0.035555555555555556 0.04455445544554455
0 0.245 0.533003300330033 0.034444444444444444 0.039603960396039604
0 0.7588888888888888 0.40924092409240925 0.03111111111111111 0.039603960396039604
0 0.1938888888888889 0.2376237623762376 0.03222222222222222 0.0429042904290429
0 0.09166666666666666 0.14603960396039603 0.034444444444444444 0.05115511551155116
0 0.8111111111111111 0.44884488448844884 0.03111111111111111 0.039603960396039604
0 0.8116666666666666 0.9133663366336634 0.034444444444444444 0.04785478547854786
0 0.8616666666666667 0.8283828382838284 0.034444444444444444 0.0429042904290429
0 0.8622222222222222 0.7433993399339934 0.03333333333333333 0.041254125412541254
0 0.9122222222222223 0.4900990099009901 0.03111111111111111 0.039603960396039604
0 0.45166666666666666 0.4067656765676568 0.03222222222222222 0.041254125412541254
0 0.9127777777777778 0.5750825082508251 0.034444444444444444 0.04455445544554455
0 0.24222222222222223 0.745049504950495 0.035555555555555556 0.041254125412541254
0 0.7077777777777777 0.5346534653465347 0.03333333333333333 0.0429042904290429
0 0.8088888888888889 0.2376237623762376 0.03333333333333333 0.0429042904290429
0 0.9122222222222223 0.3217821782178218 0.03333333333333333 0.0429042904290429
0 0.9127777777777778 0.5321782178217822 0.034444444444444444 0.041254125412541254
0 0.245 0.5750825082508251 0.034444444444444444 0.04455445544554455
0 0.8111111111111111 0.7013201320132013 0.03111111111111111 0.0429042904290429
0 0.9138888888888889 0.6188118811881188 0.034444444444444444 0.0429042904290429
0 0.7594444444444445 0.3655115511551155 0.03222222222222222 0.041254125412541254
0 0.29777777777777775 0.14521452145214522 0.035555555555555556 0.052805280528052806
0 0.2961111111111111 0.4067656765676568 0.03666666666666667 0.04455445544554455