0 0.10722222222222222 0.3125 0.042222222222222223 0.05756578947368421
0 0.4816666666666667 0.30180921052631576 0.04555555555555556 0.047697368421052634
0 0.4866666666666667 0.32976973684210525 0.04777777777777778 0.05263157894736842
0 0.4711111111111111 0.23601973684210525 0.04666666666666667 0.047697368421052634
0 0.8183333333333334 0.06332236842105263 0.03777777777777778 0.03782894736842105
0 0.4533333333333333 0.109375 0.04666666666666667 0.049342105263157895
0 0.5077777777777778 0.4810855263157895 0.03666666666666667 0.046052631578947366
0 0.4572222222222222 0.14144736842105263 0.04888888888888889 0.05263157894736842
0 0.4622222222222222 0.17351973684210525 0.04888888888888889 0.046052631578947366
0 0.9111111111111111 0.3215460526315789 0.03333333333333333 0.05098684210526316
0 0.4666666666666667 0.20476973684210525 0.04777777777777778 0.05921052631578947
0 0.5783333333333334 0.24671052631578946 0.03888888888888889 0.054276315789473686
0 0.8794444444444445 0.125 0.03888888888888889 0.05098684210526316
0 0.4766666666666667 0.26726973684210525 0.04777777777777778 0.05921052631578947
0 0.5172222222222222 0.18585526315789475 0.03666666666666667 0.047697368421052634
0 0.21444444444444444 0.31167763157894735 0.03888888888888889 0.054276315789473686
0 0.06222222222222222 0.37417763157894735 0.03888888888888889 0.05098684210526316
0 0.26555555555555554 0.2902960526315789 0.03777777777777778 0.05098684210526316
0 0.7294444444444445 0.18832236842105263 0.04 0.054276315789473686
0 0.6338888888888888 0.2680921052631579 0.04 0.054276315789473686
0 0.6277777777777778 0.22779605263157895 0.04 0.05592105263157895
0 0.7661111111111111 0.08305921052631579 0.04 0.05921052631578947
0 0.2588888888888889 0.24753289473684212 0.04111111111111111 0.06578947368421052
0 0.3038888888888889 0.18421052631578946 0.04 0.05756578947368421
0 0.22111111111111112 0.3536184210526316 0.04111111111111111 0.05756578947368421
0 0.5844444444444444 0.2878289473684211 0.03888888888888889 0.05592105263157895
0 0.5905555555555555 0.32894736842105265 0.03888888888888889 0.05592105263157895
0 0.5661111111111111 0.16611842105263158 0.04 0.06085526315789474
0 0.9038888888888889 0.2845394736842105 0.04111111111111111 0.05263157894736842
0 0.4955555555555556 0.40213815789473684 0.044444444444444446 0.05756578947368421
0 0.42444444444444446 0.27055921052631576 0.04 0.05592105263157895
0 0.32222222222222224 0.3125 0.03777777777777778 0.054276315789473686
0 0.37277777777777776 0.2911184210526316 0.04111111111111111 0.05592105263157895
0 0.06833333333333333 0.4152960526315789 0.042222222222222223 0.06085526315789474
0 0.4172222222222222 0.22532894736842105 0.03888888888888889 0.06085526315789474
0 0.35388888888888886 0.16365131578947367 0.043333333333333335 0.06085526315789474
0 0.6038888888888889 0.060032894736842105 0.04 0.05592105263157895
0 0.8922222222222222 0.20476973684210525 0.04 0.05263157894736842
0 0.35944444444444446 0.20723684210526316 0.04 0.054276315789473686
0 0.8677777777777778 0.044407894736842105 0.04 0.054276315789473686
0 0.6838888888888889 0.24671052631578946 0.042222222222222223 0.05592105263157895
0 0.10166666666666667 0.26644736842105265 0.042222222222222223 0.05921052631578947
0 0.16277777777777777 0.33223684210526316 0.03888888888888889 0.05263157894736842
0 0.64 0.3092105263157895 0.04 0.054276315789473686
0 0.8977777777777778 0.2450657894736842 0.042222222222222223 0.05592105263157895
0 0.31 0.22779605263157895 0.04 0.05592105263157895
0 0.2722222222222222 0.3314144736842105 0.04111111111111111 0.05921052631578947
0 0.6727777777777778 0.16365131578947367 0.04 0.05756578947368421
0 0.6777777777777778 0.20476973684210525 0.04111111111111111 0.05756578947368421
0 0.7155555555555555 0.10526315789473684 0.042222222222222223 0.05756578947368421
0 0.15166666666666667 0.24753289473684212 0.042222222222222223 0.05921052631578947
0 0.8227777777777778 0.10361842105263158 0.042222222222222223 0.0625
0 0.05611111111111111 0.3305921052631579 0.042222222222222223 0.06578947368421052
0 0.12 0.3972039473684211 0.04 0.05756578947368421
0 0.6227777777777778 0.18832236842105263 0.04 0.054276315789473686
0 0.5016666666666667 0.4440789473684211 0.043333333333333335 0.05756578947368421
0 0.6161111111111112 0.14638157894736842 0.04111111111111111 0.05592105263157895
0 0.6094444444444445 0.10526315789473684 0.04 0.05592105263157895
0 0.17 0.375 0.04111111111111111 0.05921052631578947
0 0.8622222222222222 0.015625 0.04111111111111111 0.03125
0 0.5727777777777778 0.20888157894736842 0.04 0.054276315789473686
0 0.5227777777777778 0.22861842105263158 0.04111111111111111 0.05921052631578947
0 0.7727777777777778 0.12664473684210525 0.04 0.05756578947368421
0 0.7233333333333334 0.14720394736842105 0.04 0.05756578947368421
0 0.5094444444444445 0.14473684210526316 0.04111111111111111 0.06578947368421052
0 0.7344444444444445 0.22861842105263158 0.04111111111111111 0.05592105263157895
0 0.8855555555555555 0.16365131578947367 0.042222222222222223 0.05592105263157895
0 0.71 0.06414473684210527 0.04111111111111111 0.05592105263157895
0 0.8111111111111111 0.027138157894736843 0.042222222222222223 0.054276315789473686
0 0.7038888888888889 0.024671052631578948 0.042222222222222223 0.049342105263157895
0 0.15777777777777777 0.29194078947368424 0.04111111111111111 0.05592105263157895
0 0.8738888888888889 0.08552631578947369 0.042222222222222223 0.05756578947368421
0 0.11444444444444445 0.35444078947368424 0.043333333333333335 0.05756578947368421
0 0.31666666666666665 0.27055921052631576 0.04111111111111111 0.05756578947368421
0 0.36666666666666664 0.25 0.043333333333333335 0.05756578947368421