0 0.468 0.7433903576982893 0.044 0.04665629860031104
0 0.4013333333333333 0.750388802488336 0.03333333333333333 0.041990668740279936
0 0.13866666666666666 0.5202177293934681 0.03333333333333333 0.04043545878693624
0 0.4086666666666667 0.3818040435458787 0.042666666666666665 0.04665629860031104
0 0.176 0.6640746500777605 0.04666666666666667 0.04354587869362364
0 0.498 0.9230171073094868 0.04533333333333334 0.04510108864696734
0 0.7613333333333333 0.7099533437013997 0.044 0.04354587869362364
0 0.7513333333333333 0.6376360808709176 0.04533333333333334 0.04665629860031104
0 0.154 0.44245723172628304 0.03333333333333333 0.04043545878693624
0 0.24933333333333332 0.7659409020217729 0.04133333333333333 0.04043545878693624
0 0.12733333333333333 0.4463452566096423 0.03333333333333333 0.041990668740279936
0 0.11466666666666667 0.374805598755832 0.037333333333333336 0.04354587869362364
0 0.2733333333333333 0.578538102643857 0.04 0.038880248833592534
0 0.88 0.43779160186625193 0.04533333333333334 0.04510108864696734
0 0.898 0.5489891135303266 0.04533333333333334 0.04354587869362364
0 0.4186666666666667 0.45334370139968894 0.04 0.04043545878693624
0 0.49533333333333335 0.5925349922239502 0.04 0.038880248833592534
0 0.352 0.7169517884914464 0.04133333333333333 0.04043545878693624
0 0.7546666666666667 0.3452566096423017 0.042666666666666665 0.041990668740279936
0 0.39066666666666666 0.6057542768273717 0.042666666666666665 0.041990668740279936
0 0.736 0.5629860031104199 0.04133333333333333 0.04354587869362364
0 0.814 0.3786936236391913 0.048 0.04510108864696734
0 0.3546666666666667 0.38880248833592534 0.04133333333333333 0.04354587869362364
0 0.8073333333333333 0.3405909797822706 0.04533333333333334 0.04665629860031104
0 0.466 0.41135303265940903 0.04 0.04354587869362364
0 0.16933333333333334 0.6275272161741835 0.04666666666666667 0.04665629860031104
0 0.542 0.36702954898911355 0.04133333333333333 0.038880248833592534
0 0.3586666666666667 0.7527216174183515 0.042666666666666665 0.04510108864696734
0 0.7126666666666667 0.42223950233281493 0.04133333333333333 0.04510108864696734
0 0.36533333333333334 0.4603421461897356 0.04 0.04043545878693624
0 0.778 0.4867807153965785 0.04 0.038880248833592534
0 0.838 0.5186625194401244 0.04533333333333334 0.04510108864696734
0 0.8853333333333333 0.4751166407465008 0.04533333333333334 0.041990668740279936
0 0.7946666666666666 0.5956454121306376 0.044 0.04354587869362364
0 0.51 0.6632970451010887 0.04533333333333334 0.041990668740279936
0 0.5886666666666667 0.32426127527216175 0.03866666666666667 0.038880248833592534
0 0.438 0.562208398133748 0.042666666666666665 0.04354587869362364
0 0.7566666666666667 0.6757387247278382 0.04133333333333333 0.04043545878693624
0 0.7313333333333333 0.5287713841368584 0.03866666666666667 0.03732503888024884
0 0.6406666666666667 0.31804043545878696 0.042666666666666665 0.04821150855365474
0 0.6533333333333333 0.7208398133748056 0.044 0.04354587869362364
0 0.30466666666666664 0.7620528771384136 0.04666666666666667 0.04821150855365474
0 0.22533333333333333 0.6236391912908242 0.04666666666666667 0.04510108864696734
0 0.548 0.39968895800933124 0.03866666666666667 0.038880248833592534
0 0.5993333333333334 0.7262830482115086 0.042666666666666665 0.041990668740279936
0 0.166 0.5163297045101088 0.034666666666666665 0.041990668740279936
0 0.8266666666666667 0.44556765163297046 0.042666666666666665 0.041990668740279936
0 0.642 0.6493001555209953 0.036 0.04043545878693624
0 0.572 0.5443234836702955 0.04 0.038880248833592534
0 0.772 0.45023328149300157 0.042666666666666665 0.04354587869362364
0 0.6773333333333333 0.5357698289269052 0.03866666666666667 0.038880248833592534
0 0.33466666666666667 0.609642301710731 0.042666666666666665 0.04043545878693624
0 0.856 0.2962674961119751 0.04533333333333334 0.04665629860031104
0 0.566 0.5085536547433903 0.037333333333333336 0.038880248833592534
0 0.742 0.6003110419906688 0.042666666666666665 0.041990668740279936
0 0.37733333333333335 0.5342146189735615 0.044 0.04665629860031104
0 0.23733333333333334 0.6944012441679627 0.04666666666666667 0.04821150855365474
0 0.21266666666666667 0.5497667185069984 0.04133333333333333 0.04354587869362364
0 0.554 0.43623639191290825 0.044 0.04510108864696734
0 0.25466666666666665 0.46967340590979784 0.04666666666666667 0.04821150855365474
0 0.29333333333333333 0.35303265940902023 0.04533333333333334 0.04821150855365474
0 0.43266666666666664 0.7822706065318819 0.029333333333333333 0.03421461897356143
0 0.45266666666666666 0.33825816485225507 0.042666666666666665 0.04665629860031104
0 0.268 0.9494556765163297 0.034666666666666665 0.04043545878693624
0 0.2673333333333333 0.8755832037325039 0.04533333333333334 0.04510108864696734
0 0.4746666666666667 0.7783825816485226 0.03866666666666667 0.03732503888024884
0 0.9513333333333334 0.8716951788491446 0.044 0.04043545878693624
0 0.5773333333333334 0.8032659409020217 0.028 0.03265940902021773
0 0.9453333333333334 0.8351477449455676 0.044 0.041990668740279936
0 0.384 0.8973561430793157 0.042666666666666665 0.041990668740279936
0 0.12 0.4097978227060653 0.03333333333333333 0.03732503888024884
0 0.378 0.864696734059098 0.044 0.041990668740279936
0 0.43866666666666665 0.8188180404354588 0.032 0.04043545878693624
0 0.412 0.8219284603421462 0.032 0.038880248833592534
0 0.47533333333333333 0.22161741835147744 0.037333333333333336 0.03265940902021773
0 0.38333333333333336 0.5707620528771384 0.042666666666666665 0.04510108864696734
0 0.274 0.9129082426127527 0.04666666666666667 0.04665629860031104
0 0.786 0.8506998444790047 0.042666666666666665 0.04354587869362364
0 0.388 0.932348367029549 0.04666666666666667 0.04510108864696734
0 0.194 0.7690513219284604 0.04 0.038880248833592534
0 0.5133333333333333 0.4595645412130638 0.034666666666666665 0.04043545878693624
0 0.17 0.5536547433903577 0.032 0.03576982892690513
0 0.206 0.8444790046656299 0.04533333333333334 0.04665629860031104
0 0.9393333333333334 0.7993779160186625 0.04666666666666667 0.04665629860031104
0 0.89 0.5132192846034215 0.04 0.04354587869362364
0 0.49266666666666664 0.885692068429238 0.044 0.04354587869362364
0 0.768 0.7457231726283048 0.042666666666666665 0.04510108864696734
0 0.532 0.8087091757387247 0.04133333333333333 0.04043545878693624
0 0.23133333333333334 0.6586314152410575 0.044 0.041990668740279936
0 0.922 0.6905132192846034 0.04666666666666667 0.04665629860031104
0 0.14066666666666666 0.37091757387247276 0.032 0.038880248833592534
0 0.5833333333333334 0.619751166407465 0.04 0.04043545878693624
0 0.46266666666666667 0.7052877138413686 0.04533333333333334 0.04510108864696734
0 0.20133333333333334 0.47667185069984447 0.044 0.04510108864696734
0 0.28733333333333333 0.3164852255054432 0.04 0.03110419906687403
0 0.29333333333333333 0.9471228615863142 0.030666666666666665 0.03576982892690513
0 0.5313333333333333 0.291601866251944 0.037333333333333336 0.027993779160186624
0 0.17733333333333334 0.3273716951788491 0.04 0.03265940902021773
0 0.862 0.3320373250388802 0.042666666666666665 0.03110419906687403
0 0.7413333333333333 0.27060653188180406 0.04133333333333333 0.03265940902021773
0 0.2 0.8048211508553654 0.044 0.04665629860031104
0 0.486 0.8506998444790047 0.04133333333333333 0.04043545878693624
0 0.48 0.25038880248833595 0.03866666666666667 0.03732503888024884
0 0.8373333333333334 0.8475894245723172 0.04533333333333334 0.04510108864696734
0 0.21866666666666668 0.5878693623639192 0.04666666666666667 0.04510108864696734
0 0.5093333333333333 0.42534992223950235 0.03333333333333333 0.03421461897356143
0 0.934 0.7636080870917574 0.044 0.04043545878693624
0 0.5373333333333333 0.8429237947122862 0.04133333333333333 0.038880248833592534
0 0.738 0.8950233281493002 0.04 0.03732503888024884
0 0.366 0.7900466562986003 0.04133333333333333 0.038880248833592534
0 0.5046666666666667 0.3911353032659409 0.03866666666666667 0.04354587869362364
0 0.5893333333333334 0.6524105754276828 0.04 0.038880248833592534
0 0.2613333333333333 0.8374805598755832 0.044 0.041990668740279936
0 0.874 0.40435458786936235 0.04 0.03732503888024884
0 0.6246666666666667 0.8709175738724728 0.04 0.03732503888024884
0 0.406 0.7869362363919129 0.032 0.038880248833592534
0 0.8013333333333333 0.6306376360808709 0.04133333333333333 0.041990668740279936
0 0.7773333333333333 0.8172628304821151 0.04133333333333333 0.04043545878693624
0 0.4013333333333333 0.6765163297045101 0.04533333333333334 0.04665629860031104
0 0.63 0.9051321928460342 0.042666666666666665 0.038880248833592534
0 0.792 0.8872472783825817 0.04533333333333334 0.04354587869362364
0 0.3473333333333333 0.6835147744945568 0.044 0.041990668740279936
0 0.544 0.8771384136858476 0.042666666666666665 0.04665629860031104
0 0.82 0.73950233281493 0.042666666666666665 0.04354587869362364
0 0.15933333333333333 0.4797822706065319 0.030666666666666665 0.03576982892690513
0 0.18266666666666667 0.6998444790046656 0.04533333333333334 0.041990668740279936
0 0.256 0.8017107309486781 0.04533333333333334 0.04665629860031104
0 0.814 0.702954898911353 0.042666666666666665 0.041990668740279936
0 0.8206666666666667 0.4121306376360809 0.04133333333333333 0.03732503888024884
0 0.37 0.8250388802488335 0.044 0.04665629860031104
0 0.6606666666666666 0.7589424572317263 0.04 0.04510108864696734
0 0.2926666666666667 0.6889580093312597 0.044 0.04354587869362364
0 0.4086666666666667 0.7130637636080871 0.042666666666666665 0.038880248833592534
0 0.13333333333333333 0.48367029548989116 0.030666666666666665 0.03576982892690513
0 0.42733333333333334 0.7472783825816485 0.032 0.04043545878693624
0 0.45666666666666667 0.671850699844479 0.042666666666666665 0.041990668740279936
0 0.9153333333333333 0.6547433903576982 0.04533333333333334 0.04354587869362364
0 0.6073333333333333 0.7620528771384136 0.044 0.04510108864696734
0 0.514 0.6982892690513219 0.04533333333333334 0.041990668740279936
0 0.7733333333333333 0.7822706065318819 0.04133333333333333 0.04043545878693624
0 0.7206666666666667 0.7884914463452566 0.042666666666666665 0.04354587869362364
0 0.7326666666666667 0.8600311041990669 0.04133333333333333 0.04354587869362364
0 0.9093333333333333 0.6189735614307932 0.04133333333333333 0.04043545878693624
0 0.32866666666666666 0.573094867807154 0.037333333333333336 0.03732503888024884
0 0.16333333333333333 0.588646967340591 0.044 0.04354587869362364
0 0.832 0.8110419906687403 0.044 0.041990668740279936
0 0.8266666666666667 0.776049766718507 0.042666666666666665 0.04354587869362364
0 0.5513333333333333 0.916796267496112 0.04 0.04043545878693624
0 0.726 0.8227060653188181 0.044 0.04354587869362364
0 0.902 0.5847589424572317 0.042666666666666665 0.04354587869362364
0 0.8006666666666666 0.30171073094867806 0.042666666666666665 0.04821150855365474
0 0.6173333333333333 0.8343701399688958 0.042666666666666665 0.04665629860031104
0 0.492 0.3188180404354588 0.036 0.038880248833592534
0 0.526 0.7729393468118196 0.04533333333333334 0.04665629860031104
0 0.48 0.8133748055987559 0.044 0.04354587869362364
0 0.18733333333333332 0.7356143079315708 0.044 0.04354587869362364
0 0.24333333333333335 0.7309486780715396 0.044 0.041990668740279936
0 0.844 0.8833592534992224 0.042666666666666665 0.04043545878693624
0 0.808 0.6671850699844479 0.042666666666666665 0.04510108864696734
0 0.47533333333333333 0.48522550544323484 0.037333333333333336 0.041990668740279936
0 0.14733333333333334 0.40746500777604977 0.032 0.03732503888024884
0 0.684 0.5707620528771384 0.03866666666666667 0.03732503888024884
0 0.6133333333333333 0.7978227060653188 0.04 0.04043545878693624
0 0.7146666666666667 0.7480559875583204 0.044 0.04821150855365474
0 0.928 0.7262830482115086 0.048 0.04665629860031104
0 0.24266666666666667 0.39580093312597203 0.044 0.04354587869362364
0 0.346 0.3514774494556765 0.04133333333333333 0.04510108864696734
0 0.7253333333333334 0.4937791601866252 0.04133333333333333 0.04043545878693624
0 0.8673333333333333 0.3678071539657854 0.04666666666666667 0.04665629860031104
0 0.26266666666666666 0.5085536547433903 0.044 0.041990668740279936
0 0.5186666666666667 0.7348367029548989 0.044 0.04354587869362364
0 0.298 0.723950233281493 0.044 0.04354587869362364
0 0.20733333333333334 0.5132192846034215 0.042666666666666665 0.04354587869362364
0 0.6 0.3965785381026439 0.04 0.04043545878693624
0 0.6473333333333333 0.3545878693623639 0.04533333333333334 0.041990668740279936
0 0.286 0.6531881804043546 0.04 0.038880248833592534
0 0.432 0.5272161741835147 0.04 0.04043545878693624
0 0.39666666666666667 0.6415241057542769 0.042666666666666665 0.04043545878693624
0 0.7486666666666667 0.30637636080870917 0.042666666666666665 0.04665629860031104
0 0.372 0.4953343701399689 0.044 0.041990668740279936
0 0.666 0.463452566096423 0.04 0.04043545878693624
0 0.49 0.5567651632970451 0.04 0.04043545878693624
0 0.6953333333333334 0.31337480559875586 0.04 0.04665629860031104
0 0.32266666666666666 0.5404354587869362 0.044 0.04354587869362364
0 0.7013333333333334 0.3514774494556765 0.042666666666666665 0.04354587869362364
0 0.6893333333333334 0.6073094867807154 0.044 0.04821150855365474
0 0.7593333333333333 0.380248833592535 0.042666666666666665 0.04510108864696734
0 0.4826666666666667 0.5217729393468118 0.04 0.04043545878693624
0 0.414 0.4199066874027994 0.042666666666666665 0.04354587869362364
0 0.8306666666666667 0.4813374805598756 0.04666666666666667 0.04665629860031104
0 0.42533333333333334 0.48989113530326595 0.04133333333333333 0.04354587869362364
0 0.23666666666666666 0.3608087091757387 0.044 0.041990668740279936
0 0.7646666666666667 0.41601866251944014 0.044 0.041990668740279936
0 0.6526666666666666 0.39035769828926903 0.044 0.041990668740279936
0 0.24866666666666667 0.432348367029549 0.04133333333333333 0.04354587869362364
0 0.4866666666666667 0.28615863141524106 0.03866666666666667 0.04043545878693624
0 0.4593333333333333 0.37558320373250387 0.044 0.041990668740279936
0 0.56 0.4758942457231726 0.04133333333333333 0.041990668740279936
0 0.6373333333333333 0.6135303265940902 0.04133333333333333 0.041990668740279936
0 0.7193333333333334 0.4603421461897356 0.044 0.04354587869362364
0 0.40066666666666667 0.3421461897356143 0.042666666666666665 0.04665629860031104
0 0.7066666666666667 0.38724727838258166 0.04 0.038880248833592534
0 0.4706666666666667 0.44867807153965783 0.04 0.04043545878693624
0 0.45066666666666666 0.635303265940902 0.04 0.04354587869362364
0 0.5946666666666667 0.6889580093312597 0.044 0.04510108864696734
0 0.7893333333333333 0.5567651632970451 0.04666666666666667 0.04665629860031104
0 0.18866666666666668 0.40279937791601866 0.044 0.041990668740279936
0 0.5946666666666667 0.36003110419906686 0.042666666666666665 0.04354587869362364
0 0.268 0.5435458786936236 0.044 0.04510108864696734
0 0.784 0.52099533437014 0.044 0.041990668740279936
0 0.31733333333333336 0.49922239502332816 0.044 0.04354587869362364
0 0.6173333333333333 0.505443234836703 0.044 0.04354587869362364
0 0.44333333333333336 0.5987558320373251 0.044 0.041990668740279936
0 0.36 0.42534992223950235 0.042666666666666665 0.04354587869362364
0 0.30533333333333335 0.4307931570762053 0.04533333333333334 0.041990668740279936
0 0.5366666666666666 0.3297045101088647 0.042666666666666665 0.04665629860031104
0 0.3406666666666667 0.6469673405909798 0.042666666666666665 0.04354587869362364
0 0.606 0.4307931570762053 0.044 0.041990668740279936
0 0.312 0.46500777604976673 0.042666666666666665 0.04043545878693624
0 0.502 0.6267496111975117 0.044 0.04510108864696734
0 0.6113333333333333 0.468895800933126 0.04666666666666667 0.04821150855365474
0 0.578 0.583203732503888 0.044 0.04510108864696734
0 0.624 0.5419906687402799 0.04133333333333333 0.04043545878693624
0 0.2786666666666667 0.6150855365474339 0.044 0.04821150855365474
0 0.672 0.49922239502332816 0.04533333333333334 0.04510108864696734
0 0.6306666666666667 0.5777604976671851 0.042666666666666665 0.04510108864696734
0 0.648 0.6850699844479005 0.044 0.04510108864696734
0 0.18266666666666667 0.36625194401244165 0.04 0.04510108864696734
0 0.6586666666666666 0.4276827371695179 0.044 0.04354587869362364
0 0.29933333333333334 0.3942457231726283 0.044 0.04665629860031104
0 0.196 0.4385692068429238 0.042666666666666665 0.04354587869362364