0 0.6688888888888889 0.7911184210526315 0.043333333333333335 0.05756578947368421
0 0.17166666666666666 0.4662828947368421 0.027777777777777776 0.04276315789473684
0 0.19666666666666666 0.4753289473684211 0.027777777777777776 0.044407894736842105
0 0.15555555555555556 0.5904605263157895 0.025555555555555557 0.04276315789473684
0 0.11722222222222223 0.5789473684210527 0.04 0.05263157894736842
0 0.18611111111111112 0.5583881578947368 0.02666666666666667 0.046052631578947366
0 0.20555555555555555 0.3042763157894737 0.04111111111111111 0.05592105263157895
0 0.16277777777777777 0.5476973684210527 0.027777777777777776 0.04276315789473684
0 0.11444444444444445 0.19407894736842105 0.043333333333333335 0.05756578947368421
0 0.3661111111111111 0.7006578947368421 0.042222222222222223 0.05263157894736842
0 0.77 0.8231907894736842 0.04 0.054276315789473686
0 0.925 0.5337171052631579 0.028888888888888888 0.044407894736842105
0 0.17555555555555555 0.640625 0.028888888888888888 0.044407894736842105
0 0.41388888888888886 0.41776315789473684 0.027777777777777776 0.04276315789473684
0 0.5716666666666667 0.42269736842105265 0.028888888888888888 0.046052631578947366
0 0.32166666666666666 0.21710526315789475 0.03888888888888889 0.047697368421052634
0 0.10277777777777777 0.2787828947368421 0.044444444444444446 0.05756578947368421
0 0.8205555555555556 0.8412828947368421 0.043333333333333335 0.05592105263157895
0 0.1661111111111111 0.5049342105263158 0.027777777777777776 0.04276315789473684
0 0.8255555555555556 0.7985197368421053 0.042222222222222223 0.05263157894736842
0 0.26611111111111113 0.24342105263157895 0.04 0.05263157894736842
0 0.5661111111111111 0.46463815789473684 0.027777777777777776 0.04276315789473684
0 0.4177777777777778 0.7154605263157895 0.03888888888888889 0.05263157894736842
0 0.9238888888888889 0.4506578947368421 0.03888888888888889 0.05263157894736842
0 0.8622222222222222 0.5189144736842105 0.04111111111111111 0.05592105263157895
0 0.725 0.7664473684210527 0.04111111111111111 0.05098684210526316
0 0.6261111111111111 0.3125 0.04 0.049342105263157895
0 0.41055555555555556 0.4564144736842105 0.02666666666666667 0.04111842105263158
0 0.6316666666666667 0.26726973684210525 0.04 0.05921052631578947
0 0.72 0.8083881578947368 0.042222222222222223 0.05592105263157895
0 0.21611111111111111 0.22450657894736842 0.043333333333333335 0.0625
0 0.8166666666666667 0.4613486842105263 0.04 0.05263157894736842
0 0.27111111111111114 0.1981907894736842 0.042222222222222223 0.05756578947368421
0 0.15222222222222223 0.29194078947368424 0.03888888888888889 0.054276315789473686
0 0.7805555555555556 0.7384868421052632 0.04 0.05921052631578947
0 0.8672222222222222 0.4769736842105263 0.04 0.05263157894736842
0 0.715 0.4292763157894737 0.03888888888888889 0.049342105263157895
0 0.6655555555555556 0.4087171052631579 0.04 0.049342105263157895
0 0.12333333333333334 0.5345394736842105 0.04111111111111111 0.05756578947368421
0 0.31666666666666665 0.2590460526315789 0.04111111111111111 0.05592105263157895
0 0.68 0.7064144736842105 0.04111111111111111 0.05921052631578947
0 0.41388888888888886 0.3314144736842105 0.04111111111111111 0.05263157894736842
0 0.93 0.40707236842105265 0.044444444444444446 0.05756578947368421
0 0.36277777777777775 0.3149671052631579 0.04111111111111111 0.049342105263157895
0 0.6211111111111111 0.3536184210526316 0.04111111111111111 0.054276315789473686
0 0.4988888888888889 0.4777960526315789 0.04555555555555556 0.05756578947368421
0 0.11166666666666666 0.6200657894736842 0.042222222222222223 0.05592105263157895
0 0.3283333333333333 0.171875 0.042222222222222223 0.06414473684210527
0 0.7661111111111111 0.44243421052631576 0.04111111111111111 0.05098684210526316
0 0.49444444444444446 0.5197368421052632 0.04666666666666667 0.05263157894736842
0 0.57 0.3371710526315789 0.03888888888888889 0.054276315789473686
0 0.8316666666666667 0.7541118421052632 0.043333333333333335 0.05921052631578947
0 0.3761111111111111 0.6151315789473685 0.04111111111111111 0.05756578947368421
0 0.6588888888888889 0.45148026315789475 0.043333333333333335 0.05756578947368421
0 0.8111111111111111 0.5008223684210527 0.04 0.049342105263157895
0 0.7305555555555555 0.7220394736842105 0.042222222222222223 0.05921052631578947
0 0.4222222222222222 0.6743421052631579 0.04111111111111111 0.049342105263157895
0 0.8227777777777778 0.4144736842105263 0.04111111111111111 0.05921052631578947
0 0.5144444444444445 0.37582236842105265 0.04666666666666667 0.046052631578947366
0 0.8133333333333334 0.990953947368421 0.028888888888888888 0.018092105263157895
0 0.5183333333333333 0.3404605263157895 0.05 0.054276315789473686
0 0.5216666666666666 0.31085526315789475 0.04666666666666667 0.04276315789473684
0 0.5305555555555556 0.2450657894736842 0.04777777777777778 0.04276315789473684
0 0.5105555555555555 0.40460526315789475 0.04666666666666667 0.047697368421052634
0 0.92 0.48930921052631576 0.03888888888888889 0.03782894736842105
0 0.48833333333333334 0.5608552631578947 0.04111111111111111 0.049342105263157895
0 0.7122222222222222 0.9728618421052632 0.027777777777777776 0.04111842105263158
0 0.54 0.18174342105263158 0.04888888888888889 0.047697368421052634
0 0.3711111111111111 0.6587171052631579 0.04 0.049342105263157895
0 0.2127777777777778 0.3536184210526316 0.024444444444444446 0.04276315789473684
0 0.8255555555555556 0.8856907894736842 0.03111111111111111 0.04276315789473684
0 0.7261111111111112 0.8519736842105263 0.027777777777777776 0.039473684210526314
0 0.5355555555555556 0.21463815789473684 0.04666666666666667 0.046052631578947366
0 0.7755555555555556 0.8675986842105263 0.027777777777777776 0.044407894736842105
0 0.5266666666666666 0.27713815789473684 0.04888888888888889 0.054276315789473686
0 0.15888888888888889 0.25164473684210525 0.03888888888888889 0.049342105263157895
0 0.7716666666666666 0.9070723684210527 0.02666666666666667 0.04111842105263158
0 0.7216666666666667 0.8922697368421053 0.03 0.044407894736842105
0 0.47444444444444445 0.7639802631578947 0.023333333333333334 0.03289473684210526
0 0.10833333333333334 0.743421052631579 0.027777777777777776 0.04111842105263158
0 0.9205555555555556 0.5756578947368421 0.027777777777777776 0.04276315789473684
0 0.10833333333333334 0.23601973684210525 0.04111111111111111 0.049342105263157895
0 0.20222222222222222 0.43667763157894735 0.02666666666666667 0.04111842105263158
0 0.11388888888888889 0.7039473684210527 0.027777777777777776 0.04111842105263158
0 0.18722222222222223 0.3462171052631579 0.028888888888888888 0.044407894736842105
0 0.6738888888888889 0.7491776315789473 0.03888888888888889 0.05098684210526316
0 0.17944444444444443 0.6011513157894737 0.025555555555555557 0.04111842105263158
0 0.26055555555555554 0.28536184210526316 0.042222222222222223 0.049342105263157895
0 0.775 0.78125 0.04111111111111111 0.05263157894736842
0 0.11833333333333333 0.6677631578947368 0.028888888888888888 0.04111842105263158
0 0.5644444444444444 0.37911184210526316 0.04 0.046052631578947366
0 0.1761111111111111 0.42680921052631576 0.027777777777777776 0.044407894736842105
0 0.18166666666666667 0.38651315789473684 0.027777777777777776 0.04276315789473684
0 0.8216666666666667 0.9235197368421053 0.028888888888888888 0.044407894736842105
0 0.20777777777777778 0.3939144736842105 0.027777777777777776 0.046052631578947366
0 0.165 0.21134868421052633 0.04 0.05592105263157895
0 0.41944444444444445 0.2886513157894737 0.04111111111111111 0.05592105263157895
0 0.46444444444444444 0.3470394736842105 0.04 0.05263157894736842
0 0.42777777777777776 0.6291118421052632 0.043333333333333335 0.05921052631578947
0 0.4711111111111111 0.3034539473684211 0.04111111111111111 0.054276315789473686
0 0.36833333333333335 0.2722039473684211 0.04111111111111111 0.05756578947368421
0 0.7716666666666666 0.3996710526315789 0.042222222222222223 0.05756578947368421
0 0.45944444444444443 0.3873355263157895 0.03777777777777778 0.05263157894736842
0 0.7205555555555555 0.3848684210526316 0.042222222222222223 0.05756578947368421
0 0.71 0.46792763157894735 0.04 0.05263157894736842
0 0.7616666666666667 0.4819078947368421 0.04 0.049342105263157895
0 0.5755555555555556 0.29194078947368424 0.042222222222222223 0.05756578947368421
0 0.8733333333333333 0.43256578947368424 0.042222222222222223 0.05756578947368421
0 0.6705555555555556 0.36430921052631576 0.043333333333333335 0.05921052631578947
0 0.4088888888888889 0.3725328947368421 0.04111111111111111 0.054276315789473686
0 0.3572222222222222 0.3569078947368421 0.043333333333333335 0.054276315789473686