0 0.39066666666666666 0.4775541795665635 0.04 0.04489164086687306
0 0.7413333333333333 0.6044891640866873 0.030666666666666665 0.03560371517027864
0 0.424 0.5851393188854489 0.04 0.034055727554179564
0 0.714 0.7438080495356038 0.032 0.03715170278637771
0 0.7633333333333333 0.42105263157894735 0.042666666666666665 0.04179566563467492
0 0.14333333333333334 0.5696594427244582 0.037333333333333336 0.04179566563467492
0 0.32133333333333336 0.8382352941176471 0.04666666666666667 0.04953560371517028
0 0.42733333333333334 0.5565015479876161 0.042666666666666665 0.04179566563467492
0 0.8653333333333333 0.47678018575851394 0.04533333333333334 0.04643962848297214
0 0.17866666666666667 0.39705882352941174 0.037333333333333336 0.043343653250773995
0 0.872 0.44040247678018574 0.04533333333333334 0.04953560371517028
0 0.3353333333333333 0.7685758513931888 0.04533333333333334 0.047987616099071206
0 0.614 0.6114551083591331 0.04666666666666667 0.04953560371517028
0 0.462 0.38390092879256965 0.04133333333333333 0.04179566563467492
0 0.4553333333333333 0.413312693498452 0.042666666666666665 0.04024767801857585
0 0.33666666666666667 0.4674922600619195 0.03866666666666667 0.04643962848297214
0 0.5073333333333333 0.8722910216718266 0.048 0.05417956656346749
0 0.186 0.3544891640866873 0.03866666666666667 0.04179566563467492
0 0.536 0.7345201238390093 0.048 0.05108359133126935
0 0.3466666666666667 0.7089783281733746 0.042666666666666665 0.04179566563467492
0 0.116 0.7260061919504643 0.04533333333333334 0.04953560371517028
0 0.716 0.3784829721362229 0.04533333333333334 0.04953560371517028
0 0.306 0.6246130030959752 0.04133333333333333 0.04489164086687306
0 0.45 0.4434984520123839 0.04133333333333333 0.04179566563467492
0 0.6293333333333333 0.5356037151702786 0.048 0.06037151702786378
0 0.15666666666666668 0.8041795665634675 0.04666666666666667 0.05727554179566564
0 0.2986666666666667 0.6594427244582043 0.04533333333333334 0.047987616099071206
0 0.168 0.4481424148606811 0.042666666666666665 0.04643962848297214
0 0.31933333333333336 0.544891640866873 0.044 0.047987616099071206
0 0.5306666666666666 0.25232198142414863 0.04 0.043343653250773995
0 0.352 0.6756965944272446 0.044 0.04489164086687306
0 0.358 0.641640866873065 0.04 0.043343653250773995
0 0.16 0.4914860681114551 0.04533333333333334 0.04953560371517028
0 0.47333333333333333 0.32739938080495357 0.04133333333333333 0.04489164086687306
0 0.326 0.5061919504643962 0.042666666666666665 0.04643962848297214
0 0.16866666666666666 0.7368421052631579 0.04933333333333333 0.05263157894736842
0 0.5626666666666666 0.596749226006192 0.04533333333333334 0.05572755417956656
0 0.37666666666666665 0.5441176470588235 0.04133333333333333 0.043343653250773995
0 0.428 0.27941176470588236 0.044 0.04643962848297214
0 0.312 0.5859133126934984 0.04533333333333334 0.05108359133126935
0 0.38333333333333336 0.5116099071207431 0.04133333333333333 0.04489164086687306
0 0.31866666666666665 0.25541795665634676 0.044 0.05108359133126935
0 0.8786666666666667 0.40479876160990713 0.04533333333333334 0.04953560371517028
0 0.20733333333333334 0.23916408668730652 0.042666666666666665 0.05108359133126935
0 0.4026666666666667 0.4086687306501548 0.042666666666666665 0.04179566563467492
0 0.416 0.34210526315789475 0.042666666666666665 0.04179566563467492
0 0.37066666666666664 0.5773993808049536 0.04133333333333333 0.043343653250773995
0 0.556 0.3444272445820433 0.044 0.04643962848297214
0 0.8233333333333334 0.3978328173374613 0.04933333333333333 0.05108359133126935
0 0.22266666666666668 0.46207430340557276 0.048 0.05727554179566564
0 0.184 0.6648606811145511 0.048 0.05572755417956656
0 0.10333333333333333 0.7933436532507739 0.050666666666666665 0.05727554179566564
0 0.7233333333333334 0.33746130030959753 0.04666666666666667 0.05572755417956656
0 0.152 0.5340557275541795 0.04133333333333333 0.043343653250773995
0 0.3426666666666667 0.42879256965944273 0.04533333333333334 0.04953560371517028
0 0.648 0.4326625386996904 0.044 0.05263157894736842
0 0.3973333333333333 0.4434984520123839 0.044 0.04643962848297214
0 0.144 0.2647058823529412 0.04933333333333333 0.04953560371517028
0 0.7693333333333333 0.3877708978328173 0.042666666666666665 0.04489164086687306
0 0.6166666666666667 0.31656346749226005 0.04666666666666667 0.05417956656346749
0 0.37333333333333335 0.2724458204334365 0.044 0.04953560371517028
0 0.194 0.30959752321981426 0.04533333333333334 0.04953560371517028
0 0.12866666666666668 0.6540247678018576 0.04666666666666667 0.04953560371517028
0 0.5886666666666667 0.45743034055727555 0.048 0.05727554179566564
0 0.3506666666666667 0.39009287925696595 0.042666666666666665 0.04643962848297214
0 0.15266666666666667 0.22523219814241485 0.048 0.05417956656346749
0 0.6713333333333333 0.326625386996904 0.048 0.05572755417956656
0 0.4106666666666667 0.6602167182662538 0.04133333333333333 0.032507739938080496
0 0.4053333333333333 0.6857585139318886 0.04 0.03560371517027864
0 0.44466666666666665 0.4713622291021672 0.04 0.034055727554179564
0 0.48 0.29024767801857587 0.042666666666666665 0.047987616099071206
0 0.296 0.728328173374613 0.029333333333333333 0.034055727554179564
0 0.7086666666666667 0.7755417956656346 0.030666666666666665 0.03560371517027864
0 0.6826666666666666 0.7701238390092879 0.029333333333333333 0.03560371517027864
0 0.4826666666666667 0.5270897832817337 0.02666666666666667 0.034055727554179564
0 0.574 0.8142414860681114 0.04133333333333333 0.04643962848297214
0 0.704 0.6594427244582043 0.028 0.032507739938080496
0 0.6986666666666667 0.8057275541795665 0.034666666666666665 0.03715170278637771
0 0.594 0.7848297213622291 0.030666666666666665 0.03869969040247678
0 0.7386666666666667 0.6323529411764706 0.032 0.03715170278637771
0 0.7206666666666667 0.7167182662538699 0.029333333333333333 0.030959752321981424
0 0.7466666666666667 0.5750773993808049 0.030666666666666665 0.03715170278637771
0 0.71 0.6331269349845201 0.030666666666666665 0.03715170278637771
0 0.726 0.6873065015479877 0.032 0.03715170278637771
0 0.3546666666666667 0.739938080495356 0.02666666666666667 0.032507739938080496
0 0.7313333333333333 0.6578947368421053 0.030666666666666665 0.034055727554179564
0 0.688 0.7407120743034056 0.032 0.03869969040247678
0 0.4186666666666667 0.6075851393188855 0.04133333333333333 0.03715170278637771
0 0.13533333333333333 0.6942724458204335 0.02666666666666667 0.034055727554179564
0 0.6993333333333334 0.6842105263157895 0.028 0.034055727554179564
0 0.6933333333333334 0.7120743034055728 0.029333333333333333 0.03560371517027864
0 0.4066666666666667 0.7469040247678018 0.025333333333333333 0.034055727554179564
0 0.7533333333333333 0.5464396284829721 0.028 0.032507739938080496
0 0.388 0.7778637770897833 0.04 0.043343653250773995
0 0.682 0.8359133126934984 0.044 0.04953560371517028
0 0.7226666666666667 0.5719814241486069 0.032 0.03715170278637771
0 0.674 0.8722910216718266 0.048 0.04489164086687306
0 0.542 0.7724458204334366 0.030666666666666665 0.03869969040247678
0 0.7586666666666667 0.5170278637770898 0.029333333333333333 0.03560371517027864
0 0.524 0.28405572755417957 0.04 0.04024767801857585
0 0.56 0.8862229102167183 0.044 0.04643962848297214
0 0.7166666666666667 0.6021671826625387 0.032 0.03869969040247678
0 0.764 0.48761609907120745 0.030666666666666665 0.03869969040247678
0 0.6666666666666666 0.9071207430340558 0.04533333333333334 0.04953560371517028
0 0.19 0.7066563467492261 0.02666666666666667 0.034055727554179564
0 0.7273333333333334 0.5441176470588235 0.032 0.03560371517027864
0 0.5666666666666667 0.8498452012383901 0.042666666666666665 0.04489164086687306
0 0.2813333333333333 0.7569659442724458 0.044 0.047987616099071206
0 0.49133333333333334 0.49303405572755415 0.030666666666666665 0.03869969040247678
0 0.8433333333333334 0.5812693498452013 0.04533333333333334 0.04953560371517028
0 0.27266666666666667 0.7925696594427245 0.04133333333333333 0.043343653250773995
0 0.266 0.8281733746130031 0.04533333333333334 0.04953560371517028
0 0.8586666666666667 0.510061919504644 0.042666666666666665 0.043343653250773995
0 0.4673333333333333 0.3560371517027864 0.042666666666666665 0.03715170278637771
0 0.36466666666666664 0.6122291021671826 0.03866666666666667 0.04024767801857585
0 0.5986666666666667 0.6811145510835913 0.04533333333333334 0.04953560371517028
0 0.522 0.804953560371517 0.04666666666666667 0.05263157894736842
0 0.39866666666666667 0.7151702786377709 0.04 0.04024767801857585
0 0.414 0.6362229102167183 0.042666666666666665 0.04024767801857585
0 0.7313333333333333 0.5147058823529411 0.030666666666666665 0.03715170278637771
0 0.43866666666666665 0.49767801857585137 0.04 0.04024767801857585
0 0.8513333333333334 0.544891640866873 0.04533333333333334 0.047987616099071206
0 0.5386666666666666 0.21517027863777088 0.037333333333333336 0.04024767801857585
0 0.13666666666666666 0.6075851393188855 0.037333333333333336 0.043343653250773995
0 0.41 0.3753869969040248 0.04133333333333333 0.04489164086687306
0 0.422 0.3111455108359133 0.04 0.03869969040247678
0 0.5446666666666666 0.1873065015479876 0.03333333333333333 0.034055727554179564
0 0.5893333333333334 0.7445820433436533 0.04666666666666667 0.05263157894736842
0 0.7573333333333333 0.4535603715170279 0.04133333333333333 0.04179566563467492
0 0.38066666666666665 0.8126934984520123 0.04133333333333333 0.04489164086687306
0 0.328 0.8034055727554179 0.04533333333333334 0.047987616099071206
0 0.7386666666666667 0.4852941176470588 0.032 0.03715170278637771
0 0.434 0.5255417956656346 0.03866666666666667 0.03869969040247678
0 0.372 0.8506191950464397 0.048 0.047987616099071206
0 0.29333333333333333 0.695046439628483 0.044 0.04643962848297214
0 0.20266666666666666 0.56656346749226 0.048 0.058823529411764705
0 0.8873333333333333 0.36764705882352944 0.048 0.05108359133126935
0 0.564 0.3041795665634675 0.044 0.04953560371517028
0 0.778 0.3459752321981424 0.04666666666666667 0.05263157894736842
0 0.3586666666666667 0.3498452012383901 0.04933333333333333 0.05108359133126935
0 0.24266666666666667 0.3544891640866873 0.04933333333333333 0.05417956656346749
0 0.832 0.3568111455108359 0.048 0.05417956656346749
0 0.36733333333333335 0.31037151702786375 0.04533333333333334 0.04953560371517028
0 0.31 0.2964396284829721 0.048 0.05263157894736842
0 0.264 0.2453560371517028 0.04933333333333333 0.05727554179566564