0 0.27666666666666667 0.37664473684210525 0.03666666666666667 0.047697368421052634
0 0.5361111111111111 0.7582236842105263 0.03666666666666667 0.049342105263157895
0 0.6005555555555555 0.46463815789473684 0.021111111111111112 0.03618421052631579
0 0.7538888888888889 0.4629934210526316 0.02666666666666667 0.039473684210526314
0 0.4461111111111111 0.7541118421052632 0.027777777777777776 0.039473684210526314
0 0.44555555555555554 0.9679276315789473 0.024444444444444446 0.03782894736842105
0 0.08166666666666667 0.9185855263157895 0.024444444444444446 0.03782894736842105
0 0.42055555555555557 0.8799342105263158 0.025555555555555557 0.039473684210526314
0 0.08055555555555556 0.9629934210526315 0.02666666666666667 0.03782894736842105
0 0.7566666666666667 0.5863486842105263 0.02666666666666667 0.039473684210526314
0 0.05722222222222222 0.9638157894736842 0.02666666666666667 0.039473684210526314
0 0.42 0.9210526315789473 0.02666666666666667 0.039473684210526314
0 0.4444444444444444 0.8799342105263158 0.02666666666666667 0.04276315789473684
0 0.4866666666666667 0.19572368421052633 0.04666666666666667 0.039473684210526314
0 0.44666666666666666 0.8379934210526315 0.02666666666666667 0.03782894736842105
0 0.2783333333333333 0.3355263157894737 0.034444444444444444 0.046052631578947366
0 0.4861111111111111 0.2590460526315789 0.04777777777777778 0.03289473684210526
0 0.44555555555555554 0.7944078947368421 0.024444444444444446 0.039473684210526314
0 0.44555555555555554 0.9226973684210527 0.024444444444444446 0.039473684210526314
0 0.7566666666666667 0.5074013157894737 0.02666666666666667 0.039473684210526314
0 0.18555555555555556 0.5032894736842105 0.025555555555555557 0.044407894736842105
0 0.495 0.7985197368421053 0.02666666666666667 0.03289473684210526
0 0.6005555555555555 0.5904605263157895 0.027777777777777776 0.03782894736842105
0 0.8466666666666667 0.2935855263157895 0.03888888888888889 0.05263157894736842
0 0.5366666666666666 0.3782894736842105 0.03666666666666667 0.047697368421052634
0 0.4855555555555556 0.5427631578947368 0.04111111111111111 0.05098684210526316
0 0.17277777777777778 0.6685855263157895 0.04 0.05592105263157895
0 0.535 0.33305921052631576 0.03777777777777778 0.054276315789473686
0 0.43444444444444447 0.33305921052631576 0.03888888888888889 0.05263157894736842
0 0.22277777777777777 0.7532894736842105 0.03888888888888889 0.054276315789473686
0 0.6394444444444445 0.2935855263157895 0.03777777777777778 0.05263157894736842
0 0.7938888888888889 0.3347039473684211 0.03333333333333333 0.047697368421052634
0 0.8994444444444445 0.24671052631578946 0.04 0.05592105263157895
0 0.6905555555555556 0.25 0.04 0.06085526315789474
0 0.5361111111111111 0.42105263157894735 0.03777777777777778 0.054276315789473686
0 0.12055555555555555 0.6677631578947368 0.03666666666666667 0.05263157894736842
0 0.485 0.49835526315789475 0.042222222222222223 0.05098684210526316
0 0.22555555555555556 0.3363486842105263 0.03888888888888889 0.05263157894736842
0 0.4338888888888889 0.3782894736842105 0.03777777777777778 0.05098684210526316
0 0.7944444444444444 0.37911184210526316 0.03666666666666667 0.049342105263157895
0 0.2783333333333333 0.29194078947368424 0.03888888888888889 0.05592105263157895
0 0.4338888888888889 0.42105263157894735 0.03666666666666667 0.047697368421052634
0 0.17222222222222222 0.7557565789473685 0.03888888888888889 0.05098684210526316
0 0.4861111111111111 0.2911184210526316 0.04555555555555556 0.044407894736842105
0 0.5883333333333334 0.3347039473684211 0.03666666666666667 0.054276315789473686
0 0.12166666666666667 0.421875 0.035555555555555556 0.049342105263157895
0 0.1738888888888889 0.37993421052631576 0.03666666666666667 0.044407894736842105
0 0.3811111111111111 0.6669407894736842 0.03888888888888889 0.05592105263157895
0 0.17277777777777778 0.7129934210526315 0.03666666666666667 0.044407894736842105
0 0.7433333333333333 0.42105263157894735 0.04111111111111111 0.047697368421052634
0 0.22444444444444445 0.3782894736842105 0.03888888888888889 0.049342105263157895
0 0.6894444444444444 0.296875 0.035555555555555556 0.04276315789473684
0 0.06888888888888889 0.42351973684210525 0.04111111111111111 0.05592105263157895
0 0.38055555555555554 0.7129934210526315 0.034444444444444444 0.044407894736842105
0 0.06944444444444445 0.6685855263157895 0.03888888888888889 0.05098684210526316
0 0.69 0.3371710526315789 0.03777777777777778 0.054276315789473686
0 0.11944444444444445 0.7129934210526315 0.03888888888888889 0.05098684210526316
0 0.8994444444444445 0.29523026315789475 0.035555555555555556 0.046052631578947366
0 0.5883333333333334 0.421875 0.03666666666666667 0.049342105263157895
0 0.17222222222222222 0.42023026315789475 0.03888888888888889 0.049342105263157895
0 0.5761111111111111 0.46381578947368424 0.023333333333333334 0.03782894736842105
0 0.7422222222222222 0.3807565789473684 0.03777777777777778 0.046052631578947366
0 0.33055555555555555 0.24753289473684212 0.03888888888888889 0.05921052631578947
0 0.12055555555555555 0.7557565789473685 0.03777777777777778 0.05098684210526316
0 0.225 0.6694078947368421 0.03777777777777778 0.054276315789473686
0 0.32944444444444443 0.3379934210526316 0.03777777777777778 0.05263157894736842
0 0.7944444444444444 0.42023026315789475 0.03888888888888889 0.046052631578947366
0 0.8988888888888888 0.3371710526315789 0.04 0.05098684210526316
0 0.06888888888888889 0.7138157894736842 0.04 0.05263157894736842
0 0.12166666666666667 0.3363486842105263 0.03666666666666667 0.05263157894736842
0 0.06833333333333333 0.7557565789473685 0.04 0.047697368421052634
0 0.5883333333333334 0.712171052631579 0.03888888888888889 0.05263157894736842
0 0.7416666666666667 0.3363486842105263 0.03666666666666667 0.054276315789473686
0 0.48833333333333334 0.359375 0.042222222222222223 0.046052631578947366
0 0.1738888888888889 0.3347039473684211 0.03888888888888889 0.05756578947368421
0 0.5888888888888889 0.6694078947368421 0.035555555555555556 0.049342105263157895
0 0.3811111111111111 0.7557565789473685 0.03666666666666667 0.05263157894736842
0 0.07 0.37911184210526316 0.03666666666666667 0.049342105263157895
0 0.39555555555555555 0.3338815789473684 0.024444444444444446 0.044407894736842105
0 0.4222222222222222 0.5032894736842105 0.024444444444444446 0.04111842105263158
0 0.33 0.29605263157894735 0.03333333333333333 0.046052631578947366
0 0.5361111111111111 0.6685855263157895 0.03777777777777778 0.05098684210526316
0 0.4855555555555556 0.5863486842105263 0.03111111111111111 0.044407894736842105
0 0.5761111111111111 0.5016447368421053 0.023333333333333334 0.03782894736842105
0 0.2238888888888889 0.42105263157894735 0.03777777777777778 0.049342105263157895
0 0.44555555555555554 0.46463815789473684 0.022222222222222223 0.039473684210526314
0 0.5883333333333334 0.37993421052631576 0.035555555555555556 0.047697368421052634
0 0.12111111111111111 0.37911184210526316 0.035555555555555556 0.049342105263157895
0 0.8461111111111111 0.3782894736842105 0.03333333333333333 0.04276315789473684
0 0.64 0.37911184210526316 0.034444444444444444 0.046052631578947366
0 0.6011111111111112 0.5049342105263158 0.023333333333333334 0.04111842105263158
0 0.4216666666666667 0.46381578947368424 0.023333333333333334 0.03782894736842105
0 0.44722222222222224 0.5460526315789473 0.024444444444444446 0.04111842105263158
0 0.795 0.7582236842105263 0.03888888888888889 0.05098684210526316
0 0.5355555555555556 0.7154605263157895 0.03888888888888889 0.05263157894736842
0 0.4461111111111111 0.6274671052631579 0.025555555555555557 0.04276315789473684
0 0.05722222222222222 0.8766447368421053 0.027777777777777776 0.04111842105263158
0 0.5883333333333334 0.7574013157894737 0.03888888888888889 0.05098684210526316
0 0.4866666666666667 0.42680921052631576 0.044444444444444446 0.039473684210526314
0 0.64 0.33881578947368424 0.034444444444444444 0.046052631578947366
0 0.7961111111111111 0.6694078947368421 0.03333333333333333 0.049342105263157895
0 0.0811111111111111 0.7952302631578947 0.023333333333333334 0.039473684210526314
0 0.16166666666666665 0.546875 0.02666666666666667 0.039473684210526314
0 0.42 0.7105263157894737 0.02666666666666667 0.039473684210526314
0 0.4211111111111111 0.6258223684210527 0.024444444444444446 0.04111842105263158
0 0.42277777777777775 0.5460526315789473 0.023333333333333334 0.03618421052631579
0 0.08166666666666667 0.8379934210526315 0.02666666666666667 0.039473684210526314
0 0.16166666666666665 0.46381578947368424 0.02666666666666667 0.04111842105263158
0 0.44555555555555554 0.5049342105263158 0.024444444444444446 0.039473684210526314
0 0.42055555555555557 0.7516447368421053 0.025555555555555557 0.04111842105263158
0 0.4866666666666667 0.32730263157894735 0.043333333333333335 0.03782894736842105
0 0.1322222222222222 0.8388157894736842 0.027777777777777776 0.04111842105263158
0 0.18611111111111112 0.4629934210526316 0.024444444444444446 0.03618421052631579
0 0.4211111111111111 0.6694078947368421 0.02666666666666667 0.039473684210526314
0 0.44555555555555554 0.6677631578947368 0.024444444444444446 0.04111842105263158
0 0.42 0.8363486842105263 0.02666666666666667 0.039473684210526314
0 0.07 0.3363486842105263 0.034444444444444444 0.047697368421052634
0 0.16111111111111112 0.5041118421052632 0.02666666666666667 0.04276315789473684
0 0.055 0.8379934210526315 0.024444444444444446 0.04111842105263158
0 0.05611111111111111 0.9177631578947368 0.02666666666666667 0.04111842105263158
0 0.4216666666666667 0.7935855263157895 0.025555555555555557 0.04276315789473684
0 0.4855555555555556 0.22615131578947367 0.044444444444444446 0.044407894736842105
0 0.05611111111111111 0.7952302631578947 0.024444444444444446 0.03782894736842105
0 0.4211111111111111 0.584703947368421 0.024444444444444446 0.044407894736842105
0 0.16111111111111112 0.5879934210526315 0.025555555555555557 0.039473684210526314
0 0.4861111111111111 0.3939144736842105 0.043333333333333335 0.039473684210526314
0 0.3705555555555556 0.3338815789473684 0.025555555555555557 0.04111842105263158
0 0.8472222222222222 0.3379934210526316 0.03333333333333333 0.047697368421052634
0 0.44555555555555554 0.7105263157894737 0.02666666666666667 0.04111842105263158
0 0.44666666666666666 0.5879934210526315 0.024444444444444446 0.039473684210526314
0 0.7955555555555556 0.7129934210526315 0.03777777777777778 0.05263157894736842
0 0.13277777777777777 0.796875 0.024444444444444446 0.03618421052631579
0 0.42055555555555557 0.9654605263157895 0.025555555555555557 0.039473684210526314