0 0.49333333333333335 0.45813953488372094 0.03333333333333333 0.04186046511627907
0 0.4886666666666667 0.4232558139534884 0.03333333333333333 0.03875968992248062
0 0.32666666666666666 0.31085271317829455 0.03866666666666667 0.034108527131782945
0 0.10266666666666667 0.33410852713178296 0.04 0.031007751937984496
0 0.7313333333333333 0.7372093023255814 0.03866666666666667 0.031007751937984496
0 0.478 0.313953488372093 0.029333333333333333 0.031007751937984496
0 0.4866666666666667 0.386046511627907 0.030666666666666665 0.03565891472868217
0 0.678 0.2682170542635659 0.03866666666666667 0.031007751937984496
0 0.5166666666666667 0.2875968992248062 0.03866666666666667 0.027906976744186046
0 0.3426666666666667 0.45891472868217054 0.04 0.04496124031007752
0 0.374 0.7488372093023256 0.04 0.04186046511627907
0 0.848 0.796124031007752 0.04133333333333333 0.04186046511627907
0 0.31933333333333336 0.7550387596899225 0.04133333333333333 0.043410852713178294
0 0.8393333333333334 0.7248062015503876 0.04 0.04496124031007752
0 0.5646666666666667 0.7209302325581395 0.042666666666666665 0.04496124031007752
0 0.9113333333333333 0.8612403100775193 0.04533333333333334 0.04186046511627907
0 0.844 0.7604651162790698 0.04 0.043410852713178294
0 0.244 0.5790697674418605 0.03866666666666667 0.03565891472868217
0 0.5333333333333333 0.43488372093023253 0.04133333333333333 0.043410852713178294
0 0.5766666666666667 0.8302325581395349 0.04 0.04496124031007752
0 0.172 0.9534883720930233 0.044 0.04806201550387597
0 0.386 0.8542635658914729 0.04133333333333333 0.043410852713178294
0 0.6853333333333333 0.8178294573643411 0.03866666666666667 0.037209302325581395
0 0.8613333333333333 0.4317829457364341 0.03866666666666667 0.03875968992248062
0 0.2773333333333333 0.8682170542635659 0.042666666666666665 0.046511627906976744
0 0.332 0.8627906976744186 0.044 0.04496124031007752
0 0.5606666666666666 0.6852713178294574 0.04133333333333333 0.040310077519379844
0 0.16466666666666666 0.8798449612403101 0.04133333333333333 0.04496124031007752
0 0.26466666666666666 0.762015503875969 0.042666666666666665 0.04496124031007752
0 0.906 0.827906976744186 0.042666666666666665 0.04186046511627907
0 0.8533333333333334 0.35891472868217056 0.03866666666666667 0.043410852713178294
0 0.282 0.42868217054263563 0.04133333333333333 0.04186046511627907
0 0.2733333333333333 0.8348837209302326 0.04 0.040310077519379844
0 0.6806666666666666 0.7829457364341085 0.042666666666666665 0.046511627906976744
0 0.6933333333333334 0.8868217054263566 0.042666666666666665 0.04186046511627907
0 0.36133333333333334 0.637984496124031 0.04 0.04186046511627907
0 0.6686666666666666 0.6751937984496124 0.042666666666666665 0.04186046511627907
0 0.354 0.5674418604651162 0.03866666666666667 0.043410852713178294
0 0.836 0.6875968992248062 0.044 0.04186046511627907
0 0.664 0.6403100775193798 0.04133333333333333 0.04496124031007752
0 0.32266666666666666 0.789922480620155 0.04 0.04496124031007752
0 0.8186666666666667 0.5457364341085271 0.04 0.04186046511627907
0 0.8906666666666667 0.6837209302325581 0.042666666666666665 0.043410852713178294
0 0.6553333333333333 0.5658914728682171 0.04133333333333333 0.040310077519379844
0 0.124 0.5224806201550387 0.04133333333333333 0.043410852713178294
0 0.8746666666666667 0.5410852713178295 0.04 0.046511627906976744
0 0.4613333333333333 0.5534883720930233 0.03866666666666667 0.040310077519379844
0 0.32866666666666666 0.8255813953488372 0.04 0.040310077519379844
0 0.5733333333333334 0.7953488372093023 0.04133333333333333 0.040310077519379844
0 0.8073333333333333 0.4387596899224806 0.04133333333333333 0.04186046511627907
0 0.7353333333333333 0.7713178294573644 0.04133333333333333 0.046511627906976744
0 0.7526666666666667 0.44263565891472867 0.03866666666666667 0.03875968992248062
0 0.334 0.38527131782945734 0.04133333333333333 0.04496124031007752
0 0.268 0.7984496124031008 0.04133333333333333 0.043410852713178294
0 0.554 0.6139534883720931 0.03866666666666667 0.040310077519379844
0 0.8806666666666667 0.6116279069767442 0.04133333333333333 0.04496124031007752
0 0.418 0.6333333333333333 0.04133333333333333 0.046511627906976744
0 0.158 0.8093023255813954 0.042666666666666665 0.04496124031007752
0 0.5213333333333333 0.32248062015503876 0.037333333333333336 0.043410852713178294
0 0.66 0.6015503875968993 0.03866666666666667 0.043410852713178294
0 0.7946666666666666 0.33178294573643413 0.04133333333333333 0.04186046511627907
0 0.13466666666666666 0.627906976744186 0.04133333333333333 0.04496124031007752
0 0.7473333333333333 0.4054263565891473 0.042666666666666665 0.04496124031007752
0 0.828 0.6186046511627907 0.04133333333333333 0.04186046511627907
0 0.7433333333333333 0.37286821705426354 0.04 0.040310077519379844
0 0.27466666666666667 0.3550387596899225 0.04133333333333333 0.043410852713178294
0 0.22333333333333333 0.3953488372093023 0.04133333333333333 0.04496124031007752
0 0.11133333333333334 0.40852713178294575 0.042666666666666665 0.04186046511627907
0 0.718 0.6302325581395349 0.042666666666666665 0.04186046511627907
0 0.774 0.6255813953488372 0.04133333333333333 0.046511627906976744
0 0.466 0.5891472868217055 0.04 0.04496124031007752
0 0.17133333333333334 0.44108527131782943 0.042666666666666665 0.043410852713178294
0 0.4746666666666667 0.6612403100775194 0.04133333333333333 0.04496124031007752
0 0.644 0.4573643410852713 0.04 0.040310077519379844
0 0.686 0.3434108527131783 0.04 0.04496124031007752
0 0.31066666666666665 0.6837209302325581 0.042666666666666665 0.046511627906976744
0 0.16266666666666665 0.36666666666666664 0.042666666666666665 0.04496124031007752
0 0.11933333333333333 0.48372093023255813 0.044 0.046511627906976744
0 0.314 0.7201550387596899 0.04133333333333333 0.043410852713178294
0 0.30666666666666664 0.6449612403100775 0.04133333333333333 0.046511627906976744
0 0.5853333333333334 0.4294573643410853 0.04 0.04496124031007752
0 0.722 0.665891472868217 0.04133333333333333 0.04496124031007752
0 0.24 0.5457364341085271 0.04 0.043410852713178294
0 0.7033333333333334 0.4868217054263566 0.04 0.04186046511627907
0 0.14 0.6666666666666666 0.042666666666666665 0.043410852713178294
0 0.7106666666666667 0.5565891472868217 0.03866666666666667 0.04186046511627907
0 0.148 0.7387596899224806 0.04133333333333333 0.043410852713178294
0 0.8226666666666667 0.5813953488372093 0.042666666666666665 0.04496124031007752
0 0.23133333333333334 0.47054263565891474 0.042666666666666665 0.04186046511627907
0 0.26066666666666666 0.7248062015503876 0.042666666666666665 0.046511627906976744
0 0.8666666666666667 0.46744186046511627 0.04133333333333333 0.046511627906976744
0 0.366 0.6751937984496124 0.04 0.043410852713178294
0 0.40066666666666667 0.4883720930232558 0.037333333333333336 0.04186046511627907
0 0.6286666666666667 0.3116279069767442 0.04 0.043410852713178294
0 0.7266666666666667 0.7023255813953488 0.042666666666666665 0.04496124031007752
0 0.358 0.6031007751937985 0.037333333333333336 0.03875968992248062
0 0.144 0.7031007751937984 0.04 0.043410852713178294
0 0.33 0.34728682170542635 0.03866666666666667 0.043410852713178294
0 0.636 0.38449612403100775 0.04133333333333333 0.04186046511627907
0 0.5373333333333333 0.47131782945736433 0.037333333333333336 0.03875968992248062
0 0.648 0.49147286821705427 0.04 0.04186046511627907
0 0.3446666666666667 0.4945736434108527 0.04 0.04186046511627907
0 0.252 0.6519379844961241 0.042666666666666665 0.046511627906976744
0 0.77 0.5883720930232558 0.04 0.043410852713178294
0 0.6893333333333334 0.37751937984496126 0.042666666666666665 0.043410852713178294
0 0.2906666666666667 0.5007751937984496 0.042666666666666665 0.04496124031007752
0 0.11533333333333333 0.4449612403100775 0.044 0.046511627906976744
0 0.37 0.7131782945736435 0.044 0.046511627906976744
0 0.18933333333333333 0.5875968992248062 0.044 0.046511627906976744
0 0.228 0.43333333333333335 0.04 0.04806201550387597
0 0.338 0.42248062015503873 0.04 0.046511627906976744
0 0.6986666666666667 0.4503875968992248 0.04133333333333333 0.043410852713178294
0 0.54 0.5069767441860465 0.03866666666666667 0.04496124031007752
0 0.64 0.42170542635658914 0.04133333333333333 0.043410852713178294
0 0.6026666666666667 0.5751937984496124 0.042666666666666665 0.046511627906976744
0 0.18333333333333332 0.5488372093023256 0.044 0.04806201550387597
0 0.79 0.29147286821705426 0.04133333333333333 0.04961240310077519
0 0.35 0.5302325581395348 0.03866666666666667 0.04186046511627907
0 0.2786666666666667 0.3922480620155039 0.04133333333333333 0.043410852713178294
0 0.4146666666666667 0.5945736434108527 0.04 0.046511627906976744
0 0.16666666666666666 0.40310077519379844 0.042666666666666665 0.046511627906976744
0 0.548 0.5782945736434109 0.04 0.043410852713178294
0 0.6933333333333334 0.413953488372093 0.042666666666666665 0.04496124031007752
0 0.5786666666666667 0.3558139534883721 0.04 0.04186046511627907
0 0.5973333333333334 0.5364341085271318 0.044 0.04496124031007752
0 0.39266666666666666 0.41627906976744183 0.04133333333333333 0.043410852713178294
0 0.7366666666666667 0.3 0.04 0.046511627906976744
0 0.10666666666666667 0.37131782945736436 0.042666666666666665 0.046511627906976744
0 0.6526666666666666 0.5286821705426357 0.044 0.04806201550387597
0 0.6313333333333333 0.3488372093023256 0.042666666666666665 0.046511627906976744
0 0.7986666666666666 0.3674418604651163 0.044 0.043410852713178294
0 0.58 0.39069767441860465 0.04133333333333333 0.043410852713178294
0 0.5933333333333334 0.5007751937984496 0.042666666666666665 0.043410852713178294
0 0.29533333333333334 0.5387596899224806 0.042666666666666665 0.04186046511627907
0 0.44866666666666666 0.4441860465116279 0.04133333333333333 0.04496124031007752
0 0.44133333333333336 0.37209302325581395 0.04133333333333333 0.043410852713178294
0 0.5286666666666666 0.3984496124031008 0.03866666666666667 0.043410852713178294
0 0.386 0.34031007751937986 0.04133333333333333 0.04806201550387597
0 0.574 0.3178294573643411 0.04 0.04806201550387597
0 0.7406666666666667 0.3387596899224806 0.04133333333333333 0.043410852713178294
0 0.39 0.3806201550387597 0.044 0.046511627906976744
0 0.44466666666666665 0.4077519379844961 0.04 0.043410852713178294
0 0.23533333333333334 0.5077519379844961 0.042666666666666665 0.04806201550387597
0 0.29933333333333334 0.5751937984496124 0.042666666666666665 0.04806201550387597
0 0.454 0.4821705426356589 0.04 0.043410852713178294
0 0.4573333333333333 0.5186046511627908 0.04 0.043410852713178294
0 0.6813333333333333 0.30310077519379847 0.04133333333333333 0.04806201550387597
0 0.24733333333333332 0.6131782945736434 0.042666666666666665 0.046511627906976744
0 0.438 0.33565891472868215 0.04 0.04496124031007752
0 0.47333333333333333 0.27054263565891473 0.029333333333333333 0.02635658914728682
0 0.47533333333333333 0.289922480620155 0.030666666666666665 0.02635658914728682
0 0.5033333333333333 0.9131782945736434 0.04 0.04496124031007752
0 0.4093333333333333 0.5589147286821705 0.03866666666666667 0.040310077519379844
0 0.174 0.475968992248062 0.04 0.04186046511627907
0 0.49133333333333334 0.8054263565891473 0.03866666666666667 0.043410852713178294
0 0.16733333333333333 0.9155038759689923 0.044 0.04496124031007752
0 0.902 0.7922480620155039 0.042666666666666665 0.043410852713178294
0 0.16133333333333333 0.8449612403100775 0.04133333333333333 0.040310077519379844
0 0.5686666666666667 0.7589147286821706 0.04133333333333333 0.046511627906976744
0 0.2846666666666667 0.9410852713178295 0.04133333333333333 0.04496124031007752
0 0.582 0.8651162790697674 0.03866666666666667 0.03875968992248062
0 0.28 0.9054263565891473 0.04 0.043410852713178294
0 0.13133333333333333 0.5914728682170542 0.042666666666666665 0.043410852713178294
0 0.468 0.2186046511627907 0.030666666666666665 0.034108527131782945
0 0.49533333333333335 0.8426356589147287 0.04 0.043410852713178294
0 0.852 0.8302325581395349 0.044 0.043410852713178294
0 0.5566666666666666 0.6496124031007752 0.04133333333333333 0.04496124031007752
0 0.7613333333333333 0.5155038759689923 0.04 0.04806201550387597
0 0.7153333333333334 0.5945736434108527 0.04133333333333333 0.04496124031007752
0 0.49933333333333335 0.8782945736434109 0.037333333333333336 0.03875968992248062
0 0.47933333333333333 0.6984496124031008 0.03866666666666667 0.040310077519379844
0 0.814 0.5100775193798449 0.042666666666666665 0.046511627906976744
0 0.4693333333333333 0.24573643410852714 0.032 0.03565891472868217
0 0.8793333333333333 0.5767441860465117 0.03866666666666667 0.03875968992248062
0 0.39066666666666666 0.8922480620155039 0.037333333333333336 0.04186046511627907
0 0.802 0.40387596899224804 0.042666666666666665 0.04186046511627907
0 0.4713333333333333 0.6255813953488372 0.04 0.040310077519379844
0 0.8306666666666667 0.6527131782945736 0.04 0.04186046511627907
0 0.48333333333333334 0.734108527131783 0.04133333333333333 0.043410852713178294
0 0.37866666666666665 0.7837209302325582 0.04133333333333333 0.043410852713178294
0 0.8853333333333333 0.648062015503876 0.04 0.040310077519379844
0 0.336 0.8984496124031007 0.04133333333333333 0.040310077519379844
0 0.256 0.6883720930232559 0.037333333333333336 0.037209302325581395
0 0.5846666666666667 0.9007751937984496 0.04 0.043410852713178294
0 0.5246666666666666 0.3612403100775194 0.03866666666666667 0.043410852713178294
0 0.8706666666666667 0.5031007751937985 0.04133333333333333 0.043410852713178294
0 0.8573333333333333 0.8674418604651163 0.042666666666666665 0.043410852713178294
0 0.6773333333333333 0.7457364341085271 0.042666666666666665 0.046511627906976744
0 0.7653333333333333 0.5527131782945737 0.03866666666666667 0.04186046511627907
0 0.3406666666666667 0.9341085271317829 0.042666666666666665 0.046511627906976744
0 0.672 0.7093023255813954 0.04133333333333333 0.04186046511627907
0 0.7466666666666667 0.8806201550387597 0.04 0.043410852713178294
0 0.544 0.5426356589147286 0.03866666666666667 0.03875968992248062
0 0.38333333333333336 0.8186046511627907 0.04133333333333333 0.043410852713178294
0 0.7433333333333333 0.8441860465116279 0.04 0.04496124031007752
0 0.4866666666666667 0.7697674418604651 0.04 0.04186046511627907
0 0.39666666666666667 0.45193798449612405 0.042666666666666665 0.04496124031007752
0 0.848 0.31627906976744186 0.04133333333333333 0.04496124031007752
0 0.8566666666666667 0.39612403100775195 0.044 0.046511627906976744
0 0.39466666666666667 0.9279069767441861 0.042666666666666665 0.04496124031007752
0 0.7386666666666667 0.8085271317829458 0.042666666666666665 0.043410852713178294
0 0.218 0.35968992248062015 0.037333333333333336 0.04186046511627907
0 0.12733333333333333 0.5573643410852713 0.04 0.04186046511627907
0 0.304 0.6108527131782946 0.04 0.03875968992248062
0 0.286 0.4635658914728682 0.04133333333333333 0.043410852713178294
0 0.8433333333333334 0.2806201550387597 0.04133333333333333 0.043410852713178294
0 0.6893333333333334 0.8503875968992248 0.042666666666666665 0.046511627906976744
0 0.4046666666666667 0.524031007751938 0.037333333333333336 0.040310077519379844
0 0.7066666666666667 0.5201550387596899 0.03866666666666667 0.040310077519379844
0 0.8106666666666666 0.4751937984496124 0.037333333333333336 0.040310077519379844
0 0.8946666666666667 0.7201550387596899 0.04133333333333333 0.043410852713178294
0 0.152 0.7736434108527132 0.042666666666666665 0.043410852713178294
0 0.59 0.46434108527131784 0.037333333333333336 0.040310077519379844
0 0.17933333333333334 0.5116279069767442 0.04 0.04186046511627907
0 0.898 0.7550387596899225 0.042666666666666665 0.04496124031007752
0 0.7566666666666667 0.47674418604651164 0.04133333333333333 0.04496124031007752