0 0.805 0.26424050632911394 0.03125 0.03164556962025317
0 0.5825 0.36787974683544306 0.04 0.055379746835443035
0 0.11 0.620253164556962 0.03375 0.03164556962025317
0 0.54625 0.8465189873417721 0.02625 0.028481012658227847
0 0.36125 0.8204113924050633 0.035 0.030063291139240507
0 0.82625 0.4177215189873418 0.0275 0.03639240506329114
0 0.509375 0.564873417721519 0.0225 0.02531645569620253
0 0.456875 0.6993670886075949 0.03625 0.0379746835443038
0 0.570625 0.7080696202531646 0.0375 0.04113924050632911
0 0.286875 0.6756329113924051 0.0375 0.028481012658227847
0 0.343125 0.370253164556962 0.03 0.03481012658227848
0 0.57375 0.7325949367088608 0.04 0.04430379746835443
0 0.46125 0.7270569620253164 0.04 0.04588607594936709
0 0.58625 0.8291139240506329 0.04 0.0379746835443038
0 0.7525 0.8204113924050633 0.0425 0.04430379746835443
0 0.25375 0.4240506329113924 0.03625 0.03164556962025317
0 0.58 0.34651898734177217 0.03625 0.04113924050632911
0 0.105625 0.5973101265822784 0.04375 0.05221518987341772
0 0.606875 0.5664556962025317 0.03625 0.02689873417721519
0 0.796875 0.2950949367088608 0.03875 0.03955696202531646
0 0.698125 0.8338607594936709 0.04 0.04113924050632911
0 0.7925 0.3623417721518987 0.025 0.028481012658227847
0 0.37 0.36550632911392406 0.03125 0.0379746835443038
0 0.27 0.5506329113924051 0.035 0.02689873417721519
0 0.345 0.6938291139240507 0.03625 0.028481012658227847
0 0.588125 0.4098101265822785 0.03875 0.04113924050632911
0 0.75 0.7935126582278481 0.04 0.04113924050632911
0 0.366875 0.4287974683544304 0.03875 0.03639240506329114
0 0.695 0.8045886075949367 0.04 0.03955696202531646
0 0.33625 0.6305379746835443 0.0375 0.03955696202531646
0 0.820625 0.3560126582278481 0.02875 0.0379746835443038
0 0.69125 0.7729430379746836 0.04125 0.04113924050632911
0 0.686875 0.7420886075949367 0.04125 0.03955696202531646
0 0.39625 0.6518987341772152 0.03625 0.0379746835443038
0 0.399375 0.6795886075949367 0.0375 0.03639240506329114
0 0.729375 0.6337025316455697 0.03875 0.03639240506329114
0 0.58375 0.8014240506329114 0.0375 0.03639240506329114
0 0.78 0.5893987341772152 0.03875 0.03955696202531646
0 0.733125 0.6653481012658228 0.04125 0.04272151898734177
0 0.118125 0.6819620253164557 0.03625 0.03955696202531646
0 0.294375 0.7349683544303798 0.04 0.03481012658227848
0 0.385625 0.5893987341772152 0.035 0.03164556962025317
0 0.823125 0.3876582278481013 0.025 0.03164556962025317
0 0.465625 0.7618670886075949 0.03875 0.04113924050632911
0 0.3575 0.7911392405063291 0.04 0.0490506329113924
0 0.205625 0.9193037974683544 0.0375 0.03322784810126582
0 0.474375 0.8259493670886076 0.04 0.04113924050632911
0 0.74375 0.307753164556962 0.04125 0.04588607594936709
0 0.74625 0.7626582278481012 0.04 0.04113924050632911
0 0.800625 0.3275316455696203 0.04125 0.04272151898734177
0 0.353125 0.757120253164557 0.03875 0.03639240506329114
0 0.795625 0.7151898734177216 0.04 0.04113924050632911
0 0.356875 0.46439873417721517 0.025 0.028481012658227847
0 0.113125 0.6511075949367089 0.0375 0.03955696202531646
0 0.311875 0.8631329113924051 0.03875 0.03955696202531646
0 0.453125 0.6693037974683544 0.04 0.04272151898734177
0 0.15375 0.5150316455696202 0.03875 0.03955696202531646
0 0.36375 0.3987341772151899 0.04 0.0379746835443038
0 0.54125 0.4865506329113924 0.0375 0.0379746835443038
0 0.72625 0.6044303797468354 0.04 0.03955696202531646
0 0.741875 0.7302215189873418 0.04 0.04113924050632911
0 0.804375 0.7784810126582279 0.04 0.04113924050632911
0 0.470625 0.7919303797468354 0.03875 0.04272151898734177
0 0.3325 0.6004746835443038 0.03875 0.04113924050632911
0 0.721875 0.5735759493670886 0.04 0.04272151898734177
0 0.401875 0.7128164556962026 0.04 0.04272151898734177
0 0.160625 0.5783227848101266 0.04 0.04113924050632911
0 0.1575 0.5466772151898734 0.03875 0.03955696202531646
0 0.479375 0.8583860759493671 0.04125 0.04430379746835443
0 0.3925 0.5237341772151899 0.02875 0.0379746835443038
0 0.8075 0.810126582278481 0.04 0.04113924050632911
0 0.176875 0.7025316455696202 0.0375 0.0379746835443038
0 0.8 0.747626582278481 0.04 0.04113924050632911
0 0.56625 0.6748417721518988 0.03875 0.04113924050632911
0 0.406875 0.7468354430379747 0.04125 0.04588607594936709
0 0.298125 0.7689873417721519 0.04 0.04113924050632911
0 0.348125 0.7238924050632911 0.04125 0.04430379746835443
0 0.31875 0.928006329113924 0.03875 0.0379746835443038
0 0.525625 0.7895569620253164 0.04 0.04430379746835443
0 0.390625 0.6194620253164557 0.0375 0.04113924050632911
0 0.180625 0.7318037974683544 0.0375 0.03955696202531646
0 0.315 0.8971518987341772 0.04 0.04113924050632911
0 0.09625 0.5316455696202531 0.0375 0.0379746835443038
0 0.645625 0.8481012658227848 0.03625 0.03639240506329114
0 0.3025 0.8006329113924051 0.04 0.04113924050632911
0 0.791875 0.6835443037974683 0.03875 0.04113924050632911
0 0.795 0.3924050632911392 0.02625 0.03481012658227848
0 0.545 0.5158227848101266 0.0375 0.03955696202531646
0 0.101875 0.5593354430379747 0.04 0.04113924050632911
0 0.125625 0.7484177215189873 0.0375 0.03955696202531646
0 0.636875 0.7871835443037974 0.04 0.03955696202531646
0 0.763125 0.46439873417721517 0.04 0.04113924050632911
0 0.189375 0.7974683544303798 0.04125 0.0379746835443038
0 0.6825 0.7128164556962026 0.04125 0.04272151898734177
0 0.786875 0.6518987341772152 0.03875 0.03955696202531646
0 0.6375 0.3670886075949367 0.03875 0.0379746835443038
0 0.165 0.6083860759493671 0.03875 0.03955696202531646
0 0.625 0.6930379746835443 0.03875 0.0379746835443038
0 0.7375 0.6977848101265823 0.04125 0.04272151898734177
0 0.78375 0.6218354430379747 0.03875 0.04113924050632911
0 0.326875 0.569620253164557 0.03875 0.04113924050632911
0 0.434375 0.5118670886075949 0.03875 0.03955696202531646
0 0.4375 0.5443037974683544 0.03875 0.0379746835443038
0 0.85625 0.31566455696202533 0.03875 0.03955696202531646
0 0.56125 0.6424050632911392 0.0375 0.03955696202531646
0 0.590625 0.8583860759493671 0.04125 0.04430379746835443
0 0.70375 0.44699367088607594 0.0425 0.04113924050632911
0 0.851875 0.2824367088607595 0.04 0.04430379746835443
0 0.430625 0.4802215189873418 0.03875 0.04113924050632911
0 0.31625 0.47389240506329117 0.03375 0.03481012658227848
0 0.445625 0.6060126582278481 0.03875 0.03955696202531646
0 0.384375 0.4572784810126582 0.0325 0.04113924050632911
0 0.76625 0.497626582278481 0.04 0.04113924050632911
0 0.283125 0.6447784810126582 0.0425 0.04430379746835443
0 0.388125 0.49050632911392406 0.0275 0.03481012658227848
0 0.273125 0.5799050632911392 0.04 0.04113924050632911
0 0.425625 0.4485759493670886 0.0375 0.03955696202531646
0 0.383125 0.557753164556962 0.04125 0.04430379746835443
0 0.61625 0.629746835443038 0.04125 0.04272151898734177
0 0.311875 0.44462025316455694 0.03375 0.0379746835443038
0 0.26625 0.5213607594936709 0.04125 0.04588607594936709
0 0.199375 0.43829113924050633 0.0425 0.04272151898734177
0 0.8225 0.4849683544303797 0.04 0.03955696202531646
0 0.525625 0.3599683544303797 0.0425 0.04588607594936709
0 0.090625 0.49683544303797467 0.04 0.04588607594936709
0 0.32 0.5055379746835443 0.035 0.03955696202531646
0 0.555 0.5814873417721519 0.04 0.04113924050632911
0 0.550625 0.5490506329113924 0.04 0.04113924050632911
0 0.605 0.5379746835443038 0.04 0.04272151898734177
0 0.258125 0.4564873417721519 0.04 0.04430379746835443
0 0.16875 0.6384493670886076 0.03875 0.03955696202531646
0 0.754375 0.40348101265822783 0.03875 0.03639240506329114
0 0.2775 0.6107594936708861 0.04125 0.0379746835443038
0 0.654375 0.4897151898734177 0.03875 0.0379746835443038
0 0.62875 0.7223101265822784 0.04125 0.04113924050632911
0 0.421875 0.4177215189873418 0.03625 0.0379746835443038
0 0.1225 0.7151898734177216 0.03875 0.04272151898734177
0 0.29 0.7056962025316456 0.0425 0.04430379746835443
0 0.44875 0.6376582278481012 0.0375 0.03955696202531646
0 0.670625 0.6162974683544303 0.04 0.03955696202531646
0 0.359375 0.49683544303797467 0.0275 0.03639240506329114
0 0.30625 0.8330696202531646 0.04125 0.04430379746835443
0 0.47 0.3560126582278481 0.03375 0.02531645569620253
0 0.47125 0.37420886075949367 0.035 0.02689873417721519
0 0.474375 0.3939873417721519 0.03375 0.028481012658227847
0 0.4775 0.4200949367088608 0.04 0.03955696202531646
0 0.4675 0.33544303797468356 0.03375 0.030063291139240507
0 0.48125 0.45332278481012656 0.04 0.04430379746835443
0 0.3075 0.41060126582278483 0.0375 0.04272151898734177
0 0.6 0.5055379746835443 0.035 0.0379746835443038
0 0.20375 0.4723101265822785 0.0425 0.04272151898734177
0 0.82625 0.5166139240506329 0.04 0.04113924050632911
0 0.32375 0.5371835443037974 0.035 0.03639240506329114
0 0.53 0.39319620253164556 0.03875 0.0379746835443038
0 0.7475 0.34098101265822783 0.03875 0.03955696202531646
0 0.591875 0.442246835443038 0.04 0.04113924050632911
0 0.708125 0.47943037974683544 0.0425 0.0379746835443038
0 0.750625 0.37341772151898733 0.03875 0.03955696202531646
0 0.595625 0.47468354430379744 0.0375 0.03955696202531646
0 0.693125 0.3552215189873418 0.0425 0.04113924050632911
0 0.67875 0.6795886075949367 0.04 0.04113924050632911
0 0.5775 0.7689873417721519 0.0425 0.04588607594936709
0 0.193125 0.8275316455696202 0.04125 0.04113924050632911
0 0.68875 0.3212025316455696 0.0425 0.04113924050632911
0 0.441875 0.5743670886075949 0.03875 0.03955696202531646
0 0.645625 0.42800632911392406 0.03875 0.03955696202531646
0 0.718125 0.5411392405063291 0.04 0.04113924050632911
0 0.65125 0.4588607594936709 0.04 0.03955696202531646
0 0.620625 0.6621835443037974 0.03875 0.03955696202531646
0 0.173125 0.6708860759493671 0.03875 0.03955696202531646
0 0.63375 0.3338607594936709 0.04375 0.04746835443037975
0 0.775625 0.5593354430379747 0.04 0.04113924050632911
0 0.34 0.6637658227848101 0.0425 0.04272151898734177
0 0.18375 0.7650316455696202 0.04125 0.04430379746835443
0 0.4175 0.3837025316455696 0.04 0.04430379746835443
0 0.8175 0.45174050632911394 0.04 0.04272151898734177
0 0.61125 0.5957278481012658 0.0425 0.04272151898734177
0 0.51625 0.6044303797468354 0.0225 0.02531645569620253
0 0.4925 0.5308544303797469 0.03375 0.030063291139240507
0 0.513125 0.5838607594936709 0.0225 0.023734177215189875
0 0.519375 0.6218354430379747 0.02375 0.020569620253164556
0 0.524375 0.6661392405063291 0.01875 0.0189873417721519
0 0.5275 0.685126582278481 0.02125 0.02689873417721519
0 0.78 0.2697784810126582 0.02375 0.030063291139240507
0 0.37 0.884493670886076 0.03375 0.03164556962025317
0 0.520625 0.6368670886075949 0.02375 0.022151898734177215
0 0.5225 0.6518987341772152 0.02125 0.01740506329113924
0 0.494375 0.5458860759493671 0.03875 0.0189873417721519
0 0.365 0.8520569620253164 0.04125 0.0490506329113924
0 0.550625 0.8718354430379747 0.03 0.03322784810126582
0 0.488125 0.5063291139240507 0.04125 0.03481012658227848
0 0.713125 0.509493670886076 0.04125 0.03955696202531646
0 0.666875 0.5862341772151899 0.04 0.04113924050632911
0 0.675 0.6471518987341772 0.04 0.03955696202531646
0 0.641875 0.3971518987341772 0.03875 0.03955696202531646
0 0.148125 0.4810126582278481 0.04375 0.0490506329113924
0 0.12875 0.7808544303797469 0.04125 0.04588607594936709
0 0.19875 0.8591772151898734 0.03875 0.03955696202531646
0 0.558125 0.6107594936708861 0.0375 0.03481012658227848
0 0.75875 0.43354430379746833 0.04125 0.04113924050632911
0 0.700625 0.4161392405063291 0.04125 0.0379746835443038
0 0.860625 0.34572784810126583 0.03875 0.0379746835443038
0 0.534375 0.42325949367088606 0.0375 0.03955696202531646
0 0.770625 0.5284810126582279 0.04 0.0379746835443038
0 0.37375 0.9137658227848101 0.04375 0.04272151898734177
0 0.201875 0.8908227848101266 0.04125 0.04113924050632911
0 0.640625 0.8180379746835443 0.04 0.03955696202531646
0 0.696875 0.3860759493670886 0.04125 0.0379746835443038
0 0.658125 0.5221518987341772 0.03875 0.04430379746835443
0 0.863125 0.377373417721519 0.04 0.04113924050632911
0 0.210625 0.9509493670886076 0.04125 0.04272151898734177
0 0.6625 0.5537974683544303 0.0375 0.0379746835443038
0 0.5375 0.4564873417721519 0.0375 0.03955696202531646
0 0.6325 0.754746835443038 0.04 0.04113924050632911
0 0.26125 0.48813291139240506 0.0375 0.03481012658227848