0 0.7361111111111112 0.11277602523659307 0.03666666666666667 0.0473186119873817
0 0.058888888888888886 0.8170347003154574 0.03222222222222222 0.04100946372239748
0 0.6855555555555556 0.3753943217665615 0.034444444444444444 0.04574132492113565
0 0.6388888888888888 0.7113564668769716 0.03666666666666667 0.04416403785488959
0 0.9061111111111111 0.6017350157728707 0.03666666666666667 0.04416403785488959
0 0.43222222222222223 0.6498422712933754 0.03888888888888889 0.04416403785488959
0 0.3211111111111111 0.5 0.035555555555555556 0.04258675078864353
0 0.3194444444444444 0.3746056782334385 0.03222222222222222 0.04100946372239748
0 0.5283333333333333 0.47634069400630913 0.034444444444444444 0.04258675078864353
0 0.11333333333333333 0.8943217665615142 0.03888888888888889 0.04416403785488959
0 0.1622222222222222 0.5599369085173501 0.035555555555555556 0.04574132492113565
0 0.42388888888888887 0.27681388012618297 0.03666666666666667 0.0473186119873817
0 0.10888888888888888 0.6048895899053628 0.03777777777777778 0.04416403785488959
0 0.7405555555555555 0.41009463722397477 0.03222222222222222 0.04100946372239748
0 0.05388888888888889 0.610410094637224 0.035555555555555556 0.04416403785488959
0 0.2677777777777778 0.4219242902208202 0.03777777777777778 0.04416403785488959
0 0.6933333333333334 0.7854889589905363 0.03666666666666667 0.0473186119873817
0 0.4361111111111111 0.8154574132492114 0.03888888888888889 0.04416403785488959
0 0.16166666666666665 0.6001577287066246 0.03666666666666667 0.04416403785488959
0 0.21444444444444444 0.5126182965299685 0.035555555555555556 0.04100946372239748
0 0.64 0.7917981072555205 0.035555555555555556 0.04416403785488959
0 0.7466666666666667 0.6577287066246057 0.03777777777777778 0.04574132492113565
0 0.16555555555555557 0.7665615141955836 0.03777777777777778 0.04416403785488959
0 0.6888888888888889 0.5425867507886435 0.03777777777777778 0.0473186119873817
0 0.4211111111111111 0.19085173501577288 0.03666666666666667 0.04416403785488959
0 0.905 0.5607255520504731 0.03777777777777778 0.04100946372239748
0 0.9027777777777778 0.43454258675078866 0.03888888888888889 0.0473186119873817
0 0.6927777777777778 0.7058359621451105 0.03777777777777778 0.04574132492113565
0 0.4766666666666667 0.43454258675078866 0.035555555555555556 0.0473186119873817
0 0.21722222222222223 0.6348580441640379 0.03777777777777778 0.04889589905362776
0 0.20944444444444443 0.17113564668769715 0.03888888888888889 0.05362776025236593
0 0.4922222222222222 0.7145110410094637 0.023333333333333334 0.033123028391167195
0 0.4938888888888889 0.7358044164037855 0.021111111111111112 0.015772870662460567
0 0.10777777777777778 0.5236593059936908 0.04 0.04574132492113565
0 0.8527777777777777 0.6080441640378549 0.03666666666666667 0.04574132492113565
0 0.3672222222222222 0.1971608832807571 0.03777777777777778 0.04889589905362776
0 0.31722222222222224 0.20425867507886436 0.035555555555555556 0.050473186119873815
0 0.4272222222222222 0.4881703470031546 0.03777777777777778 0.04416403785488959
0 0.5238888888888888 0.17665615141955837 0.03777777777777778 0.04889589905362776
0 0.3188888888888889 0.4140378548895899 0.03333333333333333 0.04416403785488959
0 0.3794444444444444 0.6577287066246057 0.03777777777777778 0.04574132492113565
0 0.6822222222222222 0.1632492113564669 0.03666666666666667 0.050473186119873815
0 0.85 0.527602523659306 0.03777777777777778 0.04574132492113565
0 0.7427777777777778 0.4518927444794953 0.03666666666666667 0.04574132492113565
0 0.5266666666666666 0.43454258675078866 0.03777777777777778 0.04416403785488959
0 0.4261111111111111 0.444006309148265 0.03666666666666667 0.0473186119873817
0 0.5783333333333334 0.3462145110410095 0.034444444444444444 0.04258675078864353
0 0.7366666666666667 0.15930599369085174 0.03666666666666667 0.04889589905362776
0 0.5283333333333333 0.5165615141955836 0.035555555555555556 0.04416403785488959
0 0.3188888888888889 0.29337539432176657 0.034444444444444444 0.04258675078864353
0 0.3188888888888889 0.25157728706624605 0.03666666666666667 0.0473186119873817
0 0.85 0.4842271293375394 0.03666666666666667 0.0473186119873817
0 0.7444444444444445 0.5772870662460567 0.03666666666666667 0.04574132492113565
0 0.375 0.5323343848580442 0.03777777777777778 0.04258675078864353
0 0.15888888888888889 0.4353312302839117 0.03888888888888889 0.04574132492113565
0 0.74 0.32886435331230285 0.03777777777777778 0.04258675078864353
0 0.16 0.5181388012618297 0.03777777777777778 0.04416403785488959
0 0.6311111111111111 0.2981072555205047 0.03666666666666667 0.04574132492113565
0 0.37722222222222224 0.6151419558359621 0.03666666666666667 0.04416403785488959
0 0.7938888888888889 0.32413249211356465 0.03666666666666667 0.04416403785488959
0 0.5861111111111111 0.6766561514195584 0.03888888888888889 0.04574132492113565
0 0.5305555555555556 0.6403785488958991 0.03666666666666667 0.04416403785488959
0 0.5844444444444444 0.6340694006309149 0.03777777777777778 0.04574132492113565
0 0.15777777777777777 0.3509463722397476 0.03888888888888889 0.04416403785488959
0 0.3738888888888889 0.4921135646687697 0.03777777777777778 0.04100946372239748
0 0.53 0.5985804416403786 0.035555555555555556 0.04574132492113565
0 0.1111111111111111 0.7318611987381703 0.035555555555555556 0.04258675078864353
0 0.6883333333333334 0.4589905362776025 0.03666666666666667 0.04416403785488959
0 0.15833333333333333 0.39274447949526814 0.03888888888888889 0.04574132492113565
0 0.32166666666666666 0.5417981072555205 0.035555555555555556 0.04416403785488959
0 0.105 0.39668769716088326 0.03888888888888889 0.04574132492113565
0 0.7438888888888889 0.5339116719242902 0.03666666666666667 0.0473186119873817
0 0.6344444444444445 0.4668769716088328 0.03777777777777778 0.04574132492113565
0 0.7427777777777778 0.49290220820189273 0.03777777777777778 0.04258675078864353
0 0.6311111111111111 0.2547318611987382 0.03777777777777778 0.0473186119873817
0 0.3227777777777778 0.581230283911672 0.034444444444444444 0.04258675078864353
0 0.16333333333333333 0.6829652996845426 0.03888888888888889 0.0473186119873817
0 0.6322222222222222 0.33990536277602523 0.03777777777777778 0.04416403785488959
0 0.21222222222222223 0.38958990536277605 0.03777777777777778 0.050473186119873815
0 0.5755555555555556 0.17350157728706625 0.03666666666666667 0.04889589905362776
0 0.6855555555555556 0.33280757097791797 0.03777777777777778 0.04258675078864353
0 0.1622222222222222 0.6411671924290221 0.03666666666666667 0.04258675078864353
0 0.7405555555555555 0.3698738170347003 0.03777777777777778 0.04574132492113565
0 0.3688888888888889 0.2862776025236593 0.03333333333333333 0.04416403785488959
0 0.42444444444444446 0.3186119873817035 0.03666666666666667 0.04258675078864353
0 0.6327777777777778 0.4242902208201893 0.03666666666666667 0.04574132492113565
0 0.5794444444444444 0.42902208201892744 0.034444444444444444 0.04416403785488959
0 0.6377777777777778 0.6301261829652997 0.035555555555555556 0.04416403785488959
0 0.79 0.15141955835962145 0.03666666666666667 0.04889589905362776
0 0.265 0.2973186119873817 0.035555555555555556 0.04416403785488959
0 0.9044444444444445 0.5197160883280757 0.03777777777777778 0.04416403785488959
0 0.10388888888888889 0.3138801261829653 0.03666666666666667 0.0473186119873817
0 0.69 0.6230283911671924 0.035555555555555556 0.04416403785488959
0 0.5816666666666667 0.47003154574132494 0.034444444444444444 0.04416403785488959
0 0.5827777777777777 0.5536277602523659 0.03666666666666667 0.0473186119873817
0 0.6888888888888889 0.5 0.03666666666666667 0.04416403785488959
0 0.10611111111111111 0.4810725552050473 0.03777777777777778 0.04258675078864353
0 0.37277777777777776 0.4518927444794953 0.03777777777777778 0.04574132492113565
0 0.7911111111111111 0.1971608832807571 0.03666666666666667 0.04574132492113565
0 0.5794444444444444 0.3872239747634069 0.035555555555555556 0.04574132492113565
0 0.795 0.4471608832807571 0.03666666666666667 0.04416403785488959
0 0.10888888888888888 0.6466876971608833 0.03666666666666667 0.04574132492113565
0 0.4761111111111111 0.2949526813880126 0.03888888888888889 0.04258675078864353
0 0.36833333333333335 0.2421135646687697 0.03666666666666667 0.0473186119873817
0 0.43444444444444447 0.7326498422712934 0.03888888888888889 0.04889589905362776
0 0.3761111111111111 0.5733438485804416 0.034444444444444444 0.04574132492113565
0 0.855 0.6916403785488959 0.03777777777777778 0.04574132492113565
0 0.16 0.47712933753943215 0.03666666666666667 0.04416403785488959
0 0.051666666666666666 0.4022082018927445 0.03666666666666667 0.04574132492113565
0 0.6961111111111111 0.8714511041009464 0.03888888888888889 0.04889589905362776
0 0.5777777777777777 0.2634069400630915 0.035555555555555556 0.04258675078864353
0 0.9033333333333333 0.47791798107255523 0.03777777777777778 0.04574132492113565
0 0.105 0.4392744479495268 0.03777777777777778 0.04574132492113565
0 0.16333333333333333 0.7255520504731862 0.03777777777777778 0.04416403785488959
0 0.42444444444444446 0.35962145110410093 0.035555555555555556 0.04574132492113565
0 0.052222222222222225 0.44558359621451105 0.03222222222222222 0.04889589905362776
0 0.8488888888888889 0.4416403785488959 0.035555555555555556 0.04416403785488959
0 0.6388888888888888 0.669558359621451 0.03777777777777778 0.04574132492113565
0 0.7461111111111111 0.6167192429022083 0.03666666666666667 0.04258675078864353
0 0.8477777777777777 0.3998422712933754 0.035555555555555556 0.04258675078864353
0 0.5761111111111111 0.2200315457413249 0.03888888888888889 0.050473186119873815
0 0.6872222222222222 0.416403785488959 0.03666666666666667 0.04574132492113565
0 0.8472222222222222 0.32018927444794953 0.03666666666666667 0.04574132492113565
0 0.26944444444444443 0.5055205047318612 0.03666666666666667 0.04100946372239748
0 0.6355555555555555 0.5070977917981072 0.03888888888888889 0.04416403785488959
0 0.26944444444444443 0.5875394321766562 0.03222222222222222 0.04416403785488959
0 0.056666666666666664 0.7350157728706624 0.035555555555555556 0.04416403785488959
0 0.6288888888888889 0.17034700315457413 0.03888888888888889 0.0473186119873817
0 0.22166666666666668 0.8856466876971609 0.04 0.04416403785488959
0 0.6294444444444445 0.2137223974763407 0.03666666666666667 0.04258675078864353
0 0.32722222222222225 0.7452681388012619 0.035555555555555556 0.04574132492113565
0 0.32555555555555554 0.6640378548895899 0.034444444444444444 0.04100946372239748
0 0.5288888888888889 0.555993690851735 0.03333333333333333 0.04258675078864353
0 0.5822222222222222 0.5102523659305994 0.03222222222222222 0.04258675078864353
0 0.7977777777777778 0.5307570977917981 0.03333333333333333 0.04416403785488959
0 0.5822222222222222 0.5946372239747634 0.03777777777777778 0.04100946372239748
0 0.91 0.806782334384858 0.035555555555555556 0.04574132492113565
0 0.8477777777777777 0.36041009463722395 0.034444444444444444 0.04100946372239748
0 0.4722222222222222 0.19400630914826497 0.04555555555555556 0.033123028391167195
0 0.2638888888888889 0.2555205047318612 0.03333333333333333 0.04416403785488959
0 0.4711111111111111 0.1277602523659306 0.044444444444444446 0.03627760252365931
0 0.2688888888888889 0.5473186119873817 0.034444444444444444 0.04258675078864353
0 0.9111111111111111 0.8501577287066246 0.03777777777777778 0.0473186119873817
0 0.5255555555555556 0.30441640378548895 0.034444444444444444 0.052050473186119876
0 0.6944444444444444 0.8280757097791798 0.035555555555555556 0.04416403785488959
0 0.9066666666666666 0.6443217665615142 0.035555555555555556 0.0473186119873817
0 0.05444444444444444 0.5694006309148265 0.035555555555555556 0.04100946372239748
0 0.47555555555555556 0.3304416403785489 0.04 0.03785488958990536
0 0.5244444444444445 0.26261829652996843 0.035555555555555556 0.04416403785488959
0 0.47333333333333333 0.2618296529968454 0.04111111111111111 0.033123028391167195
0 0.32944444444444443 0.8296529968454258 0.03666666666666667 0.04100946372239748
0 0.855 0.7334384858044164 0.03333333333333333 0.04416403785488959
0 0.8572222222222222 0.8154574132492114 0.03666666666666667 0.04258675078864353
0 0.42444444444444446 0.40063091482649843 0.03666666666666667 0.04258675078864353
0 0.43277777777777776 0.6900630914826499 0.04 0.04258675078864353
0 0.06 0.8580441640378549 0.035555555555555556 0.04574132492113565
0 0.8572222222222222 0.8556782334384858 0.03666666666666667 0.0473186119873817
0 0.9105555555555556 0.7649842271293376 0.035555555555555556 0.04416403785488959
0 0.9083333333333333 0.7239747634069401 0.034444444444444444 0.03943217665615142
0 0.4711111111111111 0.16167192429022081 0.042222222222222223 0.04100946372239748
0 0.8994444444444445 0.22949526813880125 0.035555555555555556 0.04258675078864353
0 0.38555555555555554 0.9053627760252366 0.03777777777777778 0.04100946372239748
0 0.38055555555555554 0.7799684542586751 0.03666666666666667 0.04100946372239748
0 0.7488888888888889 0.8217665615141956 0.035555555555555556 0.0473186119873817
0 0.21888888888888888 0.7594637223974764 0.035555555555555556 0.04100946372239748
0 0.5855555555555556 0.7160883280757098 0.03 0.03943217665615142
0 0.22 0.8406940063091483 0.03666666666666667 0.04889589905362776
0 0.43833333333333335 0.8572555205047319 0.03777777777777778 0.04574132492113565
0 0.4777777777777778 0.47712933753943215 0.035555555555555556 0.03785488958990536
0 0.475 0.36041009463722395 0.03888888888888889 0.03785488958990536
0 0.9016666666666666 0.31230283911671924 0.03666666666666667 0.04258675078864353
0 0.8444444444444444 0.19321766561514195 0.03666666666666667 0.0473186119873817
0 0.11222222222222222 0.8517350157728707 0.03666666666666667 0.0473186119873817
0 0.9011111111111111 0.35410094637223977 0.03888888888888889 0.04258675078864353
0 0.6916666666666667 0.6640378548895899 0.03666666666666667 0.04416403785488959
0 0.6927777777777778 0.7452681388012619 0.03666666666666667 0.03627760252365931
0 0.06055555555555556 0.9006309148264984 0.035555555555555556 0.04258675078864353
0 0.385 0.86198738170347 0.03777777777777778 0.04889589905362776
0 0.5861111111111111 0.7555205047318612 0.03 0.04258675078864353
0 0.43833333333333335 0.8990536277602523 0.03888888888888889 0.04416403785488959
0 0.6327777777777778 0.38170347003154576 0.03777777777777778 0.04574132492113565
0 0.33055555555555555 0.8690851735015773 0.03777777777777778 0.04574132492113565
0 0.11444444444444445 0.9392744479495269 0.03777777777777778 0.04574132492113565
0 0.21 0.26261829652996843 0.03666666666666667 0.04416403785488959
0 0.9 0.2697160883280757 0.03777777777777778 0.04416403785488959
0 0.845 0.278391167192429 0.034444444444444444 0.04100946372239748
0 0.9088888888888889 0.6853312302839116 0.03666666666666667 0.04258675078864353
0 0.7383333333333333 0.24132492113564669 0.035555555555555556 0.04416403785488959
0 0.5316666666666666 0.6813880126182965 0.03888888888888889 0.04416403785488959
0 0.8983333333333333 0.18769716088328076 0.035555555555555556 0.0473186119873817
0 0.8555555555555555 0.7728706624605678 0.03666666666666667 0.04889589905362776
0 0.64 0.832807570977918 0.03333333333333333 0.04416403785488959
0 0.5877777777777777 0.8391167192429022 0.035555555555555556 0.04574132492113565
0 0.42055555555555557 0.14589905362776026 0.03888888888888889 0.04574132492113565
0 0.7483333333333333 0.7815457413249212 0.035555555555555556 0.04100946372239748
0 0.5888888888888889 0.8824921135646687 0.03777777777777778 0.04416403785488959
0 0.05388888888888889 0.5283911671924291 0.034444444444444444 0.04100946372239748
0 0.7388888888888889 0.2862776025236593 0.035555555555555556 0.04889589905362776
0 0.3838888888888889 0.8201892744479495 0.03666666666666667 0.04416403785488959
0 0.7477777777777778 0.7397476340694006 0.03666666666666667 0.04574132492113565
0 0.42833333333333334 0.527602523659306 0.03777777777777778 0.04100946372239748
0 0.9027777777777778 0.39274447949526814 0.03777777777777778 0.04258675078864353
0 0.10444444444444445 0.3548895899053628 0.034444444444444444 0.04100946372239748
0 0.43 0.5662460567823344 0.035555555555555556 0.04258675078864353
0 0.7944444444444444 0.40536277602523657 0.035555555555555556 0.04258675078864353
0 0.05 0.3186119873817035 0.035555555555555556 0.04574132492113565
0 0.11166666666666666 0.7705047318611987 0.034444444444444444 0.04100946372239748
0 0.05555555555555555 0.6916403785488959 0.034444444444444444 0.04889589905362776
0 0.11222222222222222 0.8107255520504731 0.034444444444444444 0.04258675078864353
0 0.26666666666666666 0.3824921135646688 0.035555555555555556 0.04416403785488959
0 0.21611111111111111 0.5938485804416404 0.03666666666666667 0.03943217665615142
0 0.7922222222222223 0.23895899053627762 0.035555555555555556 0.04416403785488959
0 0.3288888888888889 0.7886435331230284 0.035555555555555556 0.04416403785488959
0 0.265 0.20899053627760253 0.03777777777777778 0.050473186119873815
0 0.16833333333333333 0.9345425867507886 0.03666666666666667 0.04889589905362776
0 0.75 0.8643533123028391 0.03777777777777778 0.04416403785488959
0 0.38 0.7421135646687698 0.03888888888888889 0.04100946372239748
0 0.5266666666666666 0.3919558359621451 0.03666666666666667 0.04416403785488959
0 0.1661111111111111 0.8470031545741324 0.03777777777777778 0.04416403785488959
0 0.7466666666666667 0.6987381703470031 0.03888888888888889 0.03943217665615142
0 0.16722222222222222 0.8911671924290221 0.03777777777777778 0.04416403785488959
0 0.05444444444444444 0.6498422712933754 0.034444444444444444 0.04100946372239748
0 0.4727777777777778 0.22712933753943218 0.043333333333333335 0.04258675078864353
0 0.6394444444444445 0.75 0.034444444444444444 0.04258675078864353
0 0.05277777777777778 0.48738170347003157 0.03111111111111111 0.04100946372239748
0 0.6416666666666667 0.8769716088328076 0.034444444444444444 0.0473186119873817
0 0.8977777777777778 0.14274447949526814 0.03888888888888889 0.04889589905362776
0 0.8455555555555555 0.23817034700315456 0.03777777777777778 0.04574132492113565
0 0.3322222222222222 0.9124605678233438 0.03777777777777778 0.0473186119873817
0 0.6894444444444444 0.583596214511041 0.035555555555555556 0.04100946372239748
0 0.37222222222222223 0.4116719242902208 0.035555555555555556 0.03785488958990536
0 0.10944444444444444 0.5638801261829653 0.03666666666666667 0.04416403785488959
0 0.11 0.6900630914826499 0.03666666666666667 0.0473186119873817
0 0.6355555555555555 0.5465299684542587 0.035555555555555556 0.04100946372239748
0 0.22277777777777777 0.9274447949526814 0.04111111111111111 0.04574132492113565
0 0.32555555555555554 0.7034700315457413 0.03333333333333333 0.04416403785488959
0 0.685 0.2910094637223975 0.03888888888888889 0.0473186119873817
0 0.435 0.7752365930599369 0.03666666666666667 0.04258675078864353
0 0.8433333333333334 0.1474763406940063 0.03888888888888889 0.050473186119873815
0 0.06166666666666667 0.943217665615142 0.03666666666666667 0.04574132492113565
0 0.057777777777777775 0.7760252365930599 0.035555555555555556 0.04416403785488959
0 0.21777777777777776 0.7200315457413249 0.03777777777777778 0.04574132492113565
0 0.4222222222222222 0.23422712933753942 0.035555555555555556 0.04574132492113565
0 0.21666666666666667 0.6782334384858044 0.03666666666666667 0.04416403785488959
0 0.5238888888888888 0.22082018927444794 0.03666666666666667 0.04574132492113565
0 0.7372222222222222 0.20268138801261829 0.03666666666666667 0.04100946372239748
0 0.21166666666666667 0.3462145110410095 0.035555555555555556 0.04100946372239748
0 0.051111111111111114 0.36041009463722395 0.034444444444444444 0.04100946372239748
0 0.685 0.25 0.03666666666666667 0.04100946372239748
0 0.7938888888888889 0.36514195583596215 0.035555555555555556 0.04416403785488959
0 0.21888888888888888 0.7981072555205048 0.035555555555555556 0.04574132492113565
0 0.1661111111111111 0.806782334384858 0.035555555555555556 0.04258675078864353
0 0.38 0.7018927444794952 0.03777777777777778 0.04889589905362776
0 0.5877777777777777 0.7981072555205048 0.035555555555555556 0.04258675078864353
0 0.4305555555555556 0.6088328075709779 0.03888888888888889 0.04574132492113565
0 0.5316666666666666 0.723186119873817 0.03777777777777778 0.04574132492113565
0 0.5261111111111111 0.35173501577287064 0.03666666666666667 0.04574132492113565
0 0.21333333333333335 0.42981072555205047 0.034444444444444444 0.03943217665615142
0 0.8544444444444445 0.6498422712933754 0.035555555555555556 0.04416403785488959
0 0.21055555555555555 0.2192429022082019 0.03666666666666667 0.04889589905362776
0 0.8516666666666667 0.5686119873817035 0.035555555555555556 0.03943217665615142
0 0.2688888888888889 0.4637223974763407 0.03666666666666667 0.04574132492113565
0 0.21055555555555555 0.305205047318612 0.03666666666666667 0.0473186119873817
0 0.3194444444444444 0.333596214511041 0.03333333333333333 0.0473186119873817
0 0.6372222222222222 0.5875394321766562 0.03777777777777778 0.0473186119873817
0 0.3238888888888889 0.6222397476340694 0.03666666666666667 0.04574132492113565
0 0.21388888888888888 0.471608832807571 0.03777777777777778 0.0473186119873817
0 0.3711111111111111 0.3698738170347003 0.03777777777777778 0.052050473186119876
0 0.26611111111111113 0.34069400630914826 0.03777777777777778 0.04574132492113565
0 0.37 0.3272870662460568 0.03666666666666667 0.04100946372239748
0 0.6838888888888889 0.20899053627760253 0.03888888888888889 0.0473186119873817
0 0.7972222222222223 0.4889589905362776 0.035555555555555556 0.04574132492113565
0 0.15666666666666668 0.3083596214511041 0.04 0.0473186119873817
0 0.5777777777777777 0.30441640378548895 0.03666666666666667 0.04574132492113565
0 0.21666666666666667 0.5536277602523659 0.03777777777777778 0.04416403785488959
0 0.7922222222222223 0.28154574132492116 0.03777777777777778 0.0473186119873817
0 0.32 0.4558359621451104 0.03666666666666667 0.04889589905362776