0 0.66 0.38632619439868204 0.034444444444444444 0.047775947281713346
0 0.07722222222222222 0.18369028006589785 0.034444444444444444 0.051070840197693576
0 0.9127777777777778 0.2644151565074135 0.03777777777777778 0.044481054365733116
0 0.5088888888888888 0.4472817133443163 0.044444444444444446 0.039538714991762765
0 0.5366666666666666 0.6968698517298187 0.025555555555555557 0.03459637561779242
0 0.49833333333333335 0.23805601317957167 0.05 0.03789126853377265
0 0.49333333333333335 0.1696869851729819 0.051111111111111114 0.036243822075782535
0 0.5027777777777778 0.3031301482701812 0.04777777777777778 0.03789126853377265
0 0.15611111111111112 0.6326194398682042 0.035555555555555556 0.04612850082372323
0 0.4911111111111111 0.1400329489291598 0.05 0.04118616144975288
0 0.9027777777777778 0.09637561779242175 0.03888888888888889 0.05271828665568369
0 0.21722222222222223 0.7973640856672158 0.03888888888888889 0.05271828665568369
0 0.13944444444444445 0.35090609555189456 0.03777777777777778 0.04612850082372323
0 0.09666666666666666 0.5263591433278418 0.035555555555555556 0.04942339373970346
0 0.37444444444444447 0.8130148270181219 0.03666666666666667 0.044481054365733116
0 0.9138888888888889 0.30642504118616143 0.03666666666666667 0.047775947281713346
0 0.11277777777777778 0.8113673805601318 0.03222222222222222 0.03789126853377265
0 0.1527777777777778 0.5971993410214168 0.035555555555555556 0.04612850082372323
0 0.4955555555555556 0.20345963756177923 0.04777777777777778 0.047775947281713346
0 0.1461111111111111 0.471169686985173 0.03333333333333333 0.04612850082372323
0 0.3516666666666667 0.4390444810543657 0.035555555555555556 0.036243822075782535
0 0.16055555555555556 0.7199341021416804 0.03666666666666667 0.04942339373970346
0 0.5038888888888889 0.3344316309719934 0.04888888888888889 0.044481054365733116
0 0.10111111111111111 0.6054365733113674 0.03777777777777778 0.04612850082372323
0 0.21944444444444444 0.8369028006589786 0.03666666666666667 0.04612850082372323
0 0.19722222222222222 0.46375617792421747 0.03777777777777778 0.042833607907743
0 0.09888888888888889 0.5658978583196046 0.03777777777777778 0.04612850082372323
0 0.09444444444444444 0.4827018121911038 0.03666666666666667 0.051070840197693576
0 0.11944444444444445 0.8929159802306426 0.03777777777777778 0.04942339373970346
0 0.36277777777777775 0.5601317957166392 0.03 0.04118616144975288
0 0.21444444444444444 0.7545304777594728 0.03666666666666667 0.05271828665568369
0 0.14333333333333334 0.4308072487644152 0.034444444444444444 0.044481054365733116
0 0.10388888888888889 0.6449752883031301 0.03666666666666667 0.051070840197693576
0 0.5061111111111111 0.4060955518945634 0.043333333333333335 0.04942339373970346
0 0.33611111111111114 0.18451400329489293 0.03666666666666667 0.04942339373970346
0 0.4444444444444444 0.257001647446458 0.03666666666666667 0.04942339373970346
0 0.5 0.2677100494233937 0.04777777777777778 0.04612850082372323
0 0.11611111111111111 0.8500823723228995 0.03666666666666667 0.051070840197693576
0 0.8094444444444444 0.2800658978583196 0.035555555555555556 0.044481054365733116
0 0.315 0.6968698517298187 0.03888888888888889 0.051070840197693576
0 0.10666666666666667 0.6886326194398682 0.03777777777777778 0.04942339373970346
0 0.6961111111111111 0.12932454695222406 0.03666666666666667 0.051070840197693576
0 0.2222222222222222 0.8772652388797364 0.03777777777777778 0.04942339373970346
0 0.9316666666666666 0.5963756177924218 0.03666666666666667 0.05271828665568369
0 0.7305555555555555 0.6663920922570017 0.03777777777777778 0.051070840197693576
0 0.14166666666666666 0.3896210873146623 0.035555555555555556 0.042833607907743
0 0.7344444444444445 0.7487644151565074 0.035555555555555556 0.044481054365733116
0 0.7061111111111111 0.29736408566721584 0.035555555555555556 0.04942339373970346
0 0.6877777777777778 0.8459637561779242 0.03777777777777778 0.054365733113673806
0 0.1511111111111111 0.5543657331136738 0.03666666666666667 0.05271828665568369
0 0.9044444444444445 0.1416803953871499 0.03777777777777778 0.051070840197693576
0 0.10888888888888888 0.729818780889621 0.03777777777777778 0.04612850082372323
0 0.8911111111111111 0.8097199341021417 0.04 0.04942339373970346
0 0.7277777777777777 0.6260296540362438 0.03777777777777778 0.044481054365733116
0 0.14777777777777779 0.5107084019769358 0.035555555555555556 0.047775947281713346
0 0.35 0.3986820428336079 0.03777777777777778 0.051070840197693576
0 0.29333333333333333 0.3237232289950577 0.03777777777777778 0.04612850082372323
0 0.15722222222222224 0.6771004942339374 0.03777777777777778 0.05271828665568369
0 0.7322222222222222 0.7084019769357496 0.03777777777777778 0.04942339373970346
0 0.3761111111111111 0.8509060955518946 0.03777777777777778 0.051070840197693576
0 0.9088888888888889 0.2257001647446458 0.03777777777777778 0.047775947281713346
0 0.9061111111111111 0.18451400329489293 0.03666666666666667 0.047775947281713346
0 0.8655555555555555 0.3525535420098847 0.034444444444444444 0.042833607907743
0 0.84 0.8179571663920923 0.03777777777777778 0.047775947281713346
0 0.6805555555555556 0.7182866556836903 0.035555555555555556 0.042833607907743
0 0.19277777777777777 0.4242174629324547 0.03888888888888889 0.04942339373970346
0 0.22444444444444445 0.9225700164744646 0.03777777777777778 0.054365733113673806
0 0.21222222222222223 0.7125205930807249 0.035555555555555556 0.047775947281713346
0 0.6855555555555556 0.8031301482701813 0.03666666666666667 0.047775947281713346
0 0.9172222222222223 0.34514003294892914 0.035555555555555556 0.04612850082372323
0 0.12166666666666667 0.9365733113673805 0.03666666666666667 0.047775947281713346
0 0.20722222222222222 0.6260296540362438 0.03777777777777778 0.047775947281713346
0 0.9222222222222223 0.4299835255354201 0.03666666666666667 0.047775947281713346
0 0.8816666666666667 0.6029654036243822 0.04111111111111111 0.04942339373970346
0 0.7388888888888889 0.8377265238879736 0.03777777777777778 0.051070840197693576
0 0.49 0.10296540362438221 0.051111111111111114 0.04942339373970346
0 0.37 0.7273476112026359 0.03666666666666667 0.04612850082372323
0 0.9244444444444444 0.4695222405271829 0.03666666666666667 0.047775947281713346
0 0.37222222222222223 0.7693574958813838 0.03666666666666667 0.05271828665568369
0 0.205 0.5873146622734761 0.035555555555555556 0.04612850082372323
0 0.8505555555555555 0.10296540362438221 0.03666666666666667 0.05271828665568369
0 0.13722222222222222 0.3088962108731466 0.035555555555555556 0.047775947281713346
0 0.1322222222222222 0.22075782537067545 0.035555555555555556 0.051070840197693576
0 0.8194444444444444 0.4456342668863262 0.03777777777777778 0.04612850082372323
0 0.4822222222222222 0.8772652388797364 0.035555555555555556 0.051070840197693576
0 0.6833333333333333 0.7586490939044481 0.03666666666666667 0.051070840197693576
0 0.1111111111111111 0.771004942339374 0.035555555555555556 0.04942339373970346
0 0.7216666666666667 0.5436573311367381 0.03666666666666667 0.047775947281713346
0 0.8605555555555555 0.27100494233937394 0.03777777777777778 0.042833607907743
0 0.8872222222222222 0.7257001647446458 0.03666666666666667 0.04942339373970346
0 0.9261111111111111 0.5115321252059308 0.03777777777777778 0.04942339373970346
0 0.16444444444444445 0.8056013179571664 0.03777777777777778 0.05271828665568369
0 0.7361111111111112 0.7915980230642504 0.03777777777777778 0.051070840197693576
0 0.3422222222222222 0.2751235584843493 0.035555555555555556 0.047775947281713346
0 0.1622222222222222 0.7611202635914333 0.03666666666666667 0.04942339373970346
0 0.20222222222222222 0.5502471169686985 0.03666666666666667 0.044481054365733116
0 0.07944444444444444 0.2298187808896211 0.03666666666666667 0.04942339373970346
0 0.8827777777777778 0.6466227347611203 0.03777777777777778 0.047775947281713346
0 0.8894444444444445 0.7677100494233937 0.03888888888888889 0.047775947281713346
0 0.8705555555555555 0.43739703459637563 0.03777777777777778 0.04612850082372323
0 0.135 0.2652388797364086 0.035555555555555556 0.051070840197693576
0 0.2411111111111111 0.33031301482701814 0.035555555555555556 0.04612850082372323
0 0.8533333333333334 0.14662273476112025 0.03666666666666667 0.051070840197693576
0 0.3477777777777778 0.35667215815486 0.035555555555555556 0.04942339373970346
0 0.6788888888888889 0.6771004942339374 0.03666666666666667 0.04942339373970346
0 0.9288888888888889 0.5535420098846787 0.03666666666666667 0.047775947281713346
0 0.47444444444444445 0.7495881383855024 0.035555555555555556 0.044481054365733116
0 0.08666666666666667 0.35502471169686983 0.03666666666666667 0.047775947281713346
0 0.6711111111111111 0.5510708401976936 0.035555555555555556 0.042833607907743
0 0.31833333333333336 0.7388797364085667 0.03777777777777778 0.047775947281713346
0 0.23777777777777778 0.2915980230642504 0.03333333333333333 0.042833607907743
0 0.3388888888888889 0.23064250411861614 0.03666666666666667 0.05271828665568369
0 0.29055555555555557 0.2808896210873147 0.03666666666666667 0.05271828665568369
0 0.345 0.3154859967051071 0.03666666666666667 0.04612850082372323
0 0.885 0.685337726523888 0.03666666666666667 0.04612850082372323
0 0.35833333333333334 0.5214168039538715 0.034444444444444444 0.047775947281713346
0 0.085 0.313838550247117 0.035555555555555556 0.047775947281713346
0 0.8366666666666667 0.7388797364085667 0.035555555555555556 0.04612850082372323
0 0.36333333333333334 0.5988467874794069 0.03777777777777778 0.04612850082372323
0 0.08944444444444444 0.3970345963756178 0.03777777777777778 0.047775947281713346
0 0.8261111111111111 0.5683690280065898 0.035555555555555556 0.04612850082372323
0 0.09222222222222222 0.4390444810543657 0.03777777777777778 0.04942339373970346
0 0.3794444444444444 0.8970345963756178 0.03888888888888889 0.054365733113673806
0 0.7166666666666667 0.4612850082372323 0.035555555555555556 0.04942339373970346
0 0.47888888888888886 0.8336079077429983 0.035555555555555556 0.04942339373970346
0 0.30722222222222223 0.5700164744645799 0.034444444444444444 0.042833607907743
0 0.4388888888888889 0.12355848434925865 0.035555555555555556 0.05271828665568369
0 0.44722222222222224 0.2957166392092257 0.035555555555555556 0.04612850082372323
0 0.19 0.3401976935749588 0.03666666666666667 0.04612850082372323
0 0.2461111111111111 0.414332784184514 0.03666666666666667 0.04612850082372323
0 0.2338888888888889 0.20345963756177923 0.03666666666666667 0.05271828665568369
0 0.1922222222222222 0.3805601317957166 0.03777777777777778 0.051070840197693576
0 0.23555555555555555 0.2487644151565074 0.035555555555555556 0.051070840197693576
0 0.25 0.4975288303130148 0.035555555555555556 0.051070840197693576
0 0.36666666666666664 0.6878088962108732 0.035555555555555556 0.04612850082372323
0 0.5483333333333333 0.2413509060955519 0.03888888888888889 0.04612850082372323
0 0.8622222222222222 0.31219110378912684 0.035555555555555556 0.04942339373970346
0 0.8983333333333333 0.047775947281713346 0.03888888888888889 0.057660626029654036
0 0.4711111111111111 0.7092257001647446 0.03666666666666667 0.042833607907743
0 0.8677777777777778 0.39456342668863265 0.03777777777777778 0.05271828665568369
0 0.9194444444444444 0.38797364085667213 0.03666666666666667 0.04942339373970346
0 0.8316666666666667 0.6540362438220758 0.03666666666666667 0.047775947281713346
0 0.6738888888888889 0.5914332784184514 0.03666666666666667 0.051070840197693576
0 0.1988888888888889 0.5057660626029654 0.03888888888888889 0.054365733113673806
0 0.7261111111111112 0.586490939044481 0.03777777777777778 0.047775947281713346
0 0.8477777777777777 0.057660626029654036 0.03888888888888889 0.054365733113673806
0 0.675 0.6350906095551895 0.03666666666666667 0.04942339373970346
0 0.2311111111111111 0.1556836902800659 0.03666666666666667 0.054365733113673806
0 0.875 0.5197693574958814 0.03777777777777778 0.04942339373970346
0 0.24888888888888888 0.45304777594728174 0.03666666666666667 0.04942339373970346
0 0.44277777777777777 0.21252059308072488 0.035555555555555556 0.05271828665568369
0 0.8244444444444444 0.5296540362438221 0.035555555555555556 0.047775947281713346
0 0.8388888888888889 0.7784184514003295 0.03666666666666667 0.047775947281713346
0 0.08333333333333333 0.27100494233937394 0.03666666666666667 0.047775947281713346
0 0.6688888888888889 0.5107084019769358 0.035555555555555556 0.047775947281713346
0 0.3933333333333333 0.2627677100494234 0.03777777777777778 0.05930807248764415
0 0.8333333333333334 0.6960461285008237 0.03777777777777778 0.05271828665568369
0 0.31277777777777777 0.6532125205930808 0.03777777777777778 0.05271828665568369
0 0.855 0.18945634266886327 0.03666666666666667 0.047775947281713346
0 0.20944444444444443 0.6696869851729819 0.03777777777777778 0.05271828665568369
0 0.4577777777777778 0.46293245469522243 0.035555555555555556 0.047775947281713346
0 0.8116666666666666 0.32042833607907745 0.035555555555555556 0.04942339373970346
0 0.5461111111111111 0.19769357495881384 0.03666666666666667 0.047775947281713346
0 0.18555555555555556 0.257001647446458 0.03888888888888889 0.047775947281713346
0 0.8294444444444444 0.6103789126853377 0.03666666666666667 0.051070840197693576
0 0.5444444444444444 0.15321252059308071 0.03777777777777778 0.047775947281713346
0 0.6022222222222222 0.2742998352553542 0.03777777777777778 0.04942339373970346
0 0.44 0.17051070840197693 0.035555555555555556 0.04942339373970346
0 0.6988888888888889 0.17215815485996705 0.03666666666666667 0.04942339373970346
0 0.8727777777777778 0.4785831960461285 0.03777777777777778 0.04942339373970346
0 0.18666666666666668 0.2981878088962109 0.03777777777777778 0.047775947281713346
0 0.2966666666666667 0.36326194398682043 0.04 0.04942339373970346
0 0.7638888888888888 0.37067545304777594 0.035555555555555556 0.044481054365733116
0 0.7033333333333334 0.2545304777594728 0.034444444444444444 0.047775947281713346
0 0.72 0.5024711696869851 0.035555555555555556 0.047775947281713346
0 0.7088888888888889 0.3393739703459638 0.035555555555555556 0.047775947281713346
0 0.29833333333333334 0.4060955518945634 0.03888888888888889 0.04942339373970346
0 0.3338888888888889 0.13838550247116968 0.03777777777777778 0.05601317957166392
0 0.3011111111111111 0.44810543657331137 0.03666666666666667 0.04942339373970346
0 0.6588888888888889 0.3467874794069193 0.03333333333333333 0.044481054365733116
0 0.31055555555555553 0.6095551894563427 0.03666666666666667 0.047775947281713346
0 0.6938888888888889 0.08237232289950576 0.03666666666666667 0.05271828665568369
0 0.7011111111111111 0.21334431630971992 0.03666666666666667 0.04612850082372323
0 0.24388888888888888 0.3723228995057661 0.03666666666666667 0.051070840197693576
0 0.8777777777777778 0.5617792421746294 0.03666666666666667 0.04942339373970346
0 0.30277777777777776 0.4901153212520593 0.03666666666666667 0.047775947281713346
0 0.18166666666666667 0.2116968698517298 0.03888888888888889 0.05271828665568369
0 0.355 0.47775947281713343 0.03666666666666667 0.05271828665568369
0 0.8177777777777778 0.40774299835255357 0.035555555555555556 0.04612850082372323
0 0.7111111111111111 0.3805601317957166 0.03666666666666667 0.047775947281713346
0 0.4766666666666667 0.7924217462932455 0.035555555555555556 0.051070840197693576
0 0.4627777777777778 0.5461285008237232 0.034444444444444444 0.042833607907743
0 0.6655555555555556 0.4686985172981878 0.035555555555555556 0.04942339373970346
0 0.6633333333333333 0.42833607907743 0.03333333333333333 0.04612850082372323
0 0.815 0.3640856672158155 0.035555555555555556 0.051070840197693576
0 0.17944444444444443 0.16474464579901152 0.03777777777777778 0.054365733113673806
0 0.715 0.4200988467874794 0.034444444444444444 0.044481054365733116
0 0.46 0.5057660626029654 0.034444444444444444 0.04942339373970346
0 0.8216666666666667 0.4868204283360791 0.035555555555555556 0.051070840197693576
0 0.6561111111111111 0.30642504118616143 0.034444444444444444 0.04612850082372323
0 0.45555555555555555 0.42174629324546953 0.034444444444444444 0.04612850082372323
0 0.5411111111111111 0.1070840197693575 0.03666666666666667 0.054365733113673806
0 0.8066666666666666 0.24052718286655683 0.034444444444444444 0.04612850082372323
0 0.36444444444444446 0.6441515650741351 0.03666666666666667 0.054365733113673806
0 0.8038888888888889 0.19604612850082373 0.03666666666666667 0.05271828665568369
0 0.4666666666666667 0.6268533772652389 0.034444444444444444 0.04612850082372323
0 0.7711111111111111 0.49835255354200986 0.035555555555555556 0.051070840197693576
0 0.305 0.5313014827018122 0.03777777777777778 0.047775947281713346
0 0.45 0.33772652388797364 0.034444444444444444 0.04942339373970346
0 0.6511111111111111 0.21993410214168038 0.03333333333333333 0.051070840197693576
0 0.7666666666666667 0.4135090609555189 0.035555555555555556 0.047775947281713346
0 0.46444444444444444 0.585667215815486 0.035555555555555556 0.047775947281713346
0 0.5994444444444444 0.22899505766062603 0.03666666666666667 0.054365733113673806
0 0.6533333333333333 0.2652388797364086 0.035555555555555556 0.047775947281713346
0 0.8583333333333333 0.23146622734761121 0.03777777777777778 0.051070840197693576
0 0.7683333333333333 0.4546952224052718 0.034444444444444444 0.047775947281713346
0 0.7583333333333333 0.28912685337726524 0.03777777777777778 0.04612850082372323
0 0.7533333333333333 0.2042833607907743 0.03666666666666667 0.051070840197693576
0 0.7622222222222222 0.3311367380560132 0.035555555555555556 0.051070840197693576
0 0.47 0.6672158154859967 0.035555555555555556 0.051070840197693576
0 0.4533333333333333 0.38138385502471167 0.035555555555555556 0.04942339373970346
0 0.7561111111111111 0.24794069192751236 0.03777777777777778 0.04942339373970346