0 0.5826666666666667 0.6337480559875583 0.02666666666666667 0.03265940902021773
0 0.7193333333333334 0.7045101088646968 0.025333333333333333 0.03110419906687403
0 0.814 0.5964230171073095 0.036 0.03576982892690513
0 0.6086666666666667 0.7799377916018663 0.028 0.029548989113530325
0 0.582 0.5948678071539658 0.025333333333333333 0.03576982892690513
0 0.3506666666666667 0.4144634525660964 0.034666666666666665 0.03265940902021773
0 0.758 0.8880248833592534 0.03866666666666667 0.03421461897356143
0 0.2946666666666667 0.5964230171073095 0.034666666666666665 0.03265940902021773
0 0.7186666666666667 0.7433903576982893 0.02666666666666667 0.03421461897356143
0 0.458 0.7060653188180405 0.036 0.03732503888024884
0 0.692 0.5590979782270606 0.02666666666666667 0.03265940902021773
0 0.4573333333333333 0.5940902021772939 0.034666666666666665 0.03421461897356143
0 0.184 0.7076205287713841 0.037333333333333336 0.03732503888024884
0 0.128 0.3390357698289269 0.037333333333333336 0.03421461897356143
0 0.868 0.45023328149300157 0.037333333333333336 0.03576982892690513
0 0.582 0.8141524105754276 0.028 0.03265940902021773
0 0.5426666666666666 0.702954898911353 0.032 0.03421461897356143
0 0.29533333333333334 0.48522550544323484 0.036 0.03110419906687403
0 0.3506666666666667 0.7426127527216174 0.034666666666666665 0.03265940902021773
0 0.23933333333333334 0.7433903576982893 0.03333333333333333 0.03110419906687403
0 0.8673333333333333 0.37791601866251945 0.036 0.03421461897356143
0 0.35133333333333333 0.45023328149300157 0.036 0.038880248833592534
0 0.7193333333333334 0.7799377916018663 0.028 0.03265940902021773
0 0.6086666666666667 0.6710730948678072 0.028 0.03265940902021773
0 0.5433333333333333 0.3001555209953344 0.03333333333333333 0.03421461897356143
0 0.664 0.3421461897356143 0.029333333333333333 0.03421461897356143
0 0.638 0.3048211508553655 0.025333333333333333 0.03110419906687403
0 0.7586666666666667 0.8530326594090202 0.034666666666666665 0.03576982892690513
0 0.814 0.37636080870917576 0.036 0.03421461897356143
0 0.3506666666666667 0.6710730948678072 0.034666666666666665 0.03265940902021773
0 0.24 0.4867807153965785 0.037333333333333336 0.03110419906687403
0 0.7573333333333333 0.8164852255054432 0.034666666666666665 0.03421461897356143
0 0.6513333333333333 0.3771384136858476 0.036 0.03265940902021773
0 0.352 0.30326594090202175 0.037333333333333336 0.03421461897356143
0 0.582 0.7052877138413686 0.025333333333333333 0.03265940902021773
0 0.6653333333333333 0.3055987558320373 0.02666666666666667 0.03265940902021773
0 0.5966666666666667 0.41368584758942456 0.03333333333333333 0.03110419906687403
0 0.458 0.7783825816485226 0.036 0.03576982892690513
0 0.18466666666666667 0.4867807153965785 0.036 0.03110419906687403
0 0.8673333333333333 0.7068429237947123 0.036 0.03576982892690513
0 0.4573333333333333 0.7426127527216174 0.037333333333333336 0.03576982892690513
0 0.406 0.7457231726283048 0.03333333333333333 0.03265940902021773
0 0.6086666666666667 0.5233281493001555 0.028 0.029548989113530325
0 0.126 0.3740279937791602 0.036 0.03576982892690513
0 0.5433333333333333 0.3390357698289269 0.030666666666666665 0.03110419906687403
0 0.23933333333333334 0.5956454121306376 0.036 0.03110419906687403
0 0.868 0.5590979782270606 0.037333333333333336 0.03576982892690513
0 0.18333333333333332 0.8141524105754276 0.036 0.038880248833592534
0 0.868 0.5233281493001555 0.037333333333333336 0.038880248833592534
0 0.6486666666666666 0.8499222395023328 0.03333333333333333 0.029548989113530325
0 0.128 0.6345256609642301 0.037333333333333336 0.03732503888024884
0 0.3486666666666667 0.8530326594090202 0.036 0.03576982892690513
0 0.18333333333333332 0.8506998444790047 0.036 0.03421461897356143
0 0.7593333333333333 0.3048211508553655 0.036 0.03421461897356143
0 0.12733333333333333 0.7441679626749611 0.036 0.038880248833592534
0 0.18466666666666667 0.33981337480559876 0.036 0.03576982892690513
0 0.6493333333333333 0.8172628304821151 0.034666666666666665 0.03265940902021773
0 0.868 0.6321928460342147 0.034666666666666665 0.03265940902021773
0 0.582 0.7783825816485226 0.028 0.03576982892690513
0 0.128 0.671850699844479 0.037333333333333336 0.03732503888024884
0 0.5 0.25427682737169516 0.032 0.03265940902021773
0 0.868 0.3421461897356143 0.037333333333333336 0.03732503888024884
0 0.18466666666666667 0.37558320373250387 0.03333333333333333 0.03265940902021773
0 0.23933333333333334 0.890357698289269 0.036 0.03576982892690513
0 0.352 0.3390357698289269 0.032 0.03421461897356143
0 0.5046666666666667 0.7752721617418351 0.02266666666666667 0.026438569206842923
0 0.29533333333333334 0.8180404354587869 0.03866666666666667 0.03732503888024884
0 0.23866666666666667 0.6314152410575428 0.037333333333333336 0.04043545878693624
0 0.8666666666666667 0.885692068429238 0.034666666666666665 0.03576982892690513
0 0.3526666666666667 0.2667185069984448 0.036 0.02332814930015552
0 0.54 0.885692068429238 0.037333333333333336 0.02332814930015552
0 0.49866666666666665 0.43157076205287714 0.02666666666666667 0.03265940902021773
0 0.5446666666666666 0.26594090202177295 0.03333333333333333 0.02177293934681182
0 0.5 0.28615863141524106 0.032 0.03110419906687403
0 0.7053333333333334 0.4152410575427683 0.037333333333333336 0.03732503888024884
0 0.65 0.5972006220839814 0.036 0.03732503888024884
0 0.4053333333333333 0.4144634525660964 0.037333333333333336 0.038880248833592534
0 0.45866666666666667 0.343701399688958 0.034666666666666665 0.03732503888024884
0 0.5946666666666667 0.37791601866251945 0.037333333333333336 0.03732503888024884
0 0.5006666666666667 0.23561430793157076 0.030666666666666665 0.006220839813374806
0 0.3506666666666667 0.8911353032659409 0.037333333333333336 0.04043545878693624
0 0.5433333333333333 0.37558320373250387 0.036 0.038880248833592534
0 0.29533333333333334 0.8926905132192846 0.03333333333333333 0.04043545878693624
0 0.5013333333333333 0.36158631415241055 0.032 0.041990668740279936
0 0.5 0.3965785381026439 0.029333333333333333 0.03110419906687403
0 0.76 0.5598755832037325 0.037333333333333336 0.03421461897356143
0 0.406 0.7091757387247278 0.036 0.03732503888024884
0 0.6093333333333333 0.6345256609642301 0.029333333333333333 0.03732503888024884
0 0.4066666666666667 0.5606531881804043 0.037333333333333336 0.03576982892690513
0 0.6506666666666666 0.5233281493001555 0.037333333333333336 0.038880248833592534
0 0.18466666666666667 0.4144634525660964 0.03866666666666667 0.041990668740279936
0 0.6513333333333333 0.4860031104199067 0.036 0.03265940902021773
0 0.65 0.6687402799377916 0.03333333333333333 0.03732503888024884
0 0.5433333333333333 0.4144634525660964 0.036 0.03576982892690513
0 0.35 0.6345256609642301 0.036 0.03732503888024884
0 0.7593333333333333 0.4144634525660964 0.036 0.03576982892690513
0 0.184 0.5972006220839814 0.037333333333333336 0.03732503888024884
0 0.7586666666666667 0.5233281493001555 0.034666666666666665 0.03576982892690513
0 0.29533333333333334 0.4121306376360809 0.036 0.03732503888024884
0 0.718 0.5972006220839814 0.028 0.03421461897356143
0 0.5966666666666667 0.30326594090202175 0.036 0.03732503888024884
0 0.7186666666666667 0.5583203732503889 0.02666666666666667 0.03421461897356143
0 0.65 0.45023328149300157 0.036 0.03265940902021773
0 0.7586666666666667 0.4860031104199067 0.034666666666666665 0.03576982892690513
0 0.5413333333333333 0.7799377916018663 0.034666666666666665 0.03576982892690513
0 0.7046666666666667 0.37791601866251945 0.036 0.03421461897356143
0 0.8146666666666667 0.5217729393468118 0.034666666666666665 0.03576982892690513
0 0.6493333333333333 0.7799377916018663 0.032 0.03576982892690513
0 0.23933333333333334 0.7068429237947123 0.036 0.038880248833592534
0 0.4573333333333333 0.41368584758942456 0.034666666666666665 0.03732503888024884
0 0.542 0.666407465007776 0.03333333333333333 0.03576982892690513
0 0.2946666666666667 0.5606531881804043 0.037333333333333336 0.03576982892690513
0 0.6493333333333333 0.8849144634525661 0.034666666666666665 0.03732503888024884
0 0.5433333333333333 0.5598755832037325 0.036 0.03421461897356143
0 0.7593333333333333 0.6679626749611197 0.036 0.03576982892690513
0 0.61 0.5972006220839814 0.028 0.03421461897356143
0 0.4053333333333333 0.4867807153965785 0.037333333333333336 0.03732503888024884
0 0.65 0.7433903576982893 0.03333333333333333 0.03421461897356143
0 0.406 0.30326594090202175 0.036 0.03732503888024884
0 0.596 0.3405909797822706 0.037333333333333336 0.03421461897356143
0 0.65 0.41368584758942456 0.03866666666666667 0.03421461897356143
0 0.3506666666666667 0.5598755832037325 0.037333333333333336 0.03421461897356143
0 0.7053333333333334 0.3024883359253499 0.034666666666666665 0.03576982892690513
0 0.6093333333333333 0.7076205287713841 0.029333333333333333 0.03421461897356143
0 0.5426666666666666 0.7418351477449455 0.037333333333333336 0.03732503888024884
0 0.4046666666666667 0.5972006220839814 0.036 0.03421461897356143
0 0.4573333333333333 0.45178849144634525 0.034666666666666665 0.03576982892690513
0 0.6493333333333333 0.5614307931570762 0.034666666666666665 0.03421461897356143
0 0.45866666666666667 0.6329704510108864 0.037333333333333336 0.03732503888024884
0 0.4046666666666667 0.6337480559875583 0.036 0.03576982892690513
0 0.61 0.8149300155520995 0.028 0.03421461897356143
0 0.4593333333333333 0.3048211508553655 0.03333333333333333 0.03421461897356143
0 0.23933333333333334 0.374805598755832 0.036 0.03732503888024884
0 0.7593333333333333 0.7441679626749611 0.036 0.03576982892690513
0 0.814 0.6695178849144634 0.036 0.03576982892690513
0 0.76 0.37791601866251945 0.037333333333333336 0.03421461897356143
0 0.6086666666666667 0.48755832037325036 0.028 0.03576982892690513
0 0.294 0.7441679626749611 0.036 0.03265940902021773
0 0.238 0.7791601866251944 0.036 0.03421461897356143
0 0.76 0.7060653188180405 0.034666666666666665 0.03421461897356143
0 0.868 0.41368584758942456 0.037333333333333336 0.03421461897356143
0 0.542 0.6306376360808709 0.036 0.02332814930015552
0 0.2946666666666667 0.6337480559875583 0.037333333333333336 0.03576982892690513
0 0.868 0.8506998444790047 0.037333333333333336 0.03732503888024884
0 0.7053333333333334 0.34136858475894244 0.034666666666666665 0.038880248833592534
0 0.458 0.8499222395023328 0.036 0.03576982892690513
0 0.5013333333333333 0.2192846034214619 0.032 0.027993779160186624
0 0.7186666666666667 0.5241057542768274 0.02666666666666667 0.027993779160186624
0 0.692 0.6314152410575428 0.02666666666666667 0.03421461897356143
0 0.126 0.4510108864696734 0.03866666666666667 0.03421461897356143
0 0.12733333333333333 0.8157076205287714 0.036 0.029548989113530325
0 0.29533333333333334 0.8553654743390358 0.036 0.03110419906687403
0 0.128 0.557542768273717 0.037333333333333336 0.03265940902021773
0 0.5013333333333333 0.18973561430793157 0.032 0.027993779160186624
0 0.6933333333333334 0.5248833592534993 0.024 0.029548989113530325
0 0.12733333333333333 0.8895800933125972 0.03866666666666667 0.03110419906687403
0 0.296 0.33981337480559876 0.034666666666666665 0.03576982892690513
0 0.238 0.854587869362364 0.036 0.03576982892690513
0 0.128 0.48522550544323484 0.037333333333333336 0.03110419906687403
0 0.8133333333333334 0.8864696734059098 0.037333333333333336 0.03421461897356143
0 0.868 0.812597200622084 0.037333333333333336 0.03576982892690513
0 0.24 0.33981337480559876 0.034666666666666665 0.03265940902021773
0 0.582 0.4867807153965785 0.025333333333333333 0.03421461897356143
0 0.12733333333333333 0.5217729393468118 0.03866666666666667 0.03576982892690513
0 0.6906666666666667 0.7783825816485226 0.02666666666666667 0.03265940902021773
0 0.6086666666666667 0.45023328149300157 0.028 0.029548989113530325
0 0.128 0.7076205287713841 0.037333333333333336 0.03421461897356143
0 0.8133333333333334 0.8506998444790047 0.037333333333333336 0.03421461897356143
0 0.128 0.8522550544323484 0.037333333333333336 0.04043545878693624
0 0.3486666666666667 0.8164852255054432 0.03333333333333333 0.03732503888024884
0 0.5406666666666666 0.8530326594090202 0.03333333333333333 0.03265940902021773
0 0.184 0.3001555209953344 0.034666666666666665 0.03421461897356143
0 0.6386666666666667 0.33981337480559876 0.024 0.03265940902021773
0 0.12666666666666668 0.7807153965785381 0.037333333333333336 0.03421461897356143
0 0.45866666666666667 0.8864696734059098 0.034666666666666665 0.03732503888024884
0 0.7186666666666667 0.8141524105754276 0.02666666666666667 0.03265940902021773
0 0.18333333333333332 0.6329704510108864 0.03333333333333333 0.03421461897356143
0 0.6906666666666667 0.8872472783825817 0.029333333333333333 0.03265940902021773
0 0.718 0.885692068429238 0.028 0.03265940902021773
0 0.18333333333333332 0.7776049766718507 0.036 0.03110419906687403
0 0.18466666666666667 0.4510108864696734 0.03333333333333333 0.03110419906687403
0 0.814 0.3405909797822706 0.036 0.03421461897356143
0 0.7593333333333333 0.3405909797822706 0.036 0.03732503888024884
0 0.868 0.7776049766718507 0.037333333333333336 0.03421461897356143
0 0.29533333333333334 0.4494556765163297 0.036 0.03421461897356143
0 0.6106666666666667 0.5598755832037325 0.02666666666666667 0.03110419906687403
0 0.718 0.8506998444790047 0.028 0.03110419906687403
0 0.7586666666666667 0.6314152410575428 0.034666666666666665 0.03110419906687403
0 0.6913333333333334 0.5956454121306376 0.025333333333333333 0.03421461897356143
0 0.6906666666666667 0.8522550544323484 0.02666666666666667 0.03421461897356143
0 0.868 0.7418351477449455 0.037333333333333336 0.03732503888024884
0 0.458 0.5598755832037325 0.03333333333333333 0.03110419906687403
0 0.6913333333333334 0.8149300155520995 0.030666666666666665 0.03421461897356143
0 0.12666666666666668 0.4129082426127527 0.037333333333333336 0.038880248833592534
0 0.7193333333333334 0.6329704510108864 0.028 0.03110419906687403
0 0.814 0.7783825816485226 0.036 0.03265940902021773
0 0.23733333333333334 0.8157076205287714 0.037333333333333336 0.038880248833592534
0 0.8146666666666667 0.30404354587869364 0.034666666666666665 0.038880248833592534
0 0.5833333333333334 0.45023328149300157 0.02266666666666667 0.029548989113530325
0 0.45866666666666667 0.8164852255054432 0.034666666666666665 0.03421461897356143
0 0.582 0.5241057542768274 0.025333333333333333 0.03110419906687403
0 0.458 0.5241057542768274 0.03333333333333333 0.03421461897356143
0 0.184 0.5217729393468118 0.032 0.03265940902021773
0 0.868 0.3048211508553655 0.037333333333333336 0.03732503888024884
0 0.692 0.7052877138413686 0.029333333333333333 0.03265940902021773
0 0.7053333333333334 0.484447900466563 0.034666666666666665 0.03265940902021773
0 0.35133333333333333 0.37791601866251945 0.03333333333333333 0.03421461897356143
0 0.8146666666666667 0.5590979782270606 0.034666666666666665 0.03576982892690513
0 0.128 0.5940902021772939 0.037333333333333336 0.03732503888024884
0 0.5813333333333334 0.6702954898911353 0.02666666666666667 0.03421461897356143
0 0.65 0.6329704510108864 0.03333333333333333 0.03421461897356143
0 0.814 0.7060653188180405 0.036 0.03732503888024884
0 0.8126666666666666 0.8133748055987559 0.03866666666666667 0.03732503888024884
0 0.23933333333333334 0.5225505443234837 0.036 0.03421461897356143
0 0.4066666666666667 0.3421461897356143 0.037333333333333336 0.03421461897356143
0 0.758 0.7799377916018663 0.036 0.03576982892690513
0 0.7186666666666667 0.6695178849144634 0.02666666666666667 0.03265940902021773
0 0.18333333333333332 0.8888024883359253 0.03866666666666667 0.038880248833592534
0 0.5826666666666667 0.5583203732503889 0.02666666666666667 0.03421461897356143
0 0.6913333333333334 0.6695178849144634 0.028 0.03576982892690513
0 0.24 0.45023328149300157 0.037333333333333336 0.03576982892690513
0 0.5413333333333333 0.8164852255054432 0.037333333333333336 0.03732503888024884
0 0.61 0.7433903576982893 0.028 0.03421461897356143
0 0.35 0.7783825816485226 0.036 0.03576982892690513
0 0.35 0.5233281493001555 0.036 0.03576982892690513
0 0.8686666666666667 0.4867807153965785 0.036 0.03421461897356143
0 0.45866666666666667 0.37947122861586313 0.032 0.03110419906687403
0 0.24 0.3009331259720062 0.034666666666666665 0.041990668740279936
0 0.4053333333333333 0.6710730948678072 0.034666666666666665 0.03576982892690513
0 0.128 0.3009331259720062 0.037333333333333336 0.041990668740279936
0 0.23933333333333334 0.5598755832037325 0.036 0.04043545878693624
0 0.18466666666666667 0.5598755832037325 0.03333333333333333 0.03421461897356143
0 0.18333333333333332 0.6687402799377916 0.036 0.03732503888024884
0 0.4066666666666667 0.7838258164852255 0.037333333333333336 0.04043545878693624
0 0.458 0.6702954898911353 0.036 0.03421461897356143
0 0.5413333333333333 0.5956454121306376 0.034666666666666665 0.03421461897356143
0 0.18333333333333332 0.744945567651633 0.03866666666666667 0.03732503888024884
0 0.5426666666666666 0.4867807153965785 0.034666666666666665 0.03110419906687403
0 0.8673333333333333 0.6679626749611197 0.036 0.038880248833592534
0 0.4573333333333333 0.48755832037325036 0.034666666666666665 0.03265940902021773
0 0.758 0.5972006220839814 0.03333333333333333 0.03732503888024884
0 0.23866666666666667 0.6710730948678072 0.034666666666666665 0.03265940902021773
0 0.3506666666666667 0.7060653188180405 0.034666666666666665 0.03421461897356143
0 0.2946666666666667 0.7799377916018663 0.037333333333333336 0.03576982892690513
0 0.814 0.6321928460342147 0.036 0.03576982892690513
0 0.8133333333333334 0.4129082426127527 0.034666666666666665 0.03576982892690513
0 0.8126666666666666 0.45023328149300157 0.03333333333333333 0.03576982892690513
0 0.692 0.7426127527216174 0.029333333333333333 0.03576982892690513
0 0.2946666666666667 0.5217729393468118 0.037333333333333336 0.038880248833592534
0 0.6486666666666666 0.7060653188180405 0.03333333333333333 0.03732503888024884
0 0.7046666666666667 0.45023328149300157 0.036 0.03265940902021773
0 0.23933333333333334 0.4129082426127527 0.036 0.03576982892690513
0 0.296 0.374805598755832 0.034666666666666665 0.03421461897356143
0 0.5433333333333333 0.5233281493001555 0.036 0.03576982892690513
0 0.582 0.7418351477449455 0.028 0.03421461897356143
0 0.5426666666666666 0.4525660964230171 0.034666666666666665 0.03732503888024884
0 0.4046666666666667 0.45178849144634525 0.036 0.03265940902021773
0 0.35133333333333333 0.48755832037325036 0.036 0.03576982892690513
0 0.35 0.5956454121306376 0.036 0.03421461897356143
0 0.8146666666666667 0.4867807153965785 0.037333333333333336 0.03421461897356143
0 0.4053333333333333 0.5241057542768274 0.037333333333333336 0.03421461897356143
0 0.7593333333333333 0.4494556765163297 0.036 0.03421461897356143
0 0.868 0.5956454121306376 0.037333333333333336 0.03732503888024884
0 0.814 0.7433903576982893 0.03866666666666667 0.03732503888024884
0 0.2946666666666667 0.6710730948678072 0.037333333333333336 0.03576982892690513
0 0.296 0.30171073094867806 0.034666666666666665 0.03732503888024884
0 0.4053333333333333 0.37636080870917576 0.034666666666666665 0.03421461897356143
0 0.2946666666666667 0.7083981337480559 0.037333333333333336 0.03576982892690513